           -19.95000             0.00000
           -19.85000             0.00000
           -19.75000             0.00000
           -19.65000             0.00000
           -19.55000             0.00000
           -19.45000             0.00000
           -19.35000             0.00000
           -19.25000             0.00000
           -19.15000             0.00000
           -19.05000             0.00000
           -18.95000             0.00000
           -18.85000             0.00000
           -18.75000             0.00000
           -18.65000             0.00000
           -18.55000             0.00000
           -18.45000             0.00000
           -18.35000             0.00000
           -18.25000             0.00000
           -18.15000             0.00000
           -18.05000             0.00000
           -17.95000             0.00000
           -17.85000             0.00000
           -17.75000             0.00000
           -17.65000             0.00000
           -17.55000             0.00000
           -17.45000             0.00000
           -17.35000             0.00000
           -17.25000             0.00000
           -17.15000             0.00000
           -17.05000             0.00000
           -16.95000             0.00000
           -16.85000             0.00000
           -16.75000             0.00000
           -16.65000             0.00000
           -16.55000             0.00000
           -16.45000             0.00000
           -16.35000             0.00000
           -16.25000             0.00000
           -16.15000             0.00000
           -16.05000             0.00000
           -15.95000             0.00000
           -15.85000             0.00000
           -15.75000             0.00000
           -15.65000             0.00000
           -15.55000             0.00000
           -15.45000             0.00000
           -15.35000             0.00000
           -15.25000             0.00000
           -15.15000             0.00000
           -15.05000             0.00000
           -14.95000             0.00000
           -14.85000             0.00000
           -14.75000             0.00000
           -14.65000             0.00000
           -14.55000             0.00000
           -14.45000             0.00000
           -14.35000             0.00000
           -14.25000             0.00000
           -14.15000             0.00000
           -14.05000             0.00000
           -13.95000             0.00000
           -13.85000             0.00000
           -13.75000             0.00000
           -13.65000             0.00000
           -13.55000             0.00000
           -13.45000             0.00000
           -13.35000             0.00000
           -13.25000             0.00000
           -13.15000             0.00000
           -13.05000             0.00000
           -12.95000             0.00000
           -12.85000             0.00000
           -12.75000             0.00000
           -12.65000             0.00000
           -12.55000             0.00000
           -12.45000             0.00000
           -12.35000             0.00000
           -12.25000             0.00000
           -12.15000             0.00000
           -12.05000             0.00000
           -11.95000             0.00000
           -11.85000             0.00000
           -11.75000             0.00000
           -11.65000             0.00000
           -11.55000             0.00000
           -11.45000             0.00000
           -11.35000             0.00000
           -11.25000             0.00000
           -11.15000             0.00000
           -11.05000             0.00000
           -10.95000             0.00000
           -10.85000             0.00000
           -10.75000             0.00000
           -10.65000             0.00000
           -10.55000             0.00000
           -10.45000             0.00000
           -10.35000             0.00000
           -10.25000             0.00000
           -10.15000             0.00000
           -10.05000             0.00000
            -9.95000             0.00000
            -9.85000             0.00000
            -9.75000             0.00000
            -9.65000             0.00000
            -9.55000             0.00000
            -9.45000             0.00000
            -9.35000             0.00000
            -9.25000             0.00000
            -9.15000             0.00000
            -9.05000             0.00000
            -8.95000             0.00000
            -8.85000             0.00000
            -8.75000             0.00000
            -8.65000             0.00000
            -8.55000             0.00000
            -8.45000             0.00000
            -8.35000             0.00000
            -8.25000             0.00000
            -8.15000             0.00000
            -8.05000             0.00000
            -7.95000             0.00000
            -7.85000             0.00000
            -7.75000             0.00000
            -7.65000             0.00000
            -7.55000             0.00000
            -7.45000             0.00000
            -7.35000             0.00000
            -7.25000             0.00000
            -7.15000             0.00000
            -7.05000             0.00000
            -6.95000             0.00000
            -6.85000             0.00000
            -6.75000             0.00000
            -6.65000             0.00000
            -6.55000             0.00000
            -6.45000             0.00000
            -6.35000             0.00000
            -6.25000             0.00000
            -6.15000             0.00000
            -6.05000             0.00000
            -5.95000             0.00000
            -5.85000             0.00000
            -5.75000             0.00000
            -5.65000             0.00000
            -5.55000             0.00000
            -5.45000             0.00000
            -5.35000             0.00000
            -5.25000             0.00000
            -5.15000             0.00000
            -5.05000             0.00000
            -4.95000             0.00000
            -4.85000             0.00000
            -4.75000             0.00000
            -4.65000             0.00000
            -4.55000             0.00000
            -4.45000             0.00000
            -4.35000             0.00000
            -4.25000             0.00000
            -4.15000             0.00000
            -4.05000             0.00000
            -3.95000             0.00000
            -3.85000             0.00000
            -3.75000             0.00000
            -3.65000             0.00000
            -3.55000             0.00000
            -3.45000             0.00000
            -3.35000             0.00000
            -3.25000             0.00000
            -3.15000             0.00000
            -3.05000             0.00000
            -2.95000             0.00000
            -2.85000             0.00000
            -2.75000             0.00000
            -2.65000             0.00000
            -2.55000             0.00000
            -2.45000             0.00000
            -2.35000             0.00000
            -2.25000             0.00000
            -2.15000             0.00000
            -2.05000             0.00000
            -1.95000             0.00000
            -1.85000             0.00000
            -1.75000             0.00000
            -1.65000             0.00000
            -1.55000             0.00000
            -1.45000             0.00000
            -1.35000             0.00000
            -1.25000             0.00000
            -1.15000             0.00000
            -1.05000             0.00000
            -0.95000             0.00000
            -0.85000             0.00000
            -0.75000             0.00000
            -0.65000             0.00000
            -0.55000             0.00000
            -0.45000             0.00000
            -0.35000             0.00000
            -0.25000             0.00000
            -0.15000             0.00000
            -0.05000             0.00000
             0.05000             0.00005
             0.15000             0.00067
             0.25000             0.00136
             0.35000             0.00229
             0.45000             0.00427
             0.55000             0.00613
             0.65000             0.00844
             0.75000             0.01188
             0.85000             0.01486
             0.95000             0.01822
             1.05000             0.02113
             1.15000             0.02466
             1.25000             0.03110
             1.35000             0.03714
             1.45000             0.05520
             1.55000             0.06581
             1.65000             0.07650
             1.75000             0.09202
             1.85000             0.10972
             1.95000             0.13589
             2.05000             0.15373
             2.15000             0.15676
             2.25000             0.20184
             2.35000             0.20203
             2.45000             0.18331
             2.55000             0.10469
             2.65000             0.11225
             2.75000             0.12599
             2.85000             0.09589
             2.95000             0.09470
             3.05000             0.12339
             3.15000             0.13668
             3.25000             0.14195
             3.35000             0.12544
             3.45000             0.13119
             3.55000             0.16031
             3.65000             0.15781
             3.75000             0.15791
             3.85000             0.13603
             3.95000             0.08895
             4.05000             0.09081
             4.15000             0.09152
             4.25000             0.06622
             4.35000             0.06323
             4.45000             0.04418
             4.55000             0.00000
             4.65000             0.00000
             4.75000             0.00000
             4.85000             0.00000
             4.95000             0.00000
             5.05000             0.00000
             5.15000             0.00000
             5.25000             0.00000
             5.35000             0.00000
             5.45000             0.00000
             5.55000             0.00000
             5.65000             0.00000
             5.75000             0.00000
             5.85000             0.00000
             5.95000             0.00000
             6.05000             0.00000
             6.15000             0.00000
             6.25000             0.00000
             6.35000             0.00000
             6.45000             0.00000
             6.55000             0.00000
             6.65000             0.00000
             6.75000             0.00000
             6.85000             0.00000
             6.95000             0.00000
             7.05000             0.00000
             7.15000             0.00000
             7.25000             0.00000
             7.35000             0.00000
             7.45000             0.00000
             7.55000             0.00000
             7.65000             0.00000
             7.75000             0.00000
             7.85000             0.00000
             7.95000             0.00000
             8.05000             0.00000
             8.15000             0.00000
             8.25000             0.00000
             8.35000             0.00000
             8.45000             0.00000
             8.55000             0.00000
             8.65000             0.00000
             8.75000             0.00000
             8.85000             0.00000
             8.95000             0.00000
             9.05000             0.00000
             9.15000             0.00000
             9.25000             0.00000
             9.35000             0.00000
             9.45000             0.00000
             9.55000             0.00000
             9.65000             0.00000
             9.75000             0.00000
             9.85000             0.00000
             9.95000             0.00000
            10.05000             0.00000
            10.15000             0.00000
            10.25000             0.00000
            10.35000             0.05255
            10.45000             0.12671
            10.55000             0.14378
            10.65000             0.10364
            10.75000             0.08532
            10.85000             0.06166
            10.95000             0.04983
            11.05000             0.02054
            11.15000             0.00000
            11.25000             0.00000
            11.35000             0.00000
            11.45000             0.00000
            11.55000             0.00000
            11.65000             0.00000
            11.75000             0.00000
            11.85000             0.00000
            11.95000             0.00000
            12.05000             0.00000
            12.15000             0.00000
            12.25000             0.00000
            12.35000             0.03039
            12.45000             0.05610
            12.55000             0.07633
            12.65000             0.11161
            12.75000             0.09229
            12.85000             0.11993
            12.95000             0.10300
            13.05000             0.05438
            13.15000             0.00000
            13.25000             0.00000
            13.35000             0.00000
            13.45000             0.00000
            13.55000             0.00000
            13.65000             0.00000
            13.75000             0.00000
            13.85000             0.00000
            13.95000             0.00000
            14.05000             0.00000
            14.15000             0.00000
            14.25000             0.00000
            14.35000             0.00000
            14.45000             0.00000
            14.55000             0.00000
            14.65000             0.00000
            14.75000             0.00000
            14.85000             0.00000
            14.95000             0.00000
            15.05000             0.00000
            15.15000             0.00000
            15.25000             0.00000
            15.35000             0.00000
            15.45000             0.00000
            15.55000             0.00000
            15.65000             0.00000
            15.75000             0.00000
            15.85000             0.00000
            15.95000             0.00000
            16.05000             0.00000
            16.15000             0.00000
            16.25000             0.00000
            16.35000             0.00000
            16.45000             0.00000
            16.55000             0.00000
            16.65000             0.00000
            16.75000             0.00000
            16.85000             0.00000
            16.95000             0.00000
            17.05000             0.00000
            17.15000             0.00000
            17.25000             0.00000
            17.35000             0.00000
            17.45000             0.00000
            17.55000             0.00000
            17.65000             0.00000
            17.75000             0.00000
            17.85000             0.00000
            17.95000             0.00000
            18.05000             0.00000
            18.15000             0.00365
            18.25000             0.03816
            18.35000             0.08041
            18.45000             0.18514
            18.55000             0.25723
            18.65000             0.07626
            18.75000             0.00317
            18.85000             0.00000
            18.95000             0.00000
            19.05000             0.00000
            19.15000             0.00000
            19.25000             0.00000
            19.35000             0.00000
            19.45000             0.00000
            19.55000             0.00000
            19.65000             0.00000
            19.75000             0.00000
            19.85000             0.00000
            19.95000             0.00000
            20.05000             0.00000
            20.15000             0.00000
            20.25000             0.00000
            20.35000             0.00000
            20.45000             0.00000
            20.55000             0.00000
            20.65000             0.00000
            20.75000             0.00000
            20.85000             0.09408
            20.95000             0.28776
            21.05000             0.15375
            21.15000             0.10125
            21.25000             0.00718
            21.35000             0.00000
            21.45000             0.00000
            21.55000             0.00000
            21.65000             0.00000
            21.75000             0.00000
            21.85000             0.00000
            21.95000             0.00000
            22.05000             0.00000
            22.15000             0.00000
            22.25000             0.00000
            22.35000             0.00000
            22.45000             0.00000
            22.55000             0.12516
            22.65000             0.37389
            22.75000             0.14498
            22.85000             0.00000
            22.95000             0.00000
            23.05000             0.00000
            23.15000             0.00000
            23.25000             0.00000
            23.35000             0.00000
            23.45000             0.00000
            23.55000             0.00000
            23.65000             0.00000
            23.75000             0.00000
            23.85000             0.00000
            23.95000             0.00000
            24.05000             0.00000
            24.15000             0.00000
            24.25000             0.00825
            24.35000             0.03533
            24.45000             0.04205
            24.55000             0.04589
            24.65000             0.05088
            24.75000             0.06373
            24.85000             0.08878
            24.95000             0.08601
            25.05000             0.05768
            25.15000             0.04632
            25.25000             0.04181
            25.35000             0.03509
            25.45000             0.03170
            25.55000             0.01050
            25.65000             0.00000
            25.75000             0.00000
            25.85000             0.00000
            25.95000             0.00000
            26.05000             0.00000
            26.15000             0.00000
            26.25000             0.00000
            26.35000             0.00000
            26.45000             0.00000
            26.55000             0.00000
            26.65000             0.00000
            26.75000             0.00000
            26.85000             0.00000
            26.95000             0.00000
            27.05000             0.00000
            27.15000             0.00000
            27.25000             0.00000
            27.35000             0.00000
            27.45000             0.00000
            27.55000             0.00000
            27.65000             0.00000
            27.75000             0.00000
            27.85000             0.00000
            27.95000             0.00000
            28.05000             0.00000
            28.15000             0.00000
            28.25000             0.05768
            28.35000             0.15645
            28.45000             0.11872
            28.55000             0.14538
            28.65000             0.13768
            28.75000             0.02812
            28.85000             0.00000
            28.95000             0.00000
            29.05000             0.00000
            29.15000             0.00000
            29.25000             0.00000
            29.35000             0.00000
            29.45000             0.00000
            29.55000             0.13689
            29.65000             0.24645
            29.75000             0.59451
            29.85000             0.30756
            29.95000             0.34229
