#  T(K)     E(eV/cell)    F(eV/cell)    Fc(eV/cell)   S(kB/cell)    Cv(kB/cell)
   10.00    4.14450792    4.14446371    0.23824176    0.05130519    0.15942995
   20.00    4.14506644    4.14428423    0.40480611    0.45385863    1.35614365
   30.00    4.14708130    4.14352851    0.54431629    1.37427531    3.36475204
   40.00    4.15083564    4.14182432    0.66625743    2.61428390    5.29346741
   50.00    4.15608897    4.13899109    0.77513437    3.96823030    6.83039262
   60.00    4.16250068    4.13498596    0.87360037    5.32155093    7.99685491
   70.00    4.16979439    4.12983429    0.96340865    6.62449857    8.89472832
   80.00    4.17777996    4.12358806    1.04580526    7.86083924    9.61555969
   90.00    4.18633440    4.11630584    1.12172190    9.02936401   10.22359647
  100.00    4.19537983    4.10804429    1.19188174   10.13480652   10.76057846
  110.00    4.20486744    4.09885496    1.25686249   11.18378440   11.25348706
  120.00    4.21476753    4.08878355    1.31713635   12.18312106   11.72038284
  130.00    4.22506346    4.07787004    1.37309652   13.13921786   12.17397692
  140.00    4.23574799    4.06614916    1.42507550   14.05786215   12.62361007
  150.00    4.24682086    4.05365091    1.47335818   14.94420359   13.07629926
  160.00    4.25828709    4.04040113    1.51819133   15.80278841   13.53729480
  170.00    4.27015557    4.02642199    1.55979087   16.63760914   14.01040256
  180.00    4.28243793    4.01173241    1.59834721   17.45215523   14.49820346
  190.00    4.29514756    3.99634854    1.63402962   18.24946049   15.00223167
  200.00    4.30829878    3.98028408    1.66698948   19.03214716   15.52313646
  210.00    4.32190616    3.96355062    1.69736305   19.80246678   16.06083493
  220.00    4.33598390    3.94615798    1.72527359   20.56233847   16.61465548
  230.00    4.35054545    3.92811443    1.75083311   21.31338492   17.18346998
  240.00    4.36560311    3.90942699    1.77414391   22.05696592   17.76581235
  250.00    4.38116782    3.89010158    1.79529975   22.79420975   18.35998229
  260.00    4.39724899    3.87014324    1.81438685   23.52604201   18.96413384
  270.00    4.41385439    3.84955632    1.83148484   24.25321226   19.57634895
  280.00    4.43099014    3.82834455    1.84666742   24.97631805   20.19469740
  290.00    4.44866070    3.80651124    1.86000302   25.69582676   20.81728403
  300.00    4.46686894    3.78405931    1.87155536   26.41209505   21.44228501
