#  T(K)     E(eV/cell)    F(eV/cell)    Fc(eV/cell)   S(kB/cell)    Cv(kB/cell)
   10.00   10.80778639   10.80759341    0.58270633    0.22394149    0.68232893
   20.00   10.80974433   10.80689132    0.99338691    1.65538031    4.30448699
   30.00   10.81551252   10.80438519    1.33913743    4.30421975    9.04150749
   40.00   10.82507491   10.79932811    1.64272230    7.46943444   12.96079991
   50.00   10.83753132   10.79150046    1.91495306   10.68325527   15.78438422
   60.00   10.85204166   10.78095991    2.16219759   13.74774090   17.78145165
   70.00   10.86802573   10.76786683    2.38866357   16.60412443   19.24807808
   80.00   10.88512594   10.75240310    2.59734156   19.25219083   20.40112103
   90.00   10.90313764   10.73473997    2.79046761   21.71291031   21.38199579
  100.00   10.92195353   10.71502764    2.96977733   24.01260690   22.27894267
  110.00   10.94152662   10.69339369    3.13665725   26.17677759   23.14643434
  120.00   10.96184729   10.66994496    3.29224063   28.22804359   24.01841070
  130.00   10.98292935   10.64477015    3.43747116   30.18577499   24.91641106
  140.00   11.00480165   10.61794261    3.57314683   32.06632464   25.85429239
  150.00   11.02750266   10.58952277    3.69995136   33.88343074   26.84088470
  160.00   11.05107684   10.55956019    3.81847705   35.64862012   27.88148234
  170.00   11.07557204   10.52809531    3.92924205   37.37155891   28.97871518
  180.00   11.10103743   10.49516096    4.03270339   39.06034286   30.13310648
  190.00   11.12752186   10.46078356    4.12926728   40.72173462   31.34347924
  200.00   11.15507256   10.42498422    4.21929707   42.36135892   32.60728913
  210.00   11.18373409   10.38777963    4.30311976   43.98386535   33.92091761
  220.00   11.21354753   10.34918285    4.38103115   45.59306607   35.27993653
  230.00   11.24454986   10.30920396    4.45330013   47.19205425   36.67934609
  240.00   11.27677361   10.26785064    4.52017217   48.78330667   38.11378515
  250.00   11.31024657   10.22512870    4.58187228   50.36877350   39.57771248
  260.00   11.34499176   10.18104244    4.63860746   51.94995693   41.06555891
  270.00   11.38102742   10.13559504    4.69056875   53.52798021   42.57185127
  280.00   11.41836715   10.08878886    4.73793305   55.10364810   44.09131005
  290.00   11.45702012   10.04062568    4.78086461   56.67749978   45.61892341
  300.00   11.49699131    9.99110692    4.81951634   58.24985490   47.15000052
