10
1  0.00082621  0.00000000  0.00000000
     0.07809515      0.01526726     -0.08408470
     0.00000093      0.00001914     -0.00002367
     0.00001072      0.00000866     -0.00000692
    -0.00001034     -0.00000071      0.00002143
     0.00001723      0.00010701      0.00004136
    -0.00000170      0.00000847      0.00000341
     0.00001780      0.00002459      0.00000496
     0.00001317     -0.00001645      0.00000115
     0.00032110      0.00003642     -0.00006242
     0.00005115      0.00022749      0.00021899
     0.00001302     -0.00004162     -0.00000720
     0.00002714      0.00000394     -0.00000373
     0.00001292     -0.00000441      0.00000744
     0.00001722     -0.00003364      0.00000262
     0.00001409     -0.00001424     -0.00000783
     0.00002871     -0.00001805     -0.00002243
    -0.00007992     -0.00000688      0.00007288
     0.00007561     -0.00002023     -0.00008614
     0.00000251     -0.00003131      0.00003847
     0.00000309      0.00001126     -0.00003379
    -0.00000309      0.00007997     -0.00006313
     0.00001605      0.00000765     -0.00001248
     0.00009402      0.00000110      0.00000749
    -0.00005089      0.00001089      0.00002837
    -0.00117517     -0.00115793      0.00108336
    -0.00000176     -0.00012424     -0.00000968
    -0.00001037      0.00002336     -0.00000406
     0.00000457      0.00000736     -0.00002952
    -0.00005390     -0.00006137     -0.00000375
     0.00007015      0.00001099     -0.00005263
     0.00003201      0.00004630      0.00003660
     0.00001065     -0.00002208     -0.00000982
    -0.00014102      0.00052048     -0.00049234
     0.00002393      0.00002300     -0.00006269
    -0.00004116      0.00004196      0.00002377
    -0.00000150     -0.00000172      0.00000089
     0.00004079     -0.00001095      0.00003292
    -0.00000392     -0.00001263     -0.00003224
     0.00001649      0.00002593     -0.00001259
     0.00002992     -0.00001897      0.00002854
     0.00016311      0.00001327     -0.00003922
     0.00000431      0.00004141     -0.00000285
     0.00002142     -0.00000126     -0.00000241
     0.00002207     -0.00001955     -0.00001743
     0.00006161     -0.00002983     -0.00000974
     0.00000157     -0.00001422     -0.00003311
     0.00005560      0.00001045      0.00001144
    -0.00000704      0.00001379     -0.00001775
     0.00007851      0.00000963      0.00001860
    -0.00031866      0.00022186     -0.00009646
     0.00001166     -0.00001161      0.00000568
     0.00002432     -0.00000122      0.00005943
    -0.00000531     -0.00002870      0.00001004
    -0.00002772      0.00002078     -0.00001308
    -0.00010410     -0.00006985     -0.00002669
    -0.00004444      0.00005916     -0.00008492
     0.00000101      0.00008692     -0.00003689
     0.00003661     -0.00004051     -0.00002502
    -0.00000874     -0.00010879     -0.00000535
     0.00007693      0.00009554      0.00002668
    -0.00001612     -0.00001098     -0.00000142
    -0.00000509     -0.00000613     -0.00000685
    -0.00000377      0.00000064     -0.00002852
     0.00056616      0.00040918     -0.00028653
    -0.00000646     -0.00000196     -0.00002135
    -0.00026055     -0.00005367      0.00017978
    -0.00000161      0.00004575      0.00000309
     0.00007032     -0.00002689      0.00002137
     0.00003172     -0.00001982     -0.00000851
    -0.00005905     -0.00009013      0.00013908
     0.00001206     -0.00000509      0.00002807
     0.00001463     -0.00001811      0.00000823
     0.00689176      0.00461801     -0.00580636
     0.00000204     -0.00001932      0.00000725
    -0.00002126      0.00000739      0.00001448
     0.00000257      0.00002191      0.00002276
    -0.00002234     -0.00000661      0.00002947
    -0.00002511      0.00001460      0.00000424
     0.00000742     -0.00001341      0.00000480
    -0.00000036      0.00001921     -0.00002675
    -0.00001251     -0.00000893     -0.00001932
    -0.00000024     -0.00003135     -0.00000711
    -0.00001530     -0.00000203     -0.00001884
    -0.00011822     -0.00021466      0.00003110
    -0.00004207     -0.00005335     -0.00002853
     0.00007337      0.00003474      0.00001786
     0.00000257     -0.00000439      0.00000211
     0.00003996      0.00006746     -0.00002990
    -0.00005353      0.00014463      0.00017929
     0.00001955     -0.00000024      0.00000156
    -0.00000055     -0.00002073      0.00002993
    -0.00001304     -0.00001840     -0.00002044
    -0.00000789     -0.00000962     -0.00007622
    -0.00001614      0.00002822      0.00000569
     0.00002238     -0.00001620     -0.00002377
     0.00000820      0.00012851     -0.00001206
    -0.06888821     -0.01715979      0.06643121
     0.00004903      0.00000557     -0.00006445
     0.00004140      0.00000613     -0.00004872
    -0.00000019     -0.00000757      0.00001766
    -0.00001421      0.00000200      0.00002666
    -0.00001056      0.00001635      0.00002639
     0.00007176      0.00001559      0.00001975
    -0.00003247      0.00000711     -0.00000430
     0.00062415     -0.00215092      0.00133485
    -0.00022480      0.00004198      0.00008047
     0.00015724     -0.00003934      0.00003438
    -0.00001790     -0.00000943      0.00000417
    -0.00009030      0.00002522      0.00009899
     0.00006385      0.00006193      0.00003336
     0.00002562     -0.00004677     -0.00001893
    -0.00004894     -0.00000109     -0.00008672
    -0.00063443     -0.00000796     -0.00028800
    -0.00008191     -0.00007443     -0.00007574
    -0.00008511      0.00024651     -0.00008050
    -0.00004163      0.00003253      0.00000356
     0.00007485      0.00002273     -0.00000925
    -0.00000024      0.00001207      0.00000894
     0.00015067     -0.00033171      0.00021140
     0.00011917      0.00000521     -0.00011780
    -0.00246669      0.00615773      0.00229861
     0.00006993     -0.00001308     -0.00002873
    -0.00007689      0.00000072      0.00005113
    -0.00011517      0.00006290     -0.00004447
     0.00009520      0.00052761     -0.00012058
    -0.00000588      0.00002037      0.00000972
    -0.00000891     -0.00005474     -0.00001345
     0.00002933      0.00001293      0.00006211
     0.00016404     -0.00009712     -0.00000533
     0.00016286     -0.00036139      0.00024135
    -0.00003475     -0.00012492      0.00000144
    -0.00001025     -0.00011864      0.00008958
    -0.00001098      0.00007105      0.00002605
     0.00198519      0.00105211      0.00126199
    -0.00001021     -0.00001678      0.00001314
    -0.00004614      0.00004287     -0.00003971
     0.00001867     -0.00004265     -0.00005334
     0.00002165      0.00004107     -0.00002568
    -0.00000271     -0.00008284     -0.00001233
    -0.00046750      0.00015987     -0.00035990
     0.00027447      0.00012638      0.00009248
     0.00001015      0.00005603      0.00001442
    -0.00001249      0.00003525     -0.00000239
    -0.00006874     -0.00001853      0.00004383
    -0.02267275     -0.01483728      0.02575659
    -0.00011803      0.00012304      0.00026943
    -0.00004667      0.00000529      0.00003541
    -0.00000978     -0.00001273     -0.00001380
    -0.00004156     -0.00016640     -0.00005873
    -0.00004104     -0.00002092      0.00001801
     0.00000248      0.00000826     -0.00001274
     0.00003923      0.00005539      0.00013594
    -0.00012924     -0.00004498     -0.00008200
    -0.00002696      0.00004530     -0.00000099
    -0.00008476      0.00017412     -0.00051875
     0.00005418      0.00008401     -0.00005534
    -0.00001739      0.00002132      0.00005344
    -0.00005681     -0.00006885      0.00006782
    -0.00002917     -0.00000847      0.00002810
    -0.00001509     -0.00004711     -0.00001415
    -0.00019239     -0.00029267      0.00037467
    -0.00001758      0.00003256     -0.00000926
     0.00001413      0.00004034      0.00004863
     0.00002910      0.00006460     -0.00000716
    -0.00010440     -0.00079142     -0.00073910
    -0.00003787     -0.00006788      0.00012918
    -0.00003564     -0.00002877      0.00005962
     0.00004189     -0.00005305      0.00004039
    -0.00007212      0.00007512      0.00005430
     0.00841682      0.00742763     -0.00703835
    -0.00002893      0.00002108     -0.00001123
     0.00000324      0.00001902      0.00000542
    -0.00000234      0.00000855     -0.00000115
    -0.00003296     -0.00015049     -0.00013807
    -0.00010475      0.00017008      0.00006333
     0.00002460      0.00005583     -0.00003628
1  0.00000000  0.00000000  0.00082621
    -0.17197717     -0.17428063      0.17428772
    -0.00002597      0.00001477      0.00001630
    -0.00003114      0.00001235     -0.00000543
     0.00000961      0.00001888     -0.00003028
    -0.00008998     -0.00009195      0.00009886
     0.00000961      0.00003719     -0.00001196
    -0.00004294      0.00001291     -0.00000599
    -0.00002597     -0.00000938     -0.00000786
    -0.00014614     -0.00014361      0.00012777
     0.00006891     -0.00002759      0.00000426
     0.00002862      0.00003828     -0.00002070
    -0.00001587     -0.00001599     -0.00000588
     0.00000190     -0.00003293     -0.00000358
    -0.00001941     -0.00008798      0.00000059
     0.00000489     -0.00000026      0.00003067
    -0.00003653     -0.00000408      0.00000678
     0.00016953     -0.00023938     -0.00021815
     0.00002260     -0.00002232     -0.00002125
    -0.00000526      0.00000260     -0.00009336
    -0.00000195     -0.00000126      0.00002446
     0.00000862     -0.00012262      0.00006941
    -0.00001456     -0.00000189      0.00000587
    -0.00000442     -0.00007259      0.00000628
    -0.00004630     -0.00004231     -0.00008436
     0.00058679      0.00031693     -0.00020568
    -0.00003902      0.00014304      0.00010704
     0.00003214     -0.00001676     -0.00002625
     0.00002663     -0.00000625     -0.00004077
    -0.00011093      0.00008553      0.00008876
    -0.00006777      0.00000714      0.00003926
    -0.00001926     -0.00004800     -0.00004987
    -0.00001749     -0.00001011      0.00000270
     0.00004308     -0.00026335      0.00058389
     0.00004918      0.00002374     -0.00003836
     0.00011533     -0.00002099     -0.00001411
     0.00001892      0.00000291     -0.00000926
    -0.00016690     -0.00006900      0.00010584
    -0.00000416     -0.00007321     -0.00000193
    -0.00002173     -0.00001253      0.00004333
     0.00002689      0.00000605     -0.00002705
    -0.00010836     -0.00000127      0.00022837
    -0.00002931      0.00001776      0.00003722
    -0.00001696     -0.00000381     -0.00002339
    -0.00000088     -0.00000024      0.00002703
     0.00015522      0.00019311     -0.00006771
    -0.00001133      0.00001180      0.00001587
    -0.00005129     -0.00000661     -0.00002492
    -0.00000977     -0.00002421      0.00002311
    -0.00004834      0.00008568      0.00004364
     0.00016749      0.00021947      0.00024070
    -0.00001660     -0.00000455      0.00000322
    -0.00000730      0.00009469     -0.00000128
    -0.00000399     -0.00002313      0.00000258
     0.00000658     -0.00006809      0.00012395
     0.00002056      0.00002257      0.00002365
    -0.00000646     -0.00000496      0.00007392
    -0.00004398     -0.00010947     -0.00014109
    -0.00002422      0.00004745      0.00004995
     0.00002166      0.00003834      0.00000820
    -0.00011589     -0.00009119     -0.00008358
    -0.00007274     -0.00004169     -0.00000519
     0.00002717      0.00002382      0.00001871
    -0.00002245     -0.00000512      0.00001206
     0.00058183      0.00020326     -0.00031498
    -0.00000150     -0.00002742      0.00000653
     0.00015459      0.00006732     -0.00018682
    -0.00002994     -0.00003760     -0.00001147
    -0.00005192      0.00002454      0.00001290
    -0.00001040     -0.00002350      0.00003050
    -0.00010899     -0.00022876      0.00000755
    -0.00001196     -0.00001625     -0.00000551
    -0.00001759      0.00002301      0.00001009
     0.00350809      0.00442582     -0.00441891
     0.00000319      0.00003116      0.00001142
    -0.00001923      0.00002130     -0.00001439
     0.00001090     -0.00002642      0.00001474
     0.00001067      0.00003456     -0.00002764
     0.00001090     -0.00000783      0.00003334
    -0.00003177     -0.00001454      0.00002146
     0.00000319     -0.00000451     -0.00002424
    -0.00000479      0.00000822      0.00007282
     0.00011470      0.00002040      0.00002060
     0.00002627      0.00003334     -0.00000644
     0.00004245     -0.00057760      0.00026297
     0.00004855      0.00004465     -0.00002412
    -0.00002236     -0.00003704      0.00001214
     0.00001830      0.00001555     -0.00000329
    -0.00016753     -0.00009955      0.00006862
     0.00006395     -0.00000231      0.00002517
    -0.00000007     -0.00002872     -0.00000216
    -0.00002084      0.00000783      0.00001356
    -0.00000307      0.00000553      0.00003051
    -0.00002437      0.00000137      0.00008555
     0.00002365      0.00002265     -0.00004071
    -0.00004150     -0.00000483      0.00000165
    -0.00015111     -0.00012582      0.00014119
     0.15332724      0.16022540     -0.16022729
     0.00011494     -0.00014479      0.00003165
    -0.00003326     -0.00002982      0.00002815
     0.00000067      0.00001606     -0.00003509
     0.00027506      0.00002920     -0.00003087
     0.00000067      0.00003342     -0.00001774
    -0.00005594     -0.00002371      0.00002204
     0.00011494     -0.00003333      0.00014312
    -0.00099961      0.00088636     -0.00013859
    -0.00006222      0.00006548      0.00003660
    -0.00016160      0.00003439      0.00011568
     0.00003544      0.00000649     -0.00005499
     0.00014109     -0.00005455     -0.00002152
    -0.00006795     -0.00000508     -0.00006483
    -0.00014292      0.00001321     -0.00001785
     0.00006746      0.00002777      0.00009688
     0.00087874     -0.00043366      0.00043344
    -0.00010372     -0.00005628     -0.00002243
    -0.00042440     -0.00004866      0.00004843
     0.00000478     -0.00002981      0.00000477
    -0.00021020     -0.00019162      0.00019140
     0.00000478     -0.00000499      0.00002959
    -0.00036173      0.00039943     -0.00039965
    -0.00010372      0.00002220      0.00005606
    -0.00061075     -0.00334067      0.00009158
     0.00012228     -0.00020589     -0.00019544
     0.00004275      0.00002970     -0.00002347
    -0.00002745     -0.00005798      0.00007512
     0.00023507      0.00018746     -0.00012661
     0.00004927     -0.00003405     -0.00001758
    -0.00001263     -0.00000829      0.00000136
    -0.00002887     -0.00000786     -0.00000015
    -0.00002673     -0.00007887      0.00005703
     0.00023580      0.00012287     -0.00018840
     0.00012300      0.00019169      0.00020494
    -0.00001191     -0.00000511      0.00000734
    -0.00002814     -0.00000360      0.00000691
    -0.00061001     -0.00009533      0.00333973
     0.00005000      0.00001383      0.00003310
     0.00004348      0.00001972     -0.00003065
    -0.00006722      0.00006388      0.00000133
    -0.00016087     -0.00011663     -0.00003814
     0.00006818     -0.00009783     -0.00003152
    -0.00099889      0.00013764     -0.00089012
    -0.00006149     -0.00003754     -0.00006923
    -0.00014220      0.00001690     -0.00001696
     0.00003616      0.00005404     -0.00001024
     0.00014182      0.00002057      0.00005080
     0.00747990      0.00219723     -0.01003535
     0.00007008      0.00000055      0.00010457
     0.00001631     -0.00003822     -0.00000377
     0.00002317      0.00001009      0.00007722
    -0.00009229     -0.00019755     -0.00010162
     0.00008366      0.00001520      0.00000181
    -0.00002225     -0.00003844      0.00000164
    -0.00002547     -0.00006812     -0.00017769
     0.00047299      0.00002788     -0.00002942
     0.00003752     -0.00001459     -0.00005195
     0.00071934     -0.00039751      0.00039597
    -0.00018999     -0.00003333     -0.00003623
     0.00021556      0.00036445     -0.00036599
    -0.00018999      0.00003469      0.00003179
    -0.00000618     -0.00003188      0.00003034
     0.00003752      0.00005041      0.00001305
     0.00080246      0.00084790     -0.00084944
    -0.00003362      0.00008533     -0.00005530
     0.00011868      0.00005993     -0.00006147
     0.00002394      0.00002968     -0.00005799
     0.00030364      0.00022796     -0.00022950
     0.00002394      0.00005645     -0.00003122
    -0.00001070      0.00010143     -0.00010297
    -0.00003362      0.00005376     -0.00008687
    -0.00002053      0.00017121      0.00006163
     0.00748490      0.01002893     -0.00220374
     0.00008860     -0.00000830     -0.00002168
     0.00002125     -0.00000272      0.00003174
     0.00002812     -0.00008370     -0.00001657
    -0.00008735      0.00009513      0.00019106
     0.00007502     -0.00011105     -0.00000703
    -0.00001730     -0.00000812      0.00003196
97  0.00082621  0.00000000  0.00000000
    -0.06939509     -0.01893979      0.06996067
     0.00004195     -0.00016856      0.00010642
     0.00004350     -0.00002462     -0.00000856
     0.00001184     -0.00000405      0.00003412
    -0.00001364     -0.00011248      0.00015423
    -0.00002082      0.00003579      0.00000436
     0.00007120      0.00000988      0.00003296
    -0.00002293      0.00001742      0.00000136
     0.00105322     -0.00160295     -0.00126731
    -0.00004041     -0.00016466      0.00063371
     0.00002259      0.00002927      0.00010394
     0.00000781      0.00001484      0.00002150
    -0.00006038      0.00004356     -0.00001472
     0.00012074      0.00013039     -0.00003107
     0.00004766     -0.00003474     -0.00008541
     0.00000865     -0.00000766     -0.00002740
    -0.00036388     -0.00016669     -0.00016669
     0.00010329     -0.00024979     -0.00024979
     0.00008736      0.00005333     -0.00010354
    -0.00000209     -0.00001569     -0.00000874
     0.00008736     -0.00010354      0.00005333
    -0.00000209     -0.00000874     -0.00001569
    -0.00038941      0.00003739      0.00003739
     0.00025278     -0.00013564     -0.00013564
     0.00105322     -0.00126731     -0.00160295
    -0.00004041      0.00063371     -0.00016466
    -0.00006038     -0.00001472      0.00004356
     0.00012074     -0.00003107      0.00013039
     0.00002259      0.00010394      0.00002927
     0.00000781      0.00002150      0.00001484
     0.00004766     -0.00008541     -0.00003474
     0.00000865     -0.00002740     -0.00000766
     0.00107458     -0.00160698      0.00151952
     0.00007709     -0.00009411      0.00006355
    -0.00013256     -0.00002913     -0.00007444
    -0.00001303      0.00002441      0.00004095
     0.00008137      0.00001116     -0.00007653
    -0.00005454     -0.00001283      0.00009837
    -0.00004038     -0.00002595      0.00006163
     0.00000296      0.00003318     -0.00009631
     0.00107458      0.00151952     -0.00160698
     0.00007709      0.00006355     -0.00009411
     0.00008137     -0.00007653      0.00001116
    -0.00005454      0.00009837     -0.00001283
    -0.00013256     -0.00007444     -0.00002913
    -0.00001303      0.00004095      0.00002441
    -0.00004038      0.00006163     -0.00002595
     0.00000296     -0.00009631      0.00003318
    -0.00040905      0.00036483      0.00036483
    -0.00093179     -0.00039031     -0.00039031
    -0.00003601      0.00001334     -0.00001967
    -0.00004473      0.00007450      0.00003432
    -0.00003601     -0.00001967      0.00001334
    -0.00004473      0.00003432      0.00007450
     0.00004541     -0.00011269     -0.00011269
     0.00069523      0.00022621      0.00022621
     0.00029141     -0.00040635      0.00040156
     0.00012654     -0.00008810     -0.00004942
     0.00000163      0.00002864     -0.00004189
    -0.00008855     -0.00006501     -0.00011188
    -0.00000243     -0.00001150      0.00001555
    -0.00000201      0.00003774      0.00001307
    -0.00007622     -0.00000365      0.00003150
    -0.00209711     -0.00288427      0.00109571
     0.00008861      0.00004487      0.00010195
     0.00002533      0.00002434     -0.00004583
    -0.00007787     -0.00008450      0.00000183
    -0.00001385     -0.00013725      0.00001048
    -0.00002659      0.00002148     -0.00014104
     0.00021302      0.00023375      0.00027109
     0.00001524      0.00003276      0.00002933
    -0.00005333      0.00002886      0.00001473
    -0.06939509      0.06996067     -0.01893979
     0.00004195      0.00010642     -0.00016856
    -0.00001364      0.00015423     -0.00011248
    -0.00002082      0.00000436      0.00003579
     0.00004350     -0.00000856     -0.00002462
     0.00001184      0.00003412     -0.00000405
     0.00007120      0.00003296      0.00000988
    -0.00002293      0.00000136      0.00001742
     0.00008861      0.00010195      0.00004487
     0.00002533     -0.00004583      0.00002434
    -0.00002659     -0.00014104      0.00002148
     0.00021302      0.00027109      0.00023375
    -0.00007787      0.00000183     -0.00008450
    -0.00001385      0.00001048     -0.00013725
     0.00001524      0.00002933      0.00003276
    -0.00005333      0.00001473      0.00002886
     0.00029141      0.00040156     -0.00040635
     0.00012654     -0.00004942     -0.00008810
    -0.00000243      0.00001555     -0.00001150
    -0.00000201      0.00001307      0.00003774
     0.00000163     -0.00004189      0.00002864
    -0.00008855     -0.00011188     -0.00006501
    -0.00007622      0.00003150     -0.00000365
    -0.00209711      0.00109571     -0.00288427
     0.29280136     -0.16101841     -0.16101841
    -0.00021233      0.00041923      0.00041923
    -0.00016080      0.00004169     -0.00001732
     0.00005846      0.00011359      0.00013663
    -0.00016080     -0.00001732      0.00004169
     0.00005846      0.00013663      0.00011359
    -0.00011820     -0.00005632     -0.00005632
    -0.00009383      0.00037120      0.00037120
    -0.02362081      0.02258617     -0.00331102
    -0.00017174      0.00079359     -0.00012505
    -0.00023475      0.00041412     -0.00045367
     0.00001342      0.00001753      0.00000969
    -0.00003002     -0.00005733     -0.00002600
     0.00004021      0.00015512      0.00008899
     0.00016566      0.00006264     -0.00013265
     0.00022653      0.00016642      0.00048460
    -0.00091867      0.00087572      0.00087572
     0.00050303      0.00023254      0.00023254
     0.00014903     -0.00020205      0.00014720
     0.00001536     -0.00009156      0.00002595
     0.00014903      0.00014720     -0.00020205
     0.00001536      0.00002595     -0.00009156
    -0.00091500      0.00068331      0.00068331
    -0.00018828      0.00000330      0.00000330
    -0.02362081     -0.00331102      0.02258617
    -0.00017174     -0.00012505      0.00079359
    -0.00003002     -0.00002600     -0.00005733
     0.00004021      0.00008899      0.00015512
    -0.00023475     -0.00045367      0.00041412
     0.00001342      0.00000969      0.00001753
     0.00016566     -0.00013265      0.00006264
     0.00022653      0.00048460      0.00016642
    -0.00021836      0.00024463      0.00014451
    -0.00023427      0.00025150      0.00051895
    -0.00020140      0.00063065      0.00015100
    -0.00026111      0.00016066      0.00018238
    -0.00054236      0.00024291      0.00057338
    -0.00213965     -0.00553812     -0.01211785
    -0.00009442      0.00001094     -0.00003441
    -0.00018170      0.00019577     -0.00009502
    -0.00021836      0.00014451      0.00024463
    -0.00023427      0.00051895      0.00025150
    -0.00054236      0.00057338      0.00024291
    -0.00213965     -0.01211785     -0.00553812
    -0.00020140      0.00015100      0.00063065
    -0.00026111      0.00018238      0.00016066
    -0.00009442     -0.00003441      0.00001094
    -0.00018170     -0.00009502      0.00019577
    -0.08478501      0.05365102      0.05365102
     0.00020979     -0.00049343     -0.00049343
    -0.00005358      0.00001119     -0.00013751
    -0.00000746     -0.00011859      0.00011152
    -0.00005358     -0.00013751      0.00001119
    -0.00000746      0.00011152     -0.00011859
    -0.00007317     -0.00010044     -0.00010044
     0.00000113     -0.00020583     -0.00020583
    -0.00011528     -0.00046757      0.00019759
     0.00002302     -0.00010492      0.00012031
     0.00245380      0.00502066      0.00833011
     0.00043515     -0.00064505     -0.00046321
     0.00017897     -0.00012333      0.00004736
    -0.00008218     -0.00045412     -0.00051062
     0.00011735     -0.00000598     -0.00007169
    -0.00003308     -0.00013927     -0.00006760
    -0.00011528      0.00019759     -0.00046757
     0.00002302      0.00012031     -0.00010492
     0.00017897      0.00004736     -0.00012333
    -0.00008218     -0.00051062     -0.00045412
     0.00245380      0.00833011      0.00502066
     0.00043515     -0.00046321     -0.00064505
     0.00011735     -0.00007169     -0.00000598
    -0.00003308     -0.00006760     -0.00013927
     0.00062154     -0.00035942     -0.00035942
    -0.02087860      0.04299732      0.04299732
    -0.00001274     -0.00006692     -0.00009611
     0.00039994     -0.00040892      0.00013188
    -0.00001274     -0.00009611     -0.00006692
     0.00039994      0.00013188     -0.00040892
     0.00063753     -0.00005563     -0.00005563
     0.00024430     -0.00002923     -0.00002923
97  0.00000000  0.00000000  0.00082621
     0.15818329      0.17438501     -0.17437838
    -0.00005087      0.00003329      0.00004554
    -0.00009772      0.00000853     -0.00000161
     0.00002071      0.00001651     -0.00001020
     0.00004042      0.00017140     -0.00016448
     0.00002071      0.00001712     -0.00000960
    -0.00007079     -0.00001617      0.00002309
    -0.00005087     -0.00003863     -0.00002638
    -0.00249218      0.00206345     -0.00176282
    -0.00032812     -0.00009461     -0.00031246
    -0.00010535     -0.00007268      0.00009111
    -0.00003753     -0.00000120      0.00002721
     0.00007542      0.00007493     -0.00001496
    -0.00008970     -0.00011415      0.00002079
    -0.00017651     -0.00001802     -0.00005553
     0.00004410     -0.00001143      0.00003384
     0.00063292     -0.00026702      0.00003303
    -0.00006737      0.00007744      0.00006437
    -0.00000282     -0.00003163      0.00020159
     0.00002829      0.00002624     -0.00002593
    -0.00003707     -0.00001791      0.00000046
     0.00001139      0.00001868      0.00001070
    -0.00015314      0.00003078      0.00015764
     0.00007642      0.00033533      0.00016936
     0.00344487      0.00413234     -0.00327519
     0.00009942      0.00009240     -0.00014544
     0.00000294      0.00004766     -0.00008244
    -0.00002158     -0.00002258      0.00000889
     0.00018438     -0.00029876     -0.00003004
     0.00004926     -0.00002740     -0.00002653
     0.00001255      0.00009257     -0.00003612
     0.00003924      0.00003189      0.00002128
    -0.00141251      0.00138310     -0.00001779
    -0.00006875     -0.00008692      0.00007604
    -0.00014178     -0.00002042     -0.00012203
     0.00003551      0.00000335     -0.00005390
    -0.00001053      0.00014084      0.00000257
    -0.00005205     -0.00002152      0.00003778
     0.00004448     -0.00006024      0.00000405
     0.00002195      0.00001771      0.00004155
     0.00009765     -0.00118708      0.00042308
     0.00008322     -0.00013393      0.00009696
     0.00000414      0.00009011     -0.00012671
     0.00002402     -0.00002630      0.00008742
     0.00027648      0.00017560      0.00005821
    -0.00003183      0.00005545      0.00000221
     0.00002297     -0.00003334     -0.00005695
     0.00000637     -0.00007343     -0.00003236
     0.00007438     -0.00016804     -0.00033401
     0.00063087     -0.00003171      0.00026835
     0.00000935     -0.00000937     -0.00001735
    -0.00000486     -0.00020026      0.00003295
     0.00002625      0.00002726     -0.00002492
    -0.00003911      0.00000086      0.00001924
    -0.00006941     -0.00006305     -0.00007612
    -0.00015518     -0.00015631     -0.00002945
     0.00009446      0.00014301     -0.00009044
     0.00000759      0.00003369     -0.00009062
    -0.00002654     -0.00001132      0.00002453
     0.00017942      0.00002761      0.00030071
     0.00004429      0.00002410      0.00002935
    -0.00000202      0.00008001     -0.00004571
     0.00003428     -0.00002371     -0.00002994
     0.00343991      0.00327277     -0.00413039
     0.00002339     -0.00008781      0.00003258
     0.00027586     -0.00005860     -0.00016931
     0.00008260     -0.00009735      0.00014022
     0.00002234      0.00005656      0.00003963
     0.00000575      0.00003197      0.00007972
     0.00009702     -0.00042347      0.00119337
    -0.00003246     -0.00000260     -0.00004916
     0.00000351      0.00012632     -0.00008382
    -0.01335086      0.07952142     -0.07951443
     0.00002948     -0.00011885      0.00013997
    -0.00001133     -0.00010320      0.00011012
    -0.00001590      0.00001577     -0.00002044
    -0.00000020     -0.00001357      0.00002049
    -0.00001590      0.00002736     -0.00000885
    -0.00007732     -0.00002998      0.00003690
     0.00002948     -0.00013305      0.00012577
    -0.00005267     -0.00003149      0.00002114
    -0.00014240      0.00012832      0.00002004
     0.00002132     -0.00003526     -0.00001810
    -0.00141313      0.00002408     -0.00138349
    -0.00006938     -0.00006976      0.00008654
     0.00004386      0.00000224      0.00005986
     0.00003489      0.00006019     -0.00000373
    -0.00001115      0.00000372     -0.00014123
    -0.00033308      0.00031441      0.00009219
    -0.00018148      0.00005748      0.00001560
    -0.00004250     -0.00002526     -0.00000123
     0.00007046      0.00001691     -0.00007735
    -0.00009466     -0.00001884      0.00011172
    -0.00011031     -0.00008916      0.00007025
     0.00003914     -0.00003189      0.00000901
    -0.00249715      0.00176477     -0.00206588
    -0.29408994     -0.37901080      0.37900908
     0.00015453      0.00019812     -0.00026435
     0.00009504      0.00001189     -0.00001356
    -0.00006266     -0.00002776      0.00000469
     0.00021538      0.00006908     -0.00007075
    -0.00006266     -0.00000636      0.00002608
     0.00011735      0.00000626     -0.00000793
     0.00015453      0.00026268     -0.00019980
    -0.00469134      0.00325066      0.01018231
     0.00032638     -0.00034913     -0.00003810
     0.00039159     -0.00004259      0.00032576
     0.00004650      0.00006251      0.00003481
     0.00034423      0.00026800     -0.00014231
     0.00019672     -0.00006084      0.00010495
     0.00005976      0.00011464      0.00014003
     0.00010157      0.00014029     -0.00003462
     0.00092592      0.00088318     -0.00088340
    -0.00016484     -0.00012713     -0.00006286
    -0.00036482      0.00028544     -0.00028566
    -0.00002153     -0.00003696      0.00002894
     0.00003423     -0.00004922      0.00004899
    -0.00002153     -0.00002916      0.00003674
     0.00087792      0.00070200     -0.00070223
    -0.00016484      0.00006263      0.00012691
     0.03004082     -0.01897721     -0.03079719
     0.00004699      0.00030358      0.00016407
    -0.00013684      0.00007143     -0.00001320
    -0.00001334     -0.00006684      0.00015262
     0.00006964      0.00063345     -0.00013662
     0.00003145     -0.00008396     -0.00006924
     0.00002608      0.00015012     -0.00002640
     0.00021197      0.00014723     -0.00006859
    -0.00001261     -0.00015636      0.00006589
     0.00007037      0.00013287     -0.00063439
     0.00004772     -0.00016782     -0.00030452
     0.00002680      0.00002265     -0.00015106
     0.00021269      0.00006484     -0.00014818
     0.03004158      0.03079344      0.01897627
     0.00003218      0.00006549      0.00008301
    -0.00013611      0.00000945     -0.00007238
     0.00019744     -0.00010589      0.00005709
     0.00039232     -0.00032671      0.00003884
     0.00010230      0.00003367     -0.00014405
    -0.00469062     -0.01018327     -0.00325440
     0.00032711      0.00003715      0.00034538
     0.00006048     -0.00014098     -0.00011839
     0.00004722     -0.00003575     -0.00006626
     0.00034495      0.00014136     -0.00027175
     0.05087861      0.05155450     -0.05801526
    -0.00044079      0.00038317      0.00005554
    -0.00010776      0.00018052     -0.00020747
     0.00004396      0.00001128     -0.00015544
    -0.00025548     -0.00007495     -0.00006569
    -0.00004095     -0.00005110      0.00002242
    -0.00008550      0.00010129     -0.00003482
    -0.00030328     -0.00026442      0.00010695
     0.00011513      0.00005781     -0.00005935
    -0.00004332     -0.00003482     -0.00008857
    -0.00199581      0.00059544     -0.00059697
     0.00016858      0.00021962      0.00020087
    -0.00027398     -0.00036998      0.00036844
     0.00016858     -0.00020241     -0.00022116
    -0.00004936      0.00005538     -0.00005692
    -0.00004332      0.00008703      0.00003328
     0.00016893     -0.00052702      0.00052548
     0.00004648     -0.00018672      0.00007049
    -0.00005053     -0.00059009      0.00058855
    -0.00055453      0.00003426      0.00014633
    -0.00277426     -0.00261511      0.00261357
    -0.00055453     -0.00014787     -0.00003580
    -0.00018489      0.00010146     -0.00010300
     0.00004648     -0.00007203      0.00018518
    -0.00029834     -0.00011343      0.00025793
     0.05088370      0.05800892     -0.05156087
    -0.00003601     -0.00002890      0.00004461
    -0.00010282      0.00020099     -0.00018700
     0.00004890      0.00014896     -0.00001776
    -0.00025054      0.00005921      0.00006847
    -0.00043585     -0.00006202     -0.00038965
    -0.00008056      0.00002834     -0.00010778
145  0.00082621  0.00000000  0.00000000
    -0.01200862      0.00892856      0.01174968
    -0.00018652      0.00028359      0.00004869
    -0.00002785      0.00002057      0.00004740
     0.00000835      0.00003004     -0.00002427
    -0.00006633     -0.00019395     -0.00004539
    -0.00003025     -0.00000714      0.00002946
     0.00002611     -0.00000084      0.00003349
    -0.00004589     -0.00002580      0.00014285
    -0.02134799      0.02015953     -0.02171259
     0.00010742      0.00009911     -0.00013402
     0.00002018      0.00012947     -0.00014554
    -0.00004641      0.00003563      0.00001410
     0.00000082      0.00002729     -0.00003642
    -0.00002391     -0.00007162     -0.00001325
     0.00001825     -0.00000077     -0.00001850
    -0.00001020      0.00004524      0.00002586
    -0.00005794      0.00043169      0.00043169
    -0.00009668      0.00022125      0.00022125
     0.00000554      0.00000342     -0.00018645
    -0.00001483      0.00001515      0.00004858
     0.00000554     -0.00018645      0.00000342
    -0.00001483      0.00004858      0.00001515
     0.00060059      0.00027403      0.00027403
    -0.00006734     -0.00007136     -0.00007136
    -0.02134799     -0.02171259      0.02015953
     0.00010742     -0.00013402      0.00009911
     0.00000082     -0.00003642      0.00002729
    -0.00002391     -0.00001325     -0.00007162
     0.00002018     -0.00014554      0.00012947
    -0.00004641      0.00001410      0.00003563
     0.00001825     -0.00001850     -0.00000077
    -0.00001020      0.00002586      0.00004524
     0.00662777     -0.00597162      0.00539618
     0.00002260      0.00001215     -0.00001450
     0.00010216      0.00008224      0.00002384
     0.00004277      0.00001057     -0.00003468
     0.00003892     -0.00002396      0.00001701
     0.00000652      0.00004004      0.00002759
     0.00003951      0.00003155      0.00000033
    -0.00000316     -0.00001632      0.00011999
     0.00662777      0.00539618     -0.00597162
     0.00002260     -0.00001450      0.00001215
     0.00003892      0.00001701     -0.00002396
     0.00000652      0.00002759      0.00004004
     0.00010216      0.00002384      0.00008224
     0.00004277     -0.00003468      0.00001057
     0.00003951      0.00000033      0.00003155
    -0.00000316      0.00011999     -0.00001632
     0.00050799      0.00018190      0.00018190
     0.00001035      0.00000182      0.00000182
     0.00003664      0.00011383      0.00001861
     0.00005786      0.00004888     -0.00004909
     0.00003664      0.00001861      0.00011383
     0.00005786     -0.00004909      0.00004888
     0.00004778      0.00008661      0.00008661
    -0.00004308      0.00011601      0.00011601
     0.00025409      0.00019080      0.00034120
    -0.00004992      0.00000008     -0.00001558
     0.00001369     -0.00002350      0.00010846
     0.00000363      0.00000334      0.00003568
     0.00002794     -0.00003259      0.00000349
    -0.00003534      0.00003162     -0.00000317
    -0.00003771     -0.00000739      0.00005520
     0.00085720      0.00010190     -0.00065834
    -0.00012934      0.00001873     -0.00005127
     0.00008961     -0.00001433      0.00015930
    -0.00010628      0.00012674     -0.00023136
    -0.00001405      0.00007089     -0.00001466
     0.00008054      0.00000572      0.00004459
    -0.00015059      0.00009003     -0.00049616
     0.00000050     -0.00003297     -0.00001035
     0.00000908      0.00002716      0.00003021
    -0.01200862      0.01174968      0.00892856
    -0.00018652      0.00004869      0.00028359
    -0.00006633     -0.00004539     -0.00019395
    -0.00003025      0.00002946     -0.00000714
    -0.00002785      0.00004740      0.00002057
     0.00000835     -0.00002427      0.00003004
     0.00002611      0.00003349     -0.00000084
    -0.00004589      0.00014285     -0.00002580
    -0.00012934     -0.00005127      0.00001873
     0.00008961      0.00015930     -0.00001433
     0.00008054      0.00004459      0.00000572
    -0.00015059     -0.00049616      0.00009003
    -0.00010628     -0.00023136      0.00012674
    -0.00001405     -0.00001466      0.00007089
     0.00000050     -0.00001035     -0.00003297
     0.00000908      0.00003021      0.00002716
     0.00025409      0.00034120      0.00019080
    -0.00004992     -0.00001558      0.00000008
     0.00002794      0.00000349     -0.00003259
    -0.00003534     -0.00000317      0.00003162
     0.00001369      0.00010846     -0.00002350
     0.00000363      0.00003568      0.00000334
    -0.00003771      0.00005520     -0.00000739
     0.00085720     -0.00065834      0.00010190
    -0.05487035      0.05887462      0.05887462
     0.00088728     -0.00018444     -0.00018444
     0.00009192      0.00000698      0.00001569
    -0.00008727     -0.00009377      0.00000581
     0.00009192      0.00001569      0.00000698
    -0.00008727      0.00000581     -0.00009377
     0.00015989      0.00001551      0.00001551
     0.00015997     -0.00012121     -0.00012121
    -0.07020471      0.05117905      0.03876400
    -0.00033960     -0.00036037     -0.00021139
    -0.00027299     -0.00043419      0.00005172
     0.00004712     -0.00011995      0.00005378
    -0.00007278      0.00001444      0.00019438
    -0.00014996     -0.00008940     -0.00001009
    -0.00009039      0.00012607     -0.00000742
     0.00003680     -0.00030385     -0.00033957
    -0.00000696     -0.00053732     -0.00053732
    -0.00077796     -0.00025849     -0.00025849
     0.00011528      0.00022507      0.00008225
    -0.00016215     -0.00004560     -0.00009587
     0.00011528      0.00008225      0.00022507
    -0.00016215     -0.00009587     -0.00004560
    -0.00086021     -0.00082321     -0.00082321
     0.00017413      0.00010602      0.00010602
    -0.07020471      0.03876400      0.05117905
    -0.00033960     -0.00021139     -0.00036037
    -0.00007278      0.00019438      0.00001444
    -0.00014996     -0.00001009     -0.00008940
    -0.00027299      0.00005172     -0.00043419
     0.00004712      0.00005378     -0.00011995
    -0.00009039     -0.00000742      0.00012607
     0.00003680     -0.00033957     -0.00030385
     0.00009200     -0.00016986      0.00002500
     0.00004446     -0.00009137     -0.00071525
     0.00013510      0.00013734     -0.00012530
     0.00008338      0.00011503     -0.00003899
     0.00062543     -0.00029501     -0.00068655
    -0.00681778     -0.00239375      0.00641608
     0.00005706     -0.00011528     -0.00000537
     0.00000297     -0.00012236     -0.00007676
     0.00009200      0.00002500     -0.00016986
     0.00004446     -0.00071525     -0.00009137
     0.00062543     -0.00068655     -0.00029501
    -0.00681778      0.00641608     -0.00239375
     0.00013510     -0.00012530      0.00013734
     0.00008338     -0.00003899      0.00011503
     0.00005706     -0.00000537     -0.00011528
     0.00000297     -0.00007676     -0.00012236
     0.23471321     -0.18561087     -0.18561087
    -0.00021929     -0.00000544     -0.00000544
     0.00001155      0.00023307      0.00000919
     0.00002830      0.00002776     -0.00027446
     0.00001155      0.00000919      0.00023307
     0.00002830     -0.00027446      0.00002776
     0.00033253      0.00001076      0.00001076
     0.00041541      0.00007594      0.00007594
    -0.00011430      0.00043567     -0.00033181
     0.00002545      0.00015048     -0.00009756
     0.00791371     -0.01211145     -0.00647818
    -0.00043587      0.00062557      0.00061827
    -0.00012600     -0.00011985      0.00002909
     0.00019108      0.00043541     -0.00001912
    -0.00017957     -0.00017192      0.00006382
     0.00003985     -0.00000281      0.00007374
    -0.00011430     -0.00033181      0.00043567
     0.00002545     -0.00009756      0.00015048
    -0.00012600      0.00002909     -0.00011985
     0.00019108     -0.00001912      0.00043541
     0.00791371     -0.00647818     -0.01211145
    -0.00043587      0.00061827      0.00062557
    -0.00017957      0.00006382     -0.00017192
     0.00003985      0.00007374     -0.00000281
    -0.00061499      0.00063243      0.00063243
     0.01080462      0.03328720      0.03328720
     0.00006320     -0.00004148      0.00009882
    -0.00026348      0.00044873     -0.00009336
     0.00006320      0.00009882     -0.00004148
    -0.00026348     -0.00009336      0.00044873
     0.00001599      0.00030292      0.00030292
    -0.00011568      0.00003338      0.00003338
1  -0.00082621  0.00000000  0.00000000
    -0.07814208     -0.01434460      0.08417977
    -0.00000338     -0.00001717      0.00003423
    -0.00001197     -0.00000445      0.00001666
     0.00000831      0.00000483     -0.00001134
    -0.00001868     -0.00010145     -0.00003162
    -0.00000039     -0.00000412      0.00000613
    -0.00002010     -0.00002032      0.00000510
    -0.00001464      0.00002069      0.00000907
    -0.00030305     -0.00004184      0.00006975
    -0.00003806     -0.00023143     -0.00021737
    -0.00000328      0.00003797      0.00000945
    -0.00001819     -0.00000573      0.00000724
    -0.00000336      0.00000017     -0.00000357
    -0.00000749      0.00003296      0.00000294
    -0.00000483      0.00001112      0.00001198
    -0.00001886      0.00001692      0.00002699
     0.00007894      0.00000504     -0.00007475
    -0.00007385      0.00002371      0.00008872
    -0.00000005      0.00003481     -0.00003495
    -0.00000192     -0.00000823      0.00003664
     0.00000375     -0.00007868      0.00006543
    -0.00001448     -0.00000428      0.00001516
    -0.00009373      0.00000133     -0.00000401
     0.00005126     -0.00001125     -0.00002855
     0.00116909      0.00116407     -0.00107057
     0.00000960      0.00012901      0.00000917
     0.00002054     -0.00001954      0.00000239
     0.00000513     -0.00000335      0.00002842
     0.00006467      0.00006926     -0.00000013
    -0.00005974     -0.00000790      0.00005022
    -0.00002280     -0.00004310     -0.00003953
    -0.00000092      0.00002554      0.00000735
     0.00013664     -0.00051649      0.00049973
    -0.00001902     -0.00002301      0.00007218
     0.00004792     -0.00004373     -0.00001318
     0.00000589     -0.00000007      0.00000841
    -0.00003726      0.00000947     -0.00002309
     0.00000785      0.00001076      0.00004203
    -0.00001131     -0.00002873      0.00002319
    -0.00002509      0.00001719     -0.00001898
    -0.00016184      0.00000044      0.00003688
     0.00000129     -0.00003215     -0.00000028
    -0.00001831      0.00000937      0.00000040
    -0.00001722      0.00002828      0.00001563
    -0.00005903      0.00003928      0.00000557
     0.00000225      0.00002450      0.00003100
    -0.00005162      0.00000074     -0.00001455
     0.00001036     -0.00000425      0.00001473
    -0.00007981     -0.00000623     -0.00001339
     0.00031919     -0.00021928      0.00010078
    -0.00001406      0.00001139     -0.00000608
    -0.00002914     -0.00000072     -0.00006097
     0.00000253      0.00002846     -0.00000988
     0.00002398     -0.00002223      0.00001417
     0.00010397      0.00007142      0.00002851
     0.00004214     -0.00005848      0.00008359
    -0.00000100     -0.00009084      0.00003624
    -0.00003911      0.00003852      0.00002605
     0.00001004      0.00010433      0.00000620
    -0.00007550     -0.00009742     -0.00003552
     0.00001526      0.00000704      0.00000210
     0.00000504      0.00000315      0.00000703
     0.00000405     -0.00000271      0.00002917
    -0.00055902     -0.00041023      0.00028109
     0.00000764      0.00000263      0.00002355
     0.00025974      0.00005760     -0.00017330
     0.00000412     -0.00004434     -0.00000127
    -0.00006712      0.00002758     -0.00001950
    -0.00002822      0.00002258      0.00001075
     0.00005979      0.00008833     -0.00013393
    -0.00000915      0.00000624     -0.00002584
    -0.00001251      0.00001903     -0.00000444
    -0.00684682     -0.00448880      0.00577385
    -0.00000494      0.00002837     -0.00000536
     0.00001841      0.00000263     -0.00001091
    -0.00000384     -0.00001231     -0.00001898
     0.00001734      0.00001588     -0.00002319
     0.00002350     -0.00000272      0.00000064
    -0.00001071      0.00002383     -0.00000151
    -0.00000156     -0.00000864      0.00003044
     0.00001242      0.00001126      0.00002259
     0.00000593      0.00003552      0.00000763
     0.00001834      0.00000495      0.00002089
     0.00012502      0.00021130     -0.00001901
     0.00004571      0.00005538      0.00002596
    -0.00006637     -0.00003176     -0.00001829
     0.00000085      0.00000744     -0.00000091
    -0.00003803     -0.00006313      0.00003114
     0.00005636     -0.00014465     -0.00018374
    -0.00002038     -0.00000175     -0.00000164
     0.00000014      0.00002103     -0.00003252
     0.00001187      0.00001915      0.00001853
     0.00000781      0.00001014      0.00007079
     0.00001441     -0.00002843     -0.00000736
    -0.00002207      0.00001611      0.00002113
    -0.00001067     -0.00012794      0.00001202
     0.06940101      0.01601094     -0.06699036
    -0.00005401     -0.00000404      0.00006279
    -0.00004700     -0.00000690      0.00004477
    -0.00000366      0.00000616     -0.00001871
     0.00001194     -0.00000838     -0.00002723
     0.00000709     -0.00001715     -0.00002805
    -0.00007463     -0.00001651     -0.00002153
     0.00003305     -0.00000731      0.00000434
    -0.00067391      0.00216425     -0.00133837
     0.00022615     -0.00004998     -0.00008997
    -0.00015916      0.00003205     -0.00003659
     0.00001598      0.00000640     -0.00000674
     0.00008654     -0.00002712     -0.00010159
    -0.00006465     -0.00006304     -0.00003859
    -0.00003116      0.00004519      0.00001909
     0.00004679     -0.00000188      0.00008699
     0.00065479      0.00000924      0.00030416
     0.00007910      0.00006999      0.00007190
     0.00007626     -0.00025162      0.00007849
     0.00003745     -0.00003435     -0.00000468
    -0.00007591     -0.00001836      0.00000474
    -0.00000457     -0.00001279     -0.00000918
    -0.00015719      0.00032866     -0.00020613
    -0.00012748     -0.00000642      0.00012106
     0.00240758     -0.00617585     -0.00225384
    -0.00007839      0.00000059      0.00002474
     0.00007518      0.00000027     -0.00005369
     0.00011199     -0.00006420      0.00003905
    -0.00009011     -0.00055010      0.00012384
     0.00000478     -0.00002272     -0.00001266
     0.00000562      0.00005217      0.00000957
    -0.00003236     -0.00001146     -0.00006248
    -0.00016520      0.00009410      0.00000470
    -0.00016777      0.00035994     -0.00021947
     0.00003562      0.00011919      0.00000212
     0.00001133      0.00011344     -0.00008573
     0.00001064     -0.00007254     -0.00002715
    -0.00200184     -0.00105334     -0.00122872
     0.00000926      0.00001227     -0.00001267
     0.00004723     -0.00004823      0.00003646
    -0.00001898      0.00004610      0.00004636
    -0.00002425     -0.00004199      0.00002548
     0.00000681      0.00008290      0.00001180
     0.00046744     -0.00017118      0.00033186
    -0.00026611     -0.00012315     -0.00009473
    -0.00001255     -0.00005319     -0.00002168
     0.00001126     -0.00003344     -0.00000169
     0.00006749      0.00001445     -0.00004614
     0.02224529      0.01477459     -0.02531135
     0.00010907     -0.00012348     -0.00027557
     0.00003760     -0.00001278     -0.00003928
     0.00000373      0.00000342      0.00000664
     0.00003094      0.00016152      0.00005397
     0.00003460      0.00001168     -0.00002593
    -0.00001023     -0.00001788      0.00000237
    -0.00004579     -0.00006138     -0.00014243
     0.00012446      0.00005254      0.00007222
     0.00002325     -0.00004420     -0.00000348
     0.00008972     -0.00016760      0.00052228
    -0.00006285     -0.00007988      0.00005329
     0.00002270     -0.00001675     -0.00006911
     0.00004343      0.00006667     -0.00007192
     0.00002459      0.00001333     -0.00003445
     0.00001095      0.00004710      0.00000871
     0.00019088      0.00031712     -0.00039418
     0.00001037     -0.00003403      0.00001527
    -0.00002499     -0.00004769     -0.00005021
    -0.00003814     -0.00007283      0.00000321
     0.00011317      0.00079913      0.00073964
     0.00003392      0.00007054     -0.00012336
     0.00002995      0.00002187     -0.00005463
    -0.00004672      0.00004728     -0.00003855
     0.00007278     -0.00008053     -0.00006088
    -0.00841787     -0.00729880      0.00700042
     0.00003238     -0.00002691      0.00000752
    -0.00000115     -0.00002610     -0.00001021
     0.00000453     -0.00001147     -0.00000457
     0.00003931      0.00014170      0.00012681
     0.00010161     -0.00017627     -0.00007258
    -0.00002144     -0.00006122      0.00003100
1  0.00000000  0.00000000  -0.00082621
     0.18228493      0.18490310     -0.18489638
     0.00002251     -0.00001375     -0.00000509
     0.00002831     -0.00000797      0.00001488
    -0.00001187     -0.00001530      0.00003937
     0.00008119      0.00008835     -0.00008144
    -0.00001187     -0.00003245      0.00002222
     0.00003999     -0.00000956      0.00001648
     0.00002251      0.00001201      0.00002067
     0.00015178      0.00014036     -0.00012242
    -0.00005568      0.00003149      0.00001355
    -0.00002417     -0.00004404      0.00002292
     0.00002457      0.00001421      0.00000990
     0.00000577      0.00002925      0.00000719
     0.00003325      0.00009015      0.00000264
     0.00000659     -0.00000028     -0.00002521
     0.00004759      0.00000347     -0.00000184
    -0.00017499      0.00023328      0.00020574
    -0.00001376      0.00002594      0.00002736
     0.00000713     -0.00000367      0.00009414
     0.00000350      0.00000334     -0.00002144
    -0.00000963      0.00012817     -0.00006607
     0.00001580      0.00000470     -0.00000349
     0.00001547      0.00007446     -0.00000372
     0.00003774      0.00003976      0.00008669
    -0.00057093     -0.00030143      0.00019361
     0.00004527     -0.00013739     -0.00010435
    -0.00002239      0.00002072      0.00002408
    -0.00001761      0.00000997      0.00004197
     0.00012370     -0.00007255     -0.00009469
     0.00007803     -0.00000516     -0.00004126
     0.00003095      0.00004683      0.00004853
     0.00002817      0.00001349     -0.00000440
    -0.00003615      0.00025253     -0.00057235
    -0.00004209     -0.00002549      0.00004386
    -0.00010805      0.00001975      0.00002689
    -0.00001489     -0.00000445      0.00001872
     0.00017071      0.00006645     -0.00009764
     0.00000711      0.00007089      0.00001276
     0.00002913      0.00000529     -0.00002867
    -0.00002375     -0.00000873      0.00003748
     0.00009845      0.00000454     -0.00023599
     0.00003389     -0.00000855     -0.00003854
     0.00002264      0.00001224      0.00002236
     0.00000249      0.00000632     -0.00002721
    -0.00015103     -0.00017425      0.00006410
     0.00001475     -0.00000098     -0.00001745
     0.00005839      0.00002070      0.00002039
     0.00001364      0.00003470     -0.00002649
     0.00003570     -0.00008536     -0.00003844
    -0.00017703     -0.00020442     -0.00023195
     0.00001376      0.00000481     -0.00000337
     0.00000509     -0.00009282      0.00000499
     0.00000146      0.00002276     -0.00000202
    -0.00001167      0.00006739     -0.00012685
    -0.00001580     -0.00002603     -0.00002462
     0.00001343      0.00000505     -0.00007314
     0.00004030      0.00010192      0.00013934
     0.00002599     -0.00005095     -0.00004488
    -0.00002257     -0.00004439     -0.00000802
     0.00011874      0.00009226      0.00007450
     0.00007307      0.00003883      0.00000711
    -0.00002735     -0.00002650     -0.00001877
     0.00002320      0.00000198     -0.00001154
    -0.00057589     -0.00019604      0.00030338
     0.00000186      0.00002683     -0.00000003
    -0.00015166     -0.00006449      0.00018054
     0.00003327      0.00003815      0.00001484
     0.00005776     -0.00002077     -0.00001441
     0.00001301      0.00002610     -0.00002841
     0.00009783      0.00023560      0.00000175
     0.00001413      0.00001706      0.00000727
     0.00002201     -0.00002275     -0.00000595
    -0.00343750     -0.00439086      0.00439778
    -0.00000516     -0.00002210     -0.00001089
     0.00001636     -0.00001139      0.00001831
    -0.00001331      0.00003637     -0.00000995
    -0.00000801     -0.00002512      0.00003203
    -0.00001331      0.00001686     -0.00002946
     0.00002988      0.00002429     -0.00001737
    -0.00000516      0.00001781      0.00002902
     0.00000649     -0.00000647     -0.00007128
    -0.00010868     -0.00002060     -0.00002014
    -0.00002437     -0.00003119      0.00000834
    -0.00003677      0.00057865     -0.00025292
    -0.00004271     -0.00003757      0.00002510
     0.00002851      0.00003495     -0.00000568
    -0.00001552     -0.00001244      0.00000406
     0.00017009      0.00010392     -0.00006683
    -0.00006064     -0.00001160     -0.00003391
     0.00000162      0.00002716     -0.00000214
     0.00001960     -0.00000795     -0.00001664
     0.00000081     -0.00000524     -0.00003168
     0.00002829     -0.00000068     -0.00009257
    -0.00002914     -0.00002097      0.00004161
     0.00004262      0.00000379     -0.00000590
     0.00014682      0.00012437     -0.00014279
    -0.16394655     -0.17100744      0.17100601
    -0.00012107      0.00014731     -0.00003035
     0.00002563      0.00002855     -0.00003022
    -0.00000499     -0.00001663      0.00003288
    -0.00028209     -0.00004726      0.00004559
    -0.00000499     -0.00003456      0.00001496
     0.00005245      0.00002571     -0.00002738
    -0.00012107      0.00002867     -0.00014898
     0.00100474     -0.00087538      0.00013980
     0.00005671     -0.00006531     -0.00004978
     0.00015775     -0.00004179     -0.00012310
    -0.00003695     -0.00000914      0.00005314
    -0.00014969      0.00003468      0.00003017
     0.00007022      0.00000377      0.00005321
     0.00013720     -0.00001431      0.00000812
    -0.00007336     -0.00002787     -0.00009703
    -0.00085980      0.00042010     -0.00042032
     0.00009098      0.00005891      0.00002329
     0.00040389      0.00004943     -0.00004965
    -0.00001013      0.00002624     -0.00000489
     0.00021927      0.00019956     -0.00019979
    -0.00001013      0.00000467     -0.00002647
     0.00032554     -0.00039501      0.00039478
     0.00009098     -0.00002352     -0.00005913
     0.00059622      0.00328560     -0.00005887
    -0.00011861      0.00018315      0.00018543
    -0.00004286     -0.00002899      0.00002004
     0.00003209      0.00005572     -0.00008006
    -0.00020322     -0.00018319      0.00011489
    -0.00005131      0.00003071      0.00001369
     0.00000398      0.00000161     -0.00000793
     0.00002916      0.00001208     -0.00000173
     0.00003282      0.00007631     -0.00005667
    -0.00020250     -0.00011864      0.00018225
    -0.00011789     -0.00018918     -0.00018410
     0.00000470      0.00000417     -0.00000256
     0.00002988     -0.00000202     -0.00001303
     0.00059694      0.00005512     -0.00328655
    -0.00005058     -0.00001744     -0.00003166
    -0.00004213     -0.00002379      0.00002804
     0.00007095     -0.00005416     -0.00000752
     0.00015848      0.00012216      0.00003804
    -0.00007264      0.00009608      0.00002412
     0.00100546     -0.00014074      0.00087164
     0.00005744      0.00004883      0.00006156
     0.00013792     -0.00000906      0.00001056
    -0.00003623     -0.00005408      0.00000539
    -0.00014897     -0.00003112     -0.00003843
    -0.00739816     -0.00213701      0.00988667
    -0.00006918     -0.00001558     -0.00011495
    -0.00002225      0.00002460      0.00000005
    -0.00003246     -0.00002140     -0.00008243
     0.00006886      0.00017930      0.00010883
    -0.00009197     -0.00002285     -0.00000808
     0.00001419      0.00002902     -0.00001428
     0.00002362      0.00005938      0.00016734
    -0.00046709     -0.00003329      0.00003175
    -0.00004576      0.00001238      0.00004558
    -0.00074088      0.00040188     -0.00040342
     0.00018515      0.00003922      0.00003982
    -0.00019707     -0.00034587      0.00034433
     0.00018515     -0.00004136     -0.00004076
     0.00000778      0.00003609     -0.00003763
    -0.00004576     -0.00004712     -0.00001392
    -0.00079973     -0.00080981      0.00080827
     0.00002884     -0.00008726      0.00005313
    -0.00009779     -0.00008028      0.00007874
    -0.00003450     -0.00004566      0.00004243
    -0.00027900     -0.00022741      0.00022587
    -0.00003450     -0.00004397      0.00004412
     0.00000142     -0.00011043      0.00010890
     0.00002884     -0.00005467      0.00008572
     0.00002857     -0.00017383     -0.00006586
    -0.00739328     -0.00989322      0.00213055
    -0.00008703      0.00000160      0.00001637
    -0.00001731     -0.00000653     -0.00003108
    -0.00002752      0.00007595      0.00001491
     0.00007380     -0.00011532     -0.00018578
    -0.00006424      0.00010847      0.00000910
     0.00001913      0.00000780     -0.00003551
97  -0.00082621  0.00000000  0.00000000
     0.06888525      0.02034761     -0.06956888
    -0.00003863      0.00017503     -0.00009662
    -0.00004494      0.00003036      0.00001689
    -0.00001376      0.00000688     -0.00002164
     0.00001255      0.00012099     -0.00014342
     0.00001890     -0.00003178      0.00000615
    -0.00007528     -0.00000789     -0.00002275
     0.00001998     -0.00001520      0.00000561
    -0.00113814      0.00165377      0.00126841
     0.00005907      0.00016360     -0.00064498
    -0.00001818     -0.00003326     -0.00010641
     0.00000419     -0.00001724     -0.00001702
     0.00007053     -0.00004776      0.00001954
    -0.00011148     -0.00013300      0.00003594
    -0.00004259      0.00003096      0.00008700
     0.00000332      0.00000745      0.00003167
     0.00034946      0.00017537      0.00017537
    -0.00010250      0.00025250      0.00025250
    -0.00008255     -0.00006272      0.00010763
     0.00000256      0.00001997      0.00001117
    -0.00008255      0.00010763     -0.00006272
     0.00000256      0.00001117      0.00001997
     0.00038219     -0.00002835     -0.00002835
    -0.00024310      0.00012868      0.00012868
    -0.00113814      0.00126841      0.00165377
     0.00005907     -0.00064498      0.00016360
     0.00007053      0.00001954     -0.00004776
    -0.00011148      0.00003594     -0.00013300
    -0.00001818     -0.00010641     -0.00003326
     0.00000419     -0.00001702     -0.00001724
    -0.00004259      0.00008700      0.00003096
     0.00000332      0.00003167      0.00000745
    -0.00104715      0.00155879     -0.00148120
    -0.00007367      0.00009120     -0.00005928
     0.00013536      0.00002378      0.00008319
     0.00001617     -0.00002573     -0.00003125
    -0.00006856     -0.00000993      0.00008105
     0.00005702      0.00001746     -0.00009381
     0.00004569      0.00002512     -0.00004887
    -0.00000136     -0.00003590      0.00010915
    -0.00104715     -0.00148120      0.00155879
    -0.00007367     -0.00005928      0.00009120
    -0.00006856      0.00008105     -0.00000993
     0.00005702     -0.00009381      0.00001746
     0.00013536      0.00008319      0.00002378
     0.00001617     -0.00003125     -0.00002573
     0.00004569     -0.00004887      0.00002512
    -0.00000136      0.00010915     -0.00003590
     0.00040850     -0.00036084     -0.00036084
     0.00093360      0.00040101      0.00040101
     0.00003407     -0.00001514      0.00001951
     0.00003931     -0.00007015     -0.00002996
     0.00003407      0.00001951     -0.00001514
     0.00003931     -0.00002996     -0.00007015
    -0.00005022      0.00011125      0.00011125
    -0.00069011     -0.00021962     -0.00021962
    -0.00028789      0.00039869     -0.00039144
    -0.00012940      0.00008527      0.00005144
    -0.00000720     -0.00002601      0.00003898
     0.00008885      0.00006294      0.00011227
     0.00000343      0.00000782     -0.00001406
     0.00000171     -0.00003983     -0.00001397
     0.00007113     -0.00000750     -0.00003544
     0.00204929      0.00281718     -0.00106971
    -0.00008713     -0.00005286     -0.00009864
    -0.00002006     -0.00001804      0.00005526
     0.00007764      0.00008077      0.00000648
     0.00001634      0.00013845     -0.00000895
     0.00003420     -0.00002269      0.00014422
    -0.00021814     -0.00022561     -0.00027547
    -0.00001423     -0.00003248     -0.00002655
     0.00005977     -0.00002976     -0.00000684
     0.06888525     -0.06956888      0.02034761
    -0.00003863     -0.00009662      0.00017503
     0.00001255     -0.00014342      0.00012099
     0.00001890      0.00000615     -0.00003178
    -0.00004494      0.00001689      0.00003036
    -0.00001376     -0.00002164      0.00000688
    -0.00007528     -0.00002275     -0.00000789
     0.00001998      0.00000561     -0.00001520
    -0.00008713     -0.00009864     -0.00005286
    -0.00002006      0.00005526     -0.00001804
     0.00003420      0.00014422     -0.00002269
    -0.00021814     -0.00027547     -0.00022561
     0.00007764      0.00000648      0.00008077
     0.00001634     -0.00000895      0.00013845
    -0.00001423     -0.00002655     -0.00003248
     0.00005977     -0.00000684     -0.00002976
    -0.00028789     -0.00039144      0.00039869
    -0.00012940      0.00005144      0.00008527
     0.00000343     -0.00001406      0.00000782
     0.00000171     -0.00001397     -0.00003983
    -0.00000720      0.00003898     -0.00002601
     0.00008885      0.00011227      0.00006294
     0.00007113     -0.00003544     -0.00000750
     0.00204929     -0.00106971      0.00281718
    -0.28385899      0.15278849      0.15278849
     0.00021070     -0.00042393     -0.00042393
     0.00015410     -0.00004616      0.00001484
    -0.00006158     -0.00011531     -0.00013520
     0.00015410      0.00001484     -0.00004616
    -0.00006158     -0.00013520     -0.00011531
     0.00012189      0.00005775      0.00005775
     0.00009940     -0.00035705     -0.00035705
     0.02313139     -0.02198215      0.00329332
     0.00018634     -0.00080713      0.00013098
     0.00023729     -0.00042268      0.00045327
    -0.00001439     -0.00002010     -0.00001394
     0.00002928      0.00005650      0.00001992
    -0.00003330     -0.00015517     -0.00008824
    -0.00017158     -0.00007557      0.00012569
    -0.00022619     -0.00017839     -0.00046610
     0.00092325     -0.00087839     -0.00087839
    -0.00049970     -0.00020925     -0.00020925
    -0.00016498      0.00019984     -0.00013929
    -0.00002056      0.00009133     -0.00002515
    -0.00016498     -0.00013929      0.00019984
    -0.00002056     -0.00002515      0.00009133
     0.00085664     -0.00069020     -0.00069020
     0.00018522     -0.00003441     -0.00003441
     0.02313139      0.00329332     -0.02198215
     0.00018634      0.00013098     -0.00080713
     0.00002928      0.00001992      0.00005650
    -0.00003330     -0.00008824     -0.00015517
     0.00023729      0.00045327     -0.00042268
    -0.00001439     -0.00001394     -0.00002010
    -0.00017158      0.00012569     -0.00007557
    -0.00022619     -0.00046610     -0.00017839
     0.00021946     -0.00025443     -0.00013290
     0.00021576     -0.00024895     -0.00051740
     0.00020923     -0.00063356     -0.00016007
     0.00027625     -0.00016699     -0.00016842
     0.00053725     -0.00023875     -0.00057822
     0.00225382      0.00539678      0.01199979
     0.00009692     -0.00001793      0.00003835
     0.00018144     -0.00020048      0.00009101
     0.00021946     -0.00013290     -0.00025443
     0.00021576     -0.00051740     -0.00024895
     0.00053725     -0.00057822     -0.00023875
     0.00225382      0.01199979      0.00539678
     0.00020923     -0.00016007     -0.00063356
     0.00027625     -0.00016842     -0.00016699
     0.00009692      0.00003835     -0.00001793
     0.00018144      0.00009101     -0.00020048
     0.07824312     -0.04717705     -0.04717705
    -0.00025257      0.00050758      0.00050758
     0.00004693     -0.00002085      0.00013199
    -0.00000223      0.00010632     -0.00010893
     0.00004693      0.00013199     -0.00002085
    -0.00000223     -0.00010893      0.00010632
     0.00006894      0.00009204      0.00009204
     0.00000043      0.00020286      0.00020286
     0.00015471      0.00043541     -0.00017923
    -0.00002521      0.00010241     -0.00012990
    -0.00228733     -0.00512680     -0.00819855
    -0.00047038      0.00067578      0.00048841
    -0.00017252      0.00013478     -0.00007590
     0.00006669      0.00044294      0.00048256
    -0.00012145      0.00000862      0.00006506
     0.00003030      0.00014733      0.00006078
     0.00015471     -0.00017923      0.00043541
    -0.00002521     -0.00012990      0.00010241
    -0.00017252     -0.00007590      0.00013478
     0.00006669      0.00048256      0.00044294
    -0.00228733     -0.00819855     -0.00512680
    -0.00047038      0.00048841      0.00067578
    -0.00012145      0.00006506      0.00000862
     0.00003030      0.00006078      0.00014733
    -0.00058001      0.00033734      0.00033734
     0.02006562     -0.04342493     -0.04342493
     0.00000798      0.00006794      0.00008535
    -0.00039091      0.00040299     -0.00012991
     0.00000798      0.00008535      0.00006794
    -0.00039091     -0.00012991      0.00040299
    -0.00065047      0.00005170      0.00005170
    -0.00023838      0.00001790      0.00001790
97  0.00000000  0.00000000  -0.00082621
    -0.14685677     -0.16296212      0.16296929
     0.00004804     -0.00002779     -0.00003486
     0.00009707     -0.00000104      0.00000795
    -0.00002187     -0.00001336      0.00002371
    -0.00002896     -0.00014881      0.00015572
    -0.00002187     -0.00001679      0.00002028
     0.00006656      0.00001887     -0.00001196
     0.00004804      0.00004178      0.00003471
     0.00247787     -0.00207792      0.00178059
     0.00034104      0.00009353      0.00034308
     0.00010598      0.00006814     -0.00008791
     0.00004723      0.00000081     -0.00002407
    -0.00006322     -0.00007906      0.00001723
     0.00010405      0.00011330     -0.00001473
     0.00018329      0.00001812      0.00005876
    -0.00003019      0.00001362     -0.00002885
    -0.00065542      0.00026275     -0.00004750
     0.00008321     -0.00007537     -0.00006102
     0.00000766      0.00002739     -0.00020244
    -0.00002511     -0.00002012      0.00002839
     0.00003797      0.00003061     -0.00000625
    -0.00000993     -0.00001644     -0.00000699
     0.00015376     -0.00003782     -0.00015366
    -0.00008434     -0.00032892     -0.00015553
    -0.00348470     -0.00411155      0.00331411
    -0.00008961     -0.00007732      0.00014301
     0.00000695     -0.00004577      0.00008554
     0.00002568      0.00002685     -0.00000975
    -0.00016365      0.00031458      0.00001964
    -0.00003771      0.00003287      0.00002282
    -0.00000095     -0.00009310      0.00003533
    -0.00002843     -0.00003153     -0.00002261
     0.00141462     -0.00141846      0.00004416
     0.00008495      0.00008995     -0.00007461
     0.00016000      0.00001644      0.00014190
    -0.00003220     -0.00000409      0.00006698
     0.00002565     -0.00015105     -0.00000058
     0.00005996      0.00002789     -0.00002778
    -0.00003189      0.00005508      0.00001418
    -0.00001886     -0.00001848     -0.00003268
    -0.00017612      0.00120503     -0.00039914
    -0.00007544      0.00014405     -0.00010043
     0.00000504     -0.00008602      0.00012780
    -0.00002385      0.00003080     -0.00009012
    -0.00024829     -0.00014547     -0.00007367
     0.00003613     -0.00004904     -0.00000543
    -0.00001685      0.00004764      0.00005276
    -0.00000915      0.00008071      0.00002879
    -0.00008638      0.00015685      0.00033025
    -0.00065746      0.00004882     -0.00026142
    -0.00001197      0.00000832      0.00001777
     0.00000562      0.00020377     -0.00002607
    -0.00002715     -0.00002706      0.00002145
     0.00003593      0.00000757     -0.00002929
     0.00008117      0.00006235      0.00007670
     0.00015172      0.00015499      0.00003914
    -0.00009457     -0.00014544      0.00007927
    -0.00000591     -0.00003776      0.00009505
     0.00002071      0.00000732     -0.00002490
    -0.00016861     -0.00002206     -0.00031263
    -0.00004267     -0.00002524     -0.00003092
     0.00000198     -0.00008797      0.00004772
    -0.00003340      0.00002018      0.00003348
    -0.00348966     -0.00331654      0.00411350
    -0.00002447      0.00008973     -0.00002452
    -0.00024891      0.00007328      0.00015176
    -0.00007607      0.00010004     -0.00013776
    -0.00001748     -0.00005315     -0.00004135
    -0.00000978     -0.00002917     -0.00007442
    -0.00017674      0.00039876     -0.00119874
     0.00003550      0.00000504      0.00005533
     0.00000442     -0.00012818      0.00009231
     0.01495755     -0.07883563      0.07884248
    -0.00003169      0.00013169     -0.00013802
     0.00000585      0.00010752     -0.00010060
     0.00001256     -0.00000496      0.00002535
    -0.00001796      0.00000641      0.00000051
     0.00001256     -0.00001843      0.00001188
     0.00007834      0.00004299     -0.00003607
    -0.00003169      0.00014493     -0.00012477
     0.00005934      0.00003407     -0.00002828
     0.00015937     -0.00013561     -0.00001683
    -0.00001948      0.00003897      0.00001809
     0.00141399     -0.00003787      0.00141807
     0.00008432      0.00008090     -0.00009034
    -0.00003252     -0.00000789     -0.00005546
    -0.00003283     -0.00006069      0.00000370
     0.00002503      0.00000686      0.00015067
     0.00033607     -0.00034113     -0.00009596
     0.00017832     -0.00005681     -0.00002054
     0.00004227      0.00002602     -0.00000324
    -0.00006818     -0.00001528      0.00007663
     0.00009909      0.00001668     -0.00011573
     0.00010101      0.00008986     -0.00007057
    -0.00003515      0.00003080     -0.00001605
     0.00247291     -0.00177864      0.00207550
     0.28258792      0.36679242     -0.36679401
    -0.00015345     -0.00020497      0.00025337
    -0.00009957     -0.00000514      0.00000346
     0.00005740      0.00002759     -0.00000768
    -0.00021975     -0.00006851      0.00006684
     0.00005740      0.00000601     -0.00002927
    -0.00012262     -0.00000662      0.00000495
    -0.00015345     -0.00025505      0.00020330
     0.00468265     -0.00333032     -0.01018719
    -0.00033611      0.00032958      0.00003238
    -0.00038460      0.00002422     -0.00032896
    -0.00005098     -0.00006315     -0.00003512
    -0.00034497     -0.00026815      0.00013778
    -0.00020114      0.00004896     -0.00012068
    -0.00007432     -0.00011225     -0.00015923
    -0.00010497     -0.00014119      0.00004308
    -0.00091702     -0.00087179      0.00087157
     0.00014977      0.00013303      0.00008085
     0.00035308     -0.00029801      0.00029779
     0.00001439      0.00003328     -0.00003267
    -0.00005524      0.00005490     -0.00005512
     0.00001439      0.00003244     -0.00003350
    -0.00089423     -0.00067148      0.00067126
     0.00014977     -0.00008107     -0.00013326
    -0.03047514      0.01890786      0.03128200
    -0.00005983     -0.00033255     -0.00017801
     0.00012954     -0.00006870      0.00001301
     0.00001978      0.00005857     -0.00014644
    -0.00007445     -0.00065476      0.00013352
    -0.00003445      0.00008268      0.00006521
    -0.00003970     -0.00016004      0.00001100
    -0.00020783     -0.00013088      0.00007591
     0.00002050      0.00014269     -0.00005952
    -0.00007373     -0.00013727      0.00065381
    -0.00005910      0.00017426      0.00033161
    -0.00003898     -0.00001475      0.00015909
    -0.00020711     -0.00007966      0.00012994
    -0.03047446     -0.03128576     -0.01890881
    -0.00003372     -0.00006896     -0.00008363
     0.00013027     -0.00001676      0.00006775
    -0.00020041      0.00011973     -0.00005271
    -0.00038387      0.00032801     -0.00002797
    -0.00010425     -0.00004403      0.00013744
     0.00468338      0.01018625      0.00332656
    -0.00033539     -0.00003333     -0.00033333
    -0.00007360      0.00015828      0.00010850
    -0.00005025      0.00003417      0.00005940
    -0.00034424     -0.00013873      0.00026440
    -0.05102859     -0.05048816      0.05827859
     0.00043377     -0.00038751     -0.00006671
     0.00009976     -0.00018451      0.00019942
    -0.00005032     -0.00002345      0.00015058
     0.00022643      0.00006062      0.00006985
     0.00002734      0.00004490     -0.00003270
     0.00008457     -0.00011012      0.00003134
     0.00029763      0.00025282     -0.00012233
    -0.00011552     -0.00008871      0.00008717
     0.00003664      0.00002788      0.00008310
     0.00199837     -0.00058952      0.00058797
    -0.00017222     -0.00019781     -0.00018818
     0.00030703      0.00039035     -0.00039189
    -0.00017222      0.00018664      0.00019627
     0.00005180     -0.00003569      0.00003415
     0.00003664     -0.00008464     -0.00002942
    -0.00014173      0.00060418     -0.00060572
    -0.00004851      0.00017809     -0.00007151
     0.00007148      0.00055250     -0.00055403
     0.00054347     -0.00005533     -0.00018678
     0.00271026      0.00258045     -0.00258199
     0.00054347      0.00018525      0.00005379
     0.00019142     -0.00011180      0.00011026
    -0.00004851      0.00006997     -0.00017963
     0.00030257      0.00011585     -0.00025930
    -0.05102379     -0.05828522      0.05048156
     0.00003228      0.00002622     -0.00005138
     0.00010471     -0.00020590      0.00017803
    -0.00004538     -0.00015706      0.00001697
     0.00023137     -0.00007634     -0.00006710
     0.00043871      0.00006022      0.00038103
     0.00008951     -0.00003782      0.00010364
145  -0.00082621  0.00000000  0.00000000
     0.01241890     -0.00902610     -0.01224605
     0.00018490     -0.00027391     -0.00004116
     0.00002816     -0.00001524     -0.00003777
    -0.00001146     -0.00002616      0.00003521
     0.00006434      0.00020348      0.00005592
     0.00002929      0.00001314     -0.00001836
    -0.00002257      0.00000769     -0.00002208
     0.00004615      0.00003097     -0.00013195
     0.02101708     -0.01983470      0.02152139
    -0.00010568     -0.00009474      0.00017285
    -0.00000958     -0.00013155      0.00014924
     0.00005818     -0.00003776     -0.00001165
     0.00000752     -0.00002621      0.00004425
     0.00003125      0.00007033      0.00001977
    -0.00001316     -0.00000042      0.00002246
     0.00002168     -0.00004524     -0.00002010
     0.00006639     -0.00042382     -0.00042382
     0.00010045     -0.00021132     -0.00021132
    -0.00000144     -0.00000540      0.00018746
     0.00001547     -0.00001299     -0.00004671
    -0.00000144      0.00018746     -0.00000540
     0.00001547     -0.00004671     -0.00001299
    -0.00060850     -0.00026096     -0.00026096
     0.00007064      0.00007322      0.00007322
     0.02101708      0.02152139     -0.01983470
    -0.00010568      0.00017285     -0.00009474
     0.00000752      0.00004425     -0.00002621
     0.00003125      0.00001977      0.00007033
    -0.00000958      0.00014924     -0.00013155
     0.00005818     -0.00001165     -0.00003776
    -0.00001316      0.00002246     -0.00000042
     0.00002168     -0.00002010     -0.00004524
    -0.00656078      0.00594229     -0.00525909
    -0.00001261     -0.00001409      0.00002200
    -0.00010488     -0.00009059     -0.00001306
    -0.00004010     -0.00001001      0.00004550
    -0.00003512      0.00002489     -0.00000279
    -0.00000281     -0.00004362     -0.00001792
    -0.00003467     -0.00003201      0.00001007
     0.00000685      0.00001431     -0.00010595
    -0.00656078     -0.00525909      0.00594229
    -0.00001261      0.00002200     -0.00001409
    -0.00003512     -0.00000279      0.00002489
    -0.00000281     -0.00001792     -0.00004362
    -0.00010488     -0.00001306     -0.00009059
    -0.00004010      0.00004550     -0.00001001
    -0.00003467      0.00001007     -0.00003201
     0.00000685     -0.00010595      0.00001431
    -0.00048754     -0.00017746     -0.00017746
    -0.00003997     -0.00000472     -0.00000472
    -0.00003779     -0.00011748     -0.00001922
    -0.00006145     -0.00005033      0.00005144
    -0.00003779     -0.00001922     -0.00011748
    -0.00006145      0.00005144     -0.00005033
    -0.00005169     -0.00008180     -0.00008180
     0.00006270     -0.00010077     -0.00010077
    -0.00027560     -0.00019240     -0.00034756
     0.00004850     -0.00000115      0.00001427
    -0.00002073      0.00001579     -0.00011292
    -0.00000866     -0.00000558     -0.00002765
    -0.00002794      0.00002947     -0.00000451
     0.00003535     -0.00003401      0.00000388
     0.00003927     -0.00000337     -0.00005831
    -0.00086082     -0.00011564      0.00069327
     0.00013779     -0.00002155      0.00005504
    -0.00008599      0.00001965     -0.00015481
     0.00011133     -0.00012696      0.00023776
     0.00001827     -0.00007172      0.00001811
    -0.00008135     -0.00001121     -0.00003809
     0.00014184     -0.00008460      0.00049595
     0.00000079      0.00003338      0.00001451
    -0.00000455     -0.00002646     -0.00002414
     0.01241890     -0.01224605     -0.00902610
     0.00018490     -0.00004116     -0.00027391
     0.00006434      0.00005592      0.00020348
     0.00002929     -0.00001836      0.00001314
     0.00002816     -0.00003777     -0.00001524
    -0.00001146      0.00003521     -0.00002616
    -0.00002257     -0.00002208      0.00000769
     0.00004615     -0.00013195      0.00003097
     0.00013779      0.00005504     -0.00002155
    -0.00008599     -0.00015481      0.00001965
    -0.00008135     -0.00003809     -0.00001121
     0.00014184      0.00049595     -0.00008460
     0.00011133      0.00023776     -0.00012696
     0.00001827      0.00001811     -0.00007172
     0.00000079      0.00001451      0.00003338
    -0.00000455     -0.00002414     -0.00002646
    -0.00027560     -0.00034756     -0.00019240
     0.00004850      0.00001427     -0.00000115
    -0.00002794     -0.00000451      0.00002947
     0.00003535      0.00000388     -0.00003401
    -0.00002073     -0.00011292      0.00001579
    -0.00000866     -0.00002765     -0.00000558
     0.00003927     -0.00005831     -0.00000337
    -0.00086082      0.00069327     -0.00011564
     0.06144224     -0.06532659     -0.06532659
    -0.00088212      0.00016369      0.00016369
    -0.00009711     -0.00000720     -0.00002201
     0.00008187      0.00008865     -0.00000837
    -0.00009711     -0.00002201     -0.00000720
     0.00008187     -0.00000837      0.00008865
    -0.00015576     -0.00002086     -0.00002086
    -0.00015297      0.00013109      0.00013109
     0.06944820     -0.05072121     -0.03993091
     0.00035109      0.00037133      0.00023179
     0.00025748      0.00044139     -0.00006617
    -0.00004965      0.00011297     -0.00005667
     0.00006761     -0.00002667     -0.00018835
     0.00014507      0.00008098      0.00000718
     0.00009389     -0.00013280      0.00000027
    -0.00003641      0.00029730      0.00033406
     0.00002199      0.00052878      0.00052878
     0.00077216      0.00025371      0.00025371
    -0.00012689     -0.00022764     -0.00007625
     0.00015344      0.00005046      0.00009431
    -0.00012689     -0.00007625     -0.00022764
     0.00015344      0.00009431      0.00005046
     0.00077771      0.00081066      0.00081066
    -0.00018654     -0.00011469     -0.00011469
     0.06944820     -0.03993091     -0.05072121
     0.00035109      0.00023179      0.00037133
     0.00006761     -0.00018835     -0.00002667
     0.00014507      0.00000718      0.00008098
     0.00025748     -0.00006617      0.00044139
    -0.00004965     -0.00005667      0.00011297
     0.00009389      0.00000027     -0.00013280
    -0.00003641      0.00033406      0.00029730
    -0.00009015      0.00018236     -0.00002251
    -0.00006582      0.00009573      0.00073007
    -0.00014747     -0.00013322      0.00011764
    -0.00007838     -0.00012109      0.00004143
    -0.00062624      0.00027493      0.00066991
     0.00689340      0.00234849     -0.00654679
    -0.00005483      0.00010575      0.00001323
    -0.00000415      0.00011640      0.00006751
    -0.00009015     -0.00002251      0.00018236
    -0.00006582      0.00073007      0.00009573
    -0.00062624      0.00066991      0.00027493
     0.00689340     -0.00654679      0.00234849
    -0.00014747      0.00011764     -0.00013322
    -0.00007838      0.00004143     -0.00012109
    -0.00005483      0.00001323      0.00010575
    -0.00000415      0.00006751      0.00011640
    -0.24029619      0.19348837      0.19348837
     0.00020667     -0.00001353     -0.00001353
    -0.00002113     -0.00025434     -0.00001963
    -0.00003077     -0.00003526      0.00027195
    -0.00002113     -0.00001963     -0.00025434
    -0.00003077      0.00027195     -0.00003526
    -0.00033604     -0.00001809     -0.00001809
    -0.00040887     -0.00007444     -0.00007444
     0.00014412     -0.00045973      0.00033981
    -0.00002941     -0.00014118      0.00008644
    -0.00764417      0.01211280      0.00679305
     0.00040743     -0.00062086     -0.00062167
     0.00011467      0.00012133     -0.00002332
    -0.00020295     -0.00045959      0.00000027
     0.00017608      0.00017193     -0.00007354
    -0.00004207      0.00000473     -0.00008409
     0.00014412      0.00033981     -0.00045973
    -0.00002941      0.00008644     -0.00014118
     0.00011467     -0.00002332      0.00012133
    -0.00020295      0.00000027     -0.00045959
    -0.00764417      0.00679305      0.01211280
     0.00040743     -0.00062167     -0.00062086
     0.00017608     -0.00007354      0.00017193
    -0.00004207     -0.00008409      0.00000473
     0.00065367     -0.00063315     -0.00063315
    -0.01113973     -0.03383528     -0.03383528
    -0.00007061      0.00004539     -0.00011074
     0.00027755     -0.00046100      0.00010031
    -0.00007061     -0.00011074      0.00004539
     0.00027755      0.00010031     -0.00046100
    -0.00001907     -0.00031041     -0.00031041
     0.00011673     -0.00004169     -0.00004169
