    3    5   15
 14.001 12.011  1.000
    1    1  0.0080  0.0000  0.0000
 -0.257674175974  -0.227063979735  -0.027704836582
 -0.012958208185  -0.003885176737   0.002603727741
  0.042459866770   0.023625317932   0.004400610367
  0.033508947599   0.072140320359   0.061618122423
  0.194663569790   0.135183518181  -0.040917623948
    1    2  0.0000  0.0080  0.0000
 -0.227120187497  -0.339494751102   0.015532991289
 -0.003159652094  -0.004705957825  -0.018130154213
  0.012457270809   0.098708744032  -0.080637633008
  0.055406900611   0.130568463343   0.120609244041
  0.162415668171   0.114923501551  -0.037374448109
    1    3  0.0000  0.0000  0.0080
 -0.027786213521   0.015548503877  -0.512753408058
  0.001118646561  -0.016855780584   0.017825219410
  0.028243829749  -0.101439876203   0.235096050003
  0.040794132765   0.131097325011   0.202688763736
 -0.042370395553  -0.028350172100   0.057143374909
    2    1  0.0080  0.0000  0.0000
 -0.013026441589  -0.003111777985   0.001063747385
 -0.016532707711   0.010597952211  -0.016461487510
  0.031081748750  -0.008806549988   0.012612619079
 -0.001460941085   0.001350381619   0.000330385200
 -0.000061658366  -0.000030005858   0.002454735845
    2    2  0.0000  0.0080  0.0000
 -0.003837402749  -0.004715828766  -0.016791726500
  0.010648207808  -0.179481978342   0.334212497462
 -0.009663094196   0.185401707241  -0.317814729441
  0.002132405439   0.001898489750  -0.000212180567
  0.000719883697  -0.003102389882   0.000606139046
    2    3  0.0000  0.0000  0.0080
  0.002623854303  -0.018212191483   0.017886103088
 -0.016530125181   0.334368261947  -0.694693172547
  0.014382647273  -0.319304971099   0.681089840612
 -0.002887797531  -0.000647755204  -0.003926917872
  0.002411421136   0.003796655839  -0.000355853282
    3    1  0.0080  0.0000  0.0000
  0.042477053042   0.012487116615   0.028243745929
  0.031044900564  -0.009714222595   0.014413405122
 -0.073221929714  -0.001062920797  -0.024590709924
  0.003388723708  -0.008941119707   0.004530941992
 -0.003688747600   0.007231146484  -0.022597383119
    3    2  0.0000  0.0080  0.0000
  0.023577685872   0.098563186424  -0.101339149658
 -0.008886023109   0.185279496064  -0.319264172287
 -0.001003639922  -0.288362472855   0.429983675984
 -0.005055963541  -0.009516577118   0.009575613885
 -0.008632059300   0.014036367486  -0.018955967924
    3    3  0.0000  0.0000  0.0080
  0.004467066502  -0.080709544879   0.235090334710
  0.012657354683  -0.317903822867   0.681001516043
 -0.024579738308   0.430382536985  -0.957928067003
  0.007455097263  -0.018118777855   0.029160378708
  0.000000219860  -0.013650391383   0.012675837541
    4    1  0.0080  0.0000  0.0000
  0.033570415168   0.055410630501   0.040600915327
 -0.001477828283   0.002133738489  -0.002865953088
  0.003352137177  -0.005143369709   0.007534213474
 -0.040943325351  -0.064612510303  -0.063288597530
  0.005498601288   0.012211511022   0.018019421817
    4    2  0.0000  0.0080  0.0000
  0.072216058535   0.130576248738   0.130938255325
  0.001334965822   0.001939547990  -0.000639631028
 -0.008991015796  -0.009584725232  -0.018104551864
 -0.064648687596  -0.131823563090  -0.125763874065
  0.000088679035   0.008892491595   0.013569801632
    4    3  0.0000  0.0000  0.0080
  0.061590786721   0.120539503872   0.202639089598
  0.000304903705  -0.000207563830  -0.003929530417
  0.004532202703   0.009462176354   0.029319752930
 -0.063329543753  -0.125795950027  -0.220518120771
 -0.003098349376  -0.003998166369  -0.007511191340
    5    1  0.0080  0.0000  0.0000
  0.194657887595   0.162442889578  -0.042387611482
 -0.000033968520   0.000710224547   0.002413376251
 -0.003715597454  -0.008660316379  -0.000024130859
  0.005522122980   0.000114307123  -0.003122837825
 -0.196430444602  -0.154607104869   0.043121203915
    5    2  0.0000  0.0080  0.0000
  0.135143630933   0.114960368005  -0.028275537388
  0.000024549928  -0.003064296073   0.003784523573
  0.007190408048   0.014032240611  -0.013764181414
  0.012237448021   0.008880983855  -0.004062866686
 -0.154596036930  -0.134809296398   0.042318061915
    5    3  0.0000  0.0000  0.0080
 -0.040888462781  -0.037342587338   0.057282545668
  0.002411494608   0.000555494520  -0.000391294022
 -0.022609961642  -0.019052280795   0.012775642631
  0.017983001915   0.013537040678  -0.007559896316
  0.043103927901   0.042302332934  -0.062106997960
