10
1 0.00332161 0.00000000 0.00000000
    0.31368200      0.06765200     -0.33675000
    0.00154300      0.00145000     -0.00143900
    0.00152900      0.00141900     -0.00144900
    0.00150200      0.00143200     -0.00144500
    0.00147400      0.00156500     -0.00134300
    0.00152300      0.00139200     -0.00143700
    0.00154000      0.00141300     -0.00140600
    0.00155800      0.00140400     -0.00142900
   -0.00007100      0.00186400      0.00149200
   -0.00105400      0.00207200      0.00189200
   -0.00146400      0.00149200      0.00135900
   -0.00141600      0.00155800      0.00143100
   -0.00142200      0.00153900      0.00139900
   -0.00150700      0.00149300      0.00150700
   -0.00138700      0.00155400      0.00144500
   -0.00148100      0.00147600      0.00137200
   -0.00168400      0.00156100      0.00138400
   -0.00148200      0.00146000      0.00140300
   -0.00158000      0.00148400      0.00140600
   -0.00151000      0.00139200      0.00143300
   -0.00150300      0.00145300      0.00135500
   -0.00155300      0.00142900      0.00146400
   -0.00137300      0.00135300      0.00156100
   -0.00156400      0.00146600      0.00142400
   -0.00629800     -0.00378100      0.00598800
   -0.00126800      0.00140200      0.00140300
   -0.00141200      0.00139500      0.00151600
   -0.00147700      0.00144900      0.00151400
   -0.00147200      0.00175000      0.00149700
   -0.00141400      0.00135800      0.00151100
   -0.00142200      0.00141900      0.00154700
   -0.00142700      0.00142300      0.00153200
    0.00084300      0.00385500     -0.00365000
    0.00142100      0.00145300     -0.00143500
    0.00148300      0.00150700     -0.00141800
    0.00139900      0.00151600     -0.00143300
    0.00145800      0.00150700     -0.00134000
    0.00149300      0.00147400     -0.00150500
    0.00145300      0.00157100     -0.00138200
    0.00144200      0.00155500     -0.00142700
    0.00223500     -0.00137500      0.00134700
    0.00141800     -0.00149600      0.00154700
    0.00137700     -0.00142300      0.00151300
    0.00143900     -0.00143300      0.00149400
    0.00183800     -0.00169700      0.00138800
    0.00139100     -0.00140100      0.00151800
    0.00145600     -0.00139700      0.00156700
    0.00142400     -0.00146500      0.00155500
   -0.00152600     -0.00149000     -0.00134500
   -0.00300000     -0.00065500     -0.00184100
   -0.00152700     -0.00139700     -0.00140500
   -0.00148400     -0.00144100     -0.00134000
   -0.00153200     -0.00140900     -0.00144700
   -0.00153000     -0.00142300     -0.00141400
   -0.00158900     -0.00146300     -0.00141500
   -0.00169300     -0.00120400     -0.00172800
   -0.00160600     -0.00151900     -0.00133300
   -0.00140800     -0.00150600     -0.00141100
   -0.00145800     -0.00152600     -0.00143000
   -0.00138000     -0.00138100     -0.00122900
   -0.00140900     -0.00152100     -0.00143800
   -0.00141500     -0.00153400     -0.00142100
   -0.00143900     -0.00156300     -0.00144000
    0.00115800     -0.00002600     -0.00303700
    0.00142700     -0.00150900      0.00153400
    0.00062200     -0.00160800      0.00193800
    0.00149200     -0.00150400      0.00141000
    0.00145200     -0.00152600      0.00144200
    0.00147600     -0.00152100      0.00134400
    0.00124000     -0.00224600      0.00224500
    0.00141600     -0.00154100      0.00146200
    0.00143100     -0.00151200      0.00144300
    0.02951400      0.01782700     -0.02156500
    0.00157600     -0.00153300      0.00130300
    0.00148800     -0.00146100      0.00142300
    0.00153800     -0.00141500      0.00145700
    0.00148900     -0.00145900      0.00142300
    0.00152200     -0.00140500      0.00143500
    0.00155800     -0.00139700      0.00141500
    0.00150300     -0.00150400      0.00133900
    0.00120600      0.00125800     -0.00158900
    0.00147500      0.00137800     -0.00151800
    0.00143300      0.00148800     -0.00155100
    0.00130700      0.00063900     -0.00160400
    0.00143600      0.00141700     -0.00162300
    0.00147900      0.00144600     -0.00152200
    0.00143700      0.00140600     -0.00151100
    0.00136200      0.00152000     -0.00148500
   -0.00171700     -0.00109600     -0.00099100
   -0.00142900     -0.00137900     -0.00147400
   -0.00141800     -0.00140200     -0.00151800
   -0.00143400     -0.00144300     -0.00151100
   -0.00119900     -0.00115000     -0.00157900
   -0.00139700     -0.00145000     -0.00152200
   -0.00141800     -0.00147500     -0.00160800
   -0.00157300     -0.00107100     -0.00168000
   -0.27251000     -0.07448300      0.26163800
   -0.00132500     -0.00024600      0.00016100
   -0.00128700      0.00006900     -0.00008600
   -0.00129500     -0.00019400      0.00001100
   -0.00096000     -0.00013600     -0.00008200
   -0.00128100      0.00010900     -0.00004800
   -0.00132800      0.00000100      0.00002700
   -0.00116200      0.00024100     -0.00011500
    0.00165100     -0.01045000      0.00548800
   -0.00040800     -0.00057100      0.00057700
    0.00015800     -0.00106700      0.00034200
   -0.00015400     -0.00136700     -0.00009800
    0.00007800     -0.00090600     -0.00010700
    0.00004000     -0.00144200     -0.00001700
    0.00005300     -0.00148000     -0.00020800
    0.00025200     -0.00104100     -0.00008700
   -0.00044900      0.00002900     -0.00153200
    0.00075400     -0.00035200      0.00008600
    0.00074900      0.00066200     -0.00045700
    0.00127900     -0.00006800      0.00009000
    0.00090200     -0.00008300      0.00026800
    0.00144100      0.00023100     -0.00013700
    0.00182700     -0.00062900      0.00059600
    0.00151200      0.00008800     -0.00019600
   -0.01108600      0.02557900      0.00866000
    0.00021200      0.00024600     -0.00138500
   -0.00004500      0.00002800     -0.00114900
    0.00011600     -0.00003800     -0.00133700
    0.00083800      0.00109600     -0.00186200
   -0.00010400     -0.00002600     -0.00126000
    0.00005900     -0.00009300     -0.00136400
   -0.00021300     -0.00014400     -0.00116000
   -0.00015600      0.00150200      0.00003300
    0.00088800     -0.00076100      0.00040300
   -0.00025000      0.00102300      0.00022000
   -0.00013000      0.00124300     -0.00006200
    0.00037600      0.00117300     -0.00020700
    0.00788700      0.00524200      0.00630700
    0.00023400      0.00133600     -0.00004100
   -0.00001700      0.00124600      0.00001300
   -0.00008300     -0.00003700      0.00092300
    0.00036200     -0.00027000      0.00128000
   -0.00015600     -0.00017600      0.00154900
   -0.00201000      0.00067900     -0.00073600
    0.00098100      0.00089200      0.00224500
   -0.00023600      0.00006900      0.00124400
    0.00001900      0.00006300      0.00123800
    0.00014000     -0.00008700      0.00100400
   -0.09586000     -0.06102600      0.10536400
   -0.00181000     -0.00212600     -0.00195300
   -0.00198500     -0.00194500     -0.00207800
   -0.00195000     -0.00188900     -0.00184800
   -0.00226800     -0.00220700     -0.00156300
   -0.00195300     -0.00190500     -0.00201100
   -0.00190100     -0.00192200     -0.00183000
   -0.00171100     -0.00199200     -0.00189200
    0.00213500     -0.00149600      0.00108900
    0.00198900     -0.00205500      0.00227400
    0.00083100     -0.00132000      0.00020800
    0.00178600     -0.00209700      0.00161000
    0.00221300     -0.00170400      0.00224000
    0.00182400     -0.00213700      0.00149900
    0.00185800     -0.00240500      0.00248200
    0.00203500     -0.00193800      0.00196500
    0.00131100      0.00056800      0.00057200
    0.00212600      0.00198700     -0.00213300
    0.00183600      0.00218100     -0.00162600
    0.00215000      0.00204100     -0.00199700
    0.00148700     -0.00139500     -0.00545400
    0.00159100      0.00181600     -0.00174000
    0.00200100      0.00213800     -0.00225400
    0.00182800      0.00186600     -0.00185900
   -0.00224300      0.00225000      0.00163600
    0.03194900      0.03285500     -0.02684500
   -0.00197600      0.00194900      0.00221600
   -0.00203900      0.00200400      0.00196200
   -0.00195700      0.00188600      0.00198000
   -0.00266700      0.00232200      0.00219100
   -0.00207400      0.00181300      0.00158800
   -0.00184900      0.00193000      0.00196800
1 0.00000000 0.00000000 0.00332161
   -0.63059100     -0.63740200      0.63739000
    0.00152200      0.00142300     -0.00142600
    0.00149900      0.00142200     -0.00143600
    0.00153000      0.00142700     -0.00142800
    0.00154200      0.00139100     -0.00140600
    0.00152800      0.00141700     -0.00144300
    0.00155900      0.00148200     -0.00149900
    0.00151900      0.00140600     -0.00143400
   -0.00208200      0.00056200      0.00173600
   -0.00101900      0.00135700      0.00143000
   -0.00143600      0.00150400      0.00145900
   -0.00140800      0.00152900      0.00135900
   -0.00141600      0.00155400      0.00137100
   -0.00157100      0.00149900      0.00156500
   -0.00151000      0.00149100      0.00144700
   -0.00141100      0.00154800      0.00146700
   -0.00071100     -0.00046200     -0.00001000
   -0.00156800      0.00140300      0.00144500
   -0.00152900      0.00151400      0.00148400
   -0.00154200      0.00141800      0.00145200
   -0.00152600      0.00140600      0.00147900
   -0.00151400      0.00144600      0.00140800
   -0.00145500      0.00121100      0.00140000
   -0.00156000      0.00153200      0.00144000
    0.00017100      0.00315300      0.00075900
   -0.00134200      0.00169600      0.00156800
   -0.00141900      0.00137900      0.00154400
   -0.00142900      0.00143900      0.00155100
   -0.00157600      0.00134200      0.00167600
   -0.00142600      0.00137100      0.00155900
   -0.00148200      0.00147500      0.00147300
   -0.00146300      0.00141700      0.00151400
    0.00125400     -0.00006000      0.00113700
    0.00147800      0.00153200     -0.00146500
    0.00141800      0.00153800     -0.00151300
    0.00137600      0.00154300     -0.00139200
    0.00139100      0.00159800     -0.00143300
    0.00154100      0.00148900     -0.00156100
    0.00158100      0.00164800     -0.00136400
    0.00142100      0.00148500     -0.00144800
    0.00094900     -0.00138900      0.00201000
    0.00139600     -0.00144600      0.00156700
    0.00138800     -0.00141800      0.00153800
    0.00145800     -0.00141800      0.00156800
    0.00142000     -0.00084100      0.00145100
    0.00139200     -0.00138000      0.00151100
    0.00162400     -0.00133300      0.00168700
    0.00140200     -0.00150700      0.00151400
   -0.00156700     -0.00142200     -0.00151400
   -0.00072100      0.00002800      0.00047800
   -0.00152400     -0.00139000     -0.00143000
   -0.00153800     -0.00146400     -0.00149800
   -0.00155400     -0.00143800     -0.00139900
   -0.00153900     -0.00146600     -0.00139000
   -0.00158100     -0.00142500     -0.00138800
   -0.00146700     -0.00138700     -0.00119500
   -0.00132300     -0.00157300     -0.00169300
   -0.00146200     -0.00147700     -0.00147300
   -0.00141300     -0.00155900     -0.00144000
   -0.00156400     -0.00168600     -0.00134400
   -0.00141200     -0.00156900     -0.00137200
   -0.00140500     -0.00155400     -0.00137800
   -0.00144900     -0.00152700     -0.00142200
    0.00018200     -0.00076800     -0.00315500
    0.00147300     -0.00156900      0.00142100
    0.00143800     -0.00145100      0.00084400
    0.00141400     -0.00156100      0.00144600
    0.00164000     -0.00168000      0.00133600
    0.00142000     -0.00151600      0.00151000
    0.00096800     -0.00200600      0.00138600
    0.00140700     -0.00151200      0.00138700
    0.00140600     -0.00153600      0.00142000
    0.01542000      0.01672600     -0.01674300
    0.00155800     -0.00142800      0.00144200
    0.00154600     -0.00144900      0.00143600
    0.00150800     -0.00144300      0.00141100
    0.00152500     -0.00146000      0.00144500
    0.00150900     -0.00142500      0.00142900
    0.00153800     -0.00149200      0.00147700
    0.00155600     -0.00145800      0.00141300
    0.00156100      0.00156600     -0.00149100
    0.00143500      0.00151600     -0.00153500
    0.00143700      0.00145000     -0.00148400
    0.00127300     -0.00113600      0.00006100
    0.00149600      0.00146700     -0.00152900
    0.00159800      0.00136800     -0.00164800
    0.00138700      0.00139400     -0.00153900
    0.00140800      0.00143400     -0.00159800
   -0.00100000     -0.00143000     -0.00136400
   -0.00149400     -0.00144600     -0.00149800
   -0.00139300     -0.00135500     -0.00153500
   -0.00140300     -0.00137500     -0.00156500
   -0.00155600     -0.00156900     -0.00151100
   -0.00142300     -0.00146000     -0.00151300
   -0.00139900     -0.00146700     -0.00155800
   -0.00206800     -0.00173700     -0.00057200
    0.55562500      0.58059100     -0.58057900
   -0.00138600      0.00034300      0.00041100
   -0.00111200      0.00012100     -0.00011800
   -0.00121900      0.00009700      0.00008600
   -0.00156000     -0.00016500      0.00016900
   -0.00122400     -0.00006900     -0.00008700
   -0.00174200      0.00000500     -0.00002300
   -0.00139300     -0.00041400     -0.00033500
   -0.00341800      0.00209000     -0.00075900
   -0.00083100     -0.00047800      0.00088600
    0.00049500     -0.00092900      0.00023200
    0.00012600     -0.00115900      0.00005600
   -0.00011100     -0.00161100      0.00013100
    0.00001300     -0.00156500     -0.00003000
   -0.00034500     -0.00147000     -0.00064000
   -0.00034100     -0.00108900      0.00001700
    0.00127300     -0.00155800      0.00155800
    0.00150800      0.00037000      0.00010700
    0.00113300     -0.00041400      0.00041300
    0.00126700     -0.00004500      0.00012700
    0.00110100     -0.00031800      0.00031800
    0.00126200     -0.00013700      0.00006000
   -0.00007800      0.00055900     -0.00056200
    0.00149400     -0.00010200     -0.00038000
   -0.00134000     -0.01349300     -0.00078400
    0.00036100      0.00033500     -0.00138900
   -0.00005700      0.00007400     -0.00127800
    0.00004400     -0.00005200     -0.00125200
    0.00060800      0.00052600     -0.00171600
   -0.00011900     -0.00007000     -0.00114800
   -0.00019200     -0.00087600     -0.00149400
   -0.00024600     -0.00002800     -0.00131600
    0.00003400      0.00124000      0.00005200
    0.00060700      0.00171800     -0.00052400
    0.00035700      0.00139900     -0.00033100
   -0.00019200      0.00150300      0.00087700
   -0.00024500      0.00130900      0.00001300
   -0.00134700      0.00079300      0.01349400
   -0.00012600      0.00114900      0.00008300
   -0.00006500      0.00127500     -0.00006000
    0.00000800      0.00003600      0.00156000
    0.00048100     -0.00022000      0.00093600
   -0.00035300     -0.00000800      0.00109600
   -0.00341700      0.00075700     -0.00208500
   -0.00082800     -0.00088500      0.00048500
   -0.00035300      0.00065000      0.00147700
    0.00009400     -0.00003500      0.00117500
   -0.00011300     -0.00012700      0.00160500
    0.02805600      0.00595100     -0.04261700
   -0.00192800     -0.00231900     -0.00222900
   -0.00215500     -0.00197100     -0.00198500
   -0.00192800     -0.00196200     -0.00197500
   -0.00180400     -0.00184300     -0.00201100
   -0.00191200     -0.00168300     -0.00193400
   -0.00140200     -0.00169600     -0.00172400
   -0.00158700     -0.00180500     -0.00134500
    0.00157900     -0.00143400      0.00141400
    0.00192100     -0.00199100      0.00172500
    0.00456700     -0.00283500      0.00281700
    0.00213300     -0.00230700      0.00173100
    0.00298000     -0.00185700      0.00184500
    0.00213100     -0.00175700      0.00228900
    0.00221400     -0.00170100      0.00168400
    0.00191600     -0.00174900      0.00196900
    0.00455100      0.00730900     -0.00733300
    0.00195700      0.00199200     -0.00204800
    0.00396700      0.00186400     -0.00188400
    0.00184900      0.00188800     -0.00184100
    0.00263800      0.00268500     -0.00271100
    0.00181900      0.00182600     -0.00191000
    0.00199300      0.00215500     -0.00217000
    0.00197300      0.00203000     -0.00199800
   -0.00162500      0.00134800      0.00180000
    0.02802100      0.04263000     -0.00593400
   -0.00193200      0.00193400      0.00170600
   -0.00217900      0.00201000      0.00198700
   -0.00197000      0.00200100      0.00195800
   -0.00182400      0.00201500      0.00185600
   -0.00194900      0.00224300      0.00234300
   -0.00142900      0.00173900      0.00171600
97 0.00332161 0.00000000 0.00000000
   -0.27761700     -0.06658600      0.28116700
    0.00163400      0.00186100     -0.00176600
    0.00151700      0.00134200     -0.00137300
    0.00168600      0.00137900     -0.00143400
    0.00188900      0.00128100     -0.00152100
    0.00142500      0.00132600     -0.00142700
    0.00149200      0.00170200     -0.00168500
    0.00138100      0.00116500     -0.00126500
    0.00218100     -0.00397700     -0.00300400
   -0.00136500      0.00090700      0.00337800
   -0.00147200      0.00157900      0.00212600
   -0.00144000      0.00146500      0.00116300
   -0.00139600      0.00166000      0.00132600
   -0.00099200      0.00152500      0.00104600
   -0.00141000      0.00150100      0.00145800
   -0.00163900      0.00143600      0.00112200
   -0.00173200     -0.00019100     -0.00019100
   -0.00225500      0.00070000      0.00070000
   -0.00170300      0.00198400      0.00120900
   -0.00137500      0.00125600      0.00160800
   -0.00170300      0.00120900      0.00198400
   -0.00137500      0.00160800      0.00125600
   -0.00207600      0.00109100      0.00109100
   -0.00100200      0.00133700      0.00133700
    0.00218100     -0.00300400     -0.00397700
   -0.00136500      0.00337800      0.00090700
   -0.00139600      0.00132600      0.00166000
   -0.00099200      0.00104600      0.00152500
   -0.00147200      0.00212600      0.00157900
   -0.00144000      0.00116300      0.00146500
   -0.00141000      0.00145800      0.00150100
   -0.00163900      0.00112200      0.00143600
    0.00654400     -0.00490100      0.00470100
    0.00171600      0.00114100     -0.00190600
    0.00080200      0.00120500     -0.00165500
    0.00133000      0.00169900     -0.00137900
    0.00136400      0.00180100     -0.00155800
    0.00108400      0.00164900     -0.00091000
    0.00160800      0.00171000     -0.00134000
    0.00117700      0.00134200     -0.00139900
    0.00654400      0.00470100     -0.00490100
    0.00171600     -0.00190600      0.00114100
    0.00136400     -0.00155800      0.00180100
    0.00108400     -0.00091000      0.00164900
    0.00080200     -0.00165500      0.00120500
    0.00133000     -0.00137900      0.00169900
    0.00160800     -0.00134000      0.00171000
    0.00117700     -0.00139900      0.00134200
   -0.00353900     -0.00091600     -0.00091600
   -0.00484700     -0.00113700     -0.00113700
   -0.00159400     -0.00155000     -0.00139400
   -0.00155000     -0.00138000     -0.00143700
   -0.00159400     -0.00139400     -0.00155000
   -0.00155000     -0.00143700     -0.00138000
   -0.00163400     -0.00160800     -0.00160800
    0.00039100     -0.00122900     -0.00122900
    0.00020200     -0.00377900     -0.00047700
   -0.00159100     -0.00138000     -0.00140900
   -0.00206300     -0.00147800     -0.00212200
   -0.00131200     -0.00152600     -0.00103800
   -0.00133600     -0.00161400     -0.00149300
   -0.00141300     -0.00161000     -0.00136300
   -0.00127900     -0.00171200     -0.00173100
   -0.00989100     -0.01323900      0.00411100
    0.00218600     -0.00125700      0.00212400
    0.00059500     -0.00144500      0.00151700
    0.00057900     -0.00221500      0.00060400
    0.00166800     -0.00166500      0.00142300
    0.00137100     -0.00153700      0.00168400
    0.00258600     -0.00014600      0.00231100
    0.00150500     -0.00136400      0.00129700
    0.00142700     -0.00199700      0.00133400
   -0.27761700      0.28116700     -0.06658600
    0.00163400     -0.00176600      0.00186100
    0.00188900     -0.00152100      0.00128100
    0.00142500     -0.00142700      0.00132600
    0.00151700     -0.00137300      0.00134200
    0.00168600     -0.00143400      0.00137900
    0.00149200     -0.00168500      0.00170200
    0.00138100     -0.00126500      0.00116500
    0.00218600      0.00212400     -0.00125700
    0.00059500      0.00151700     -0.00144500
    0.00137100      0.00168400     -0.00153700
    0.00258600      0.00231100     -0.00014600
    0.00057900      0.00060400     -0.00221500
    0.00166800      0.00142300     -0.00166500
    0.00150500      0.00129700     -0.00136400
    0.00142700      0.00133400     -0.00199700
    0.00020200     -0.00047700     -0.00377900
   -0.00159100     -0.00140900     -0.00138000
   -0.00133600     -0.00149300     -0.00161400
   -0.00141300     -0.00136300     -0.00161000
   -0.00206300     -0.00212200     -0.00147800
   -0.00131200     -0.00103800     -0.00152600
   -0.00127900     -0.00173100     -0.00171200
   -0.00989100      0.00411100     -0.01323900
    1.22625300     -0.69936900     -0.69936900
   -0.00281200      0.00270900      0.00270900
   -0.00215800     -0.00005900     -0.00063200
   -0.00141000      0.00057400      0.00069100
   -0.00215800     -0.00063200     -0.00005900
   -0.00141000      0.00069100      0.00057400
   -0.00210800      0.00010900      0.00010900
   -0.00012200      0.00135400      0.00135400
   -0.09677700      0.09582400     -0.01492200
   -0.00141200      0.00275800      0.00216400
   -0.00082100     -0.00189100     -0.00320000
    0.00054200     -0.00132400      0.00072600
   -0.00056100     -0.00273400      0.00021500
    0.00043300      0.00013900      0.00005800
   -0.00046700     -0.00196200     -0.00128100
    0.00165600     -0.00060700      0.00171500
   -0.00301300      0.00114100      0.00114100
    0.00613900      0.00241500      0.00241500
    0.00334400     -0.00182400      0.00106600
    0.00107100      0.00022000     -0.00059400
    0.00334400      0.00106600     -0.00182400
    0.00107100     -0.00059400      0.00022000
   -0.00691500      0.00352800      0.00352800
    0.00050200      0.00067300      0.00067300
   -0.09677700     -0.01492200      0.09582400
   -0.00141200      0.00216400      0.00275800
   -0.00056100      0.00021500     -0.00273400
    0.00043300      0.00005800      0.00013900
   -0.00082100     -0.00320000     -0.00189100
    0.00054200      0.00072600     -0.00132400
   -0.00046700     -0.00128100     -0.00196200
    0.00165600      0.00171500     -0.00060700
   -0.00047600      0.00360800     -0.00058300
   -0.00144600      0.00017400      0.00235800
    0.00142100      0.00483300      0.00040700
   -0.00079100      0.00141100      0.00134700
   -0.00252100      0.00119100      0.00138600
   -0.01119400     -0.02008500     -0.04813100
   -0.00067800      0.00094100      0.00018000
    0.00042700      0.00250900     -0.00014300
   -0.00047600     -0.00058300      0.00360800
   -0.00144600      0.00235800      0.00017400
   -0.00252100      0.00138600      0.00119100
   -0.01119400     -0.04813100     -0.02008500
    0.00142100      0.00040700      0.00483300
   -0.00079100      0.00134700      0.00141100
   -0.00067800      0.00018000      0.00094100
    0.00042700     -0.00014300      0.00250900
   -0.38654600      0.25695400      0.25695400
   -0.00005100     -0.00432700     -0.00432700
   -0.00122000     -0.00222100     -0.00023900
   -0.00222000     -0.00208600     -0.00325200
   -0.00122000     -0.00023900     -0.00222100
   -0.00222000     -0.00325200     -0.00208600
   -0.00082800     -0.00156200     -0.00156200
   -0.00478900     -0.00302400     -0.00302400
    0.00198000     -0.00587900      0.00752600
    0.00223700     -0.00205700      0.00049100
    0.01335700      0.01644800      0.03431700
    0.00334100     -0.00416200      0.00014300
    0.00397700     -0.00199100      0.00182400
   -0.00025700     -0.00393100      0.00010700
    0.00231300      0.00001400      0.00061800
    0.00174900     -0.00284800      0.00193000
    0.00198000      0.00752600     -0.00587900
    0.00223700      0.00049100     -0.00205700
    0.00397700      0.00182400     -0.00199100
   -0.00025700      0.00010700     -0.00393100
    0.01335700      0.03431700      0.01644800
    0.00334100      0.00014300     -0.00416200
    0.00231300      0.00061800      0.00001400
    0.00174900      0.00193000     -0.00284800
    0.00177800     -0.00040900     -0.00040900
   -0.08344100      0.17314300      0.17314300
   -0.00187200      0.00220000      0.00071100
   -0.00131200      0.00102300      0.00307000
   -0.00187200      0.00071100      0.00220000
   -0.00131200      0.00307000      0.00102300
   -0.00427200      0.00090200      0.00090200
   -0.00062000      0.00125900      0.00125900
97 0.00000000 0.00000000 0.00332161
    0.70855200      0.77616900     -0.77618500
    0.00158600      0.00105000     -0.00153900
    0.00141000      0.00164600     -0.00166000
    0.00152600      0.00133900     -0.00155600
    0.00122800      0.00126900     -0.00128400
    0.00152500      0.00154600     -0.00135400
    0.00158900      0.00116800     -0.00118500
    0.00158300      0.00152000     -0.00106300
   -0.01271900      0.00986200     -0.00583000
   -0.00284400      0.00039000      0.00076100
   -0.00145800      0.00154700      0.00125200
   -0.00154300      0.00143900      0.00144300
   -0.00138600      0.00145100      0.00139500
   -0.00156400      0.00159800      0.00166300
   -0.00135100      0.00159600      0.00152000
   -0.00138400      0.00144300      0.00127300
    0.00031700      0.00133600      0.00288800
   -0.00115100      0.00178600      0.00160200
   -0.00133600      0.00091100      0.00147700
   -0.00161600      0.00149600      0.00134800
   -0.00153400      0.00162500      0.00144000
   -0.00151400      0.00138100      0.00141300
   -0.00214400      0.00165700      0.00175700
   -0.00089000      0.00191700      0.00169000
    0.01286600      0.01874200     -0.01202500
   -0.00154700      0.00106200      0.00124600
   -0.00149800      0.00155500      0.00140700
   -0.00112000      0.00086300      0.00150800
   -0.00147200      0.00129800      0.00145400
   -0.00137600      0.00154000      0.00159000
   -0.00138500      0.00129500      0.00163600
   -0.00142900      0.00154100      0.00154900
   -0.00457900      0.00754900     -0.00170100
    0.00169600      0.00147100     -0.00175200
    0.00077700      0.00127700     -0.00138600
    0.00141200      0.00150900     -0.00158000
    0.00140100      0.00107300     -0.00132400
    0.00150500      0.00155600     -0.00142000
    0.00129700      0.00141300     -0.00143800
    0.00157000      0.00160600     -0.00100400
    0.00132300     -0.00585100      0.00317300
    0.00164500     -0.00142400      0.00136700
    0.00146400     -0.00149500      0.00130300
    0.00095100     -0.00130600      0.00162800
    0.00333600     -0.00121900      0.00211200
    0.00142000     -0.00143400      0.00152100
    0.00117700     -0.00150000      0.00138400
    0.00156000     -0.00165600      0.00163200
   -0.00089700     -0.00167300     -0.00189700
    0.00030700     -0.00287000     -0.00132100
   -0.00152400     -0.00139600     -0.00136600
   -0.00134600     -0.00145600     -0.00089500
   -0.00162700     -0.00133300     -0.00147600
   -0.00154600     -0.00142700     -0.00161000
   -0.00116400     -0.00158300     -0.00176900
   -0.00215600     -0.00174400     -0.00164000
   -0.00152800     -0.00125000     -0.00106000
   -0.00136700     -0.00164100     -0.00129400
   -0.00110600     -0.00151700     -0.00086500
   -0.00146000     -0.00146300     -0.00129900
   -0.00136200     -0.00160000     -0.00154000
   -0.00148400     -0.00141700     -0.00155500
   -0.00141600     -0.00156200     -0.00154400
    0.01287800      0.01201700     -0.01874400
    0.00096800     -0.00163000      0.00130800
    0.00335300     -0.00211000      0.00122200
    0.00166200     -0.00136100      0.00142500
    0.00119400     -0.00137900      0.00150300
    0.00157800     -0.00163300      0.00165900
    0.00134300     -0.00316900      0.00584900
    0.00143600     -0.00152100      0.00144100
    0.00148100     -0.00130300      0.00149700
   -0.04202200      0.31784700     -0.31786300
    0.00153000     -0.00125100      0.00152900
    0.00115500     -0.00162000      0.00160600
    0.00146700     -0.00154700      0.00136800
    0.00165500     -0.00132700      0.00131200
    0.00146900     -0.00138200      0.00153300
    0.00154100     -0.00119400      0.00117800
    0.00152900     -0.00154400      0.00123700
    0.00152400      0.00142400     -0.00155700
    0.00079400      0.00138900     -0.00127400
    0.00158700      0.00100500     -0.00160600
   -0.00456000      0.00170100     -0.00754800
    0.00171400      0.00175400     -0.00146700
    0.00131300      0.00144300     -0.00141300
    0.00142300      0.00158300     -0.00150500
    0.00141800      0.00132500     -0.00107300
   -0.00282500     -0.00076100     -0.00039700
   -0.00133600     -0.00152000     -0.00160300
   -0.00152800     -0.00144000     -0.00144600
   -0.00137300     -0.00139900     -0.00146200
   -0.00154900     -0.00166700     -0.00161000
   -0.00144600     -0.00125400     -0.00155700
   -0.00137200     -0.00127400     -0.00145400
   -0.01270600      0.00583200     -0.00987200
   -1.25413700     -1.59409100      1.59409500
   -0.00101300     -0.00008400     -0.00118600
   -0.00092800     -0.00052100      0.00052500
   -0.00115500      0.00015100     -0.00023600
    0.00001300     -0.00005900      0.00006500
   -0.00115800      0.00025000     -0.00014400
   -0.00051600      0.00032300     -0.00033200
   -0.00102100      0.00118400      0.00009200
   -0.01748000      0.01066200      0.04341000
    0.00149300     -0.00301400     -0.00159800
    0.00101400     -0.00054500      0.00022600
    0.00010900     -0.00108300     -0.00008400
   -0.00075500      0.00015500      0.00013600
    0.00047400     -0.00151600     -0.00060000
    0.00130000     -0.00057900      0.00111500
    0.00105500     -0.00094500     -0.00022500
    0.00557200      0.00116700     -0.00116800
   -0.00065600     -0.00109400     -0.00036700
   -0.00211100      0.00277000     -0.00277200
    0.00148900     -0.00043200     -0.00005200
    0.00080000      0.00006700     -0.00006600
    0.00148400      0.00004100      0.00044800
    0.00874800      0.00365200     -0.00365800
   -0.00066900      0.00037300      0.00108600
    0.11843900     -0.07746000     -0.12269700
   -0.00146000     -0.00005000      0.00003800
    0.00088100     -0.00044600     -0.00023100
   -0.00041800      0.00002800     -0.00023300
    0.00126300      0.00491500     -0.00231200
    0.00004500     -0.00039600     -0.00171800
   -0.00016300      0.00119000     -0.00116100
   -0.00021700     -0.00005600     -0.00212300
   -0.00043000      0.00021800     -0.00002500
    0.00126200      0.00231400     -0.00491200
   -0.00146200     -0.00002800      0.00005300
   -0.00016100      0.00116700     -0.00118700
   -0.00021600      0.00211600      0.00004300
    0.11843300      0.12270700      0.07746000
    0.00003700      0.00172300      0.00041000
    0.00087000      0.00022800      0.00046100
    0.00046600      0.00060700      0.00151400
    0.00099800     -0.00021400      0.00055100
    0.00104700      0.00023000      0.00095200
   -0.01747700     -0.04341500     -0.01065700
    0.00149500      0.00160000      0.00302100
    0.00129100     -0.00110600      0.00058500
    0.00008300      0.00010200      0.00109700
   -0.00076400     -0.00012800     -0.00016100
    0.19860700      0.21296200     -0.23426700
   -0.00170600     -0.00098700     -0.00148200
   -0.00262400     -0.00176100     -0.00227800
   -0.00155400     -0.00175800     -0.00207300
   -0.00256200     -0.00397300     -0.00081500
   -0.00212600     -0.00168800     -0.00173600
   -0.00298100     -0.00218300     -0.00253700
   -0.00229700     -0.00339400     -0.00155500
    0.00257400     -0.00009000      0.00006800
    0.00186000     -0.00207500      0.00177600
   -0.00523300      0.00026000     -0.00027600
    0.00189600     -0.00120900      0.00224500
    0.00066500     -0.00154400      0.00153300
    0.00189200     -0.00227000      0.00119300
    0.00207000     -0.00439100      0.00437200
    0.00185300     -0.00180200      0.00205300
    0.00112900     -0.00495900      0.00493400
    0.00194900      0.00261700     -0.00179200
   -0.00030600      0.00234900     -0.00236900
    0.00258500      0.00217400     -0.00142200
   -0.01119300     -0.00826800      0.00824100
    0.00255900      0.00140700     -0.00219300
    0.00116800      0.00257100     -0.00258900
    0.00196700      0.00177800     -0.00263000
   -0.00233900      0.00156100      0.00339000
    0.19856800      0.23427900     -0.21294500
   -0.00214800      0.00173700      0.00171600
   -0.00264800      0.00230000      0.00177900
   -0.00158800      0.00210400      0.00175100
   -0.00258500      0.00082200      0.00398800
   -0.00172800      0.00149600      0.00101200
   -0.00301300      0.00255300      0.00220100
145 0.00332161 0.00000000 0.00000000
   -0.04509900      0.03756400      0.04329900
    0.00148600      0.00088400     -0.00138800
    0.00158400      0.00140900     -0.00149000
    0.00139700      0.00147300     -0.00142000
    0.00131800      0.00154600     -0.00138600
    0.00165300      0.00150900     -0.00139700
    0.00154900      0.00141800     -0.00133300
    0.00156100      0.00146300     -0.00172400
   -0.08872000      0.08432400     -0.08800400
   -0.00123700      0.00240300      0.00105400
   -0.00141700      0.00154100      0.00133800
   -0.00141300      0.00159600      0.00159000
   -0.00132500      0.00148700      0.00137000
   -0.00170400      0.00153300      0.00163300
   -0.00141600      0.00158200      0.00139500
   -0.00150400      0.00138600      0.00136400
   -0.00137300      0.00207000      0.00207000
   -0.00006100      0.00250900      0.00250900
   -0.00147300      0.00146700      0.00150300
   -0.00163900      0.00156400      0.00131500
   -0.00147300      0.00150300      0.00146700
   -0.00163900      0.00131500      0.00156400
   -0.00030500      0.00249400      0.00249400
   -0.00275400      0.00125700      0.00125700
   -0.08872000     -0.08800400      0.08432400
   -0.00123700      0.00105400      0.00240300
   -0.00132500      0.00137000      0.00148700
   -0.00170400      0.00163300      0.00153300
   -0.00141700      0.00133800      0.00154100
   -0.00141300      0.00159000      0.00159600
   -0.00141600      0.00139500      0.00158200
   -0.00150400      0.00136400      0.00138600
    0.02880300     -0.02215800      0.02075500
    0.00120400      0.00168500     -0.00126300
    0.00157000      0.00158600     -0.00129700
    0.00142600      0.00140100     -0.00148800
    0.00159800      0.00182300     -0.00099300
    0.00171000      0.00139700     -0.00173300
    0.00128200      0.00143500     -0.00145300
    0.00193300      0.00188400     -0.00134000
    0.02880300      0.02075500     -0.02215800
    0.00120400     -0.00126300      0.00168500
    0.00159800     -0.00099300      0.00182300
    0.00171000     -0.00173300      0.00139700
    0.00157000     -0.00129700      0.00158600
    0.00142600     -0.00148800      0.00140100
    0.00128200     -0.00145300      0.00143500
    0.00193300     -0.00134000      0.00188400
    0.00226800      0.00069800      0.00069800
   -0.00161800     -0.00232100     -0.00232100
   -0.00147800     -0.00136700     -0.00139600
   -0.00155500     -0.00143700     -0.00143000
   -0.00147800     -0.00139600     -0.00136700
   -0.00155500     -0.00143000     -0.00143700
   -0.00198100     -0.00103100     -0.00103100
   -0.00205800     -0.00063700     -0.00063700
   -0.00104700     -0.00112700     -0.00002200
   -0.00125900     -0.00160500     -0.00144300
   -0.00081400     -0.00138300     -0.00020400
   -0.00139800     -0.00152400     -0.00159400
   -0.00150200     -0.00145900     -0.00140000
   -0.00132000     -0.00158500     -0.00141300
   -0.00161500     -0.00155900     -0.00127000
    0.00183700     -0.00109400     -0.00469100
    0.00055500     -0.00173300      0.00111200
    0.00184200     -0.00151400      0.00131100
    0.00169000     -0.00175000      0.00130300
    0.00129200     -0.00145400      0.00145300
    0.00142100     -0.00139600      0.00088800
    0.00133800     -0.00036100      0.00014400
    0.00140800     -0.00165600      0.00154400
    0.00129500     -0.00147900      0.00138200
   -0.04509900      0.04329900      0.03756400
    0.00148600     -0.00138800      0.00088400
    0.00131800     -0.00138600      0.00154600
    0.00165300     -0.00139700      0.00150900
    0.00158400     -0.00149000      0.00140900
    0.00139700     -0.00142000      0.00147300
    0.00154900     -0.00133300      0.00141800
    0.00156100     -0.00172400      0.00146300
    0.00055500      0.00111200     -0.00173300
    0.00184200      0.00131100     -0.00151400
    0.00142100      0.00088800     -0.00139600
    0.00133800      0.00014400     -0.00036100
    0.00169000      0.00130300     -0.00175000
    0.00129200      0.00145300     -0.00145400
    0.00140800      0.00154400     -0.00165600
    0.00129500      0.00138200     -0.00147900
   -0.00104700     -0.00002200     -0.00112700
   -0.00125900     -0.00144300     -0.00160500
   -0.00150200     -0.00140000     -0.00145900
   -0.00132000     -0.00141300     -0.00158500
   -0.00081400     -0.00020400     -0.00138300
   -0.00139800     -0.00159400     -0.00152400
   -0.00161500     -0.00127000     -0.00155900
    0.00183700     -0.00469100     -0.00109400
   -0.18216400      0.20381500      0.20381500
    0.00001800     -0.00266000     -0.00266000
   -0.00121300      0.00058500      0.00016400
   -0.00119700     -0.00074600     -0.00026900
   -0.00121300      0.00016400      0.00058500
   -0.00119700     -0.00026900     -0.00074600
   -0.00114800     -0.00010100     -0.00010100
   -0.00195000     -0.00005300     -0.00005300
   -0.28948200      0.20348000      0.14839800
    0.00068700     -0.00373600     -0.00064800
    0.00076800     -0.00100700      0.00120300
   -0.00068800     -0.00139700     -0.00080200
    0.00072300     -0.00004800     -0.00063300
   -0.00021200     -0.00246700      0.00013400
    0.00032100     -0.00105400      0.00073300
   -0.00071300     -0.00158500     -0.00255900
    0.00311200      0.00055900      0.00055900
   -0.00779700     -0.00226300     -0.00226300
    0.00065000      0.00064700     -0.00091500
    0.00162000     -0.00058200      0.00079300
    0.00065000     -0.00091500      0.00064700
    0.00162000      0.00079300     -0.00058200
   -0.00139800     -0.00257100     -0.00257100
    0.00472600     -0.00078400     -0.00078400
   -0.28948200      0.14839800      0.20348000
    0.00068700     -0.00064800     -0.00373600
    0.00072300     -0.00063300     -0.00004800
   -0.00021200      0.00013400     -0.00246700
    0.00076800      0.00120300     -0.00100700
   -0.00068800     -0.00080200     -0.00139700
    0.00032100      0.00073300     -0.00105400
   -0.00071300     -0.00255900     -0.00158500
   -0.00018200     -0.00059200     -0.00033200
    0.00072800      0.00166500     -0.00123500
   -0.00119700      0.00131900      0.00050400
    0.00043100      0.00095600     -0.00091600
    0.00339200      0.00132200     -0.00212900
   -0.02606900     -0.00940200      0.02291100
    0.00077700      0.00160000     -0.00018800
   -0.00055000      0.00099700      0.00006800
   -0.00018200     -0.00033200     -0.00059200
    0.00072800     -0.00123500      0.00166500
    0.00339200     -0.00212900      0.00132200
   -0.02606900      0.02291100     -0.00940200
   -0.00119700      0.00050400      0.00131900
    0.00043100     -0.00091600      0.00095600
    0.00077700     -0.00018800      0.00160000
   -0.00055000      0.00006800      0.00099700
    0.91242900     -0.70349400     -0.70349400
   -0.00366600      0.00011600      0.00011600
   -0.00258200     -0.00192200     -0.00295100
   -0.00164600     -0.00194900     -0.00090800
   -0.00258200     -0.00295100     -0.00192200
   -0.00164600     -0.00090800     -0.00194900
   -0.00259200     -0.00205400     -0.00205400
   -0.00029700     -0.00089500     -0.00089500
    0.00115100     -0.00054600     -0.00021800
    0.00204900     -0.00213900      0.00334300
    0.03401300     -0.04890500     -0.02194700
   -0.00043200      0.00009600      0.00338500
    0.00063900     -0.00200500      0.00183700
    0.00432700     -0.00037600      0.00277500
    0.00191600     -0.00298600      0.00254100
    0.00204500     -0.00116700      0.00166100
    0.00115100     -0.00021800     -0.00054600
    0.00204900      0.00334300     -0.00213900
    0.00063900      0.00183700     -0.00200500
    0.00432700      0.00277500     -0.00037600
    0.03401300     -0.02194700     -0.04890500
   -0.00043200      0.00338500      0.00009600
    0.00191600      0.00254100     -0.00298600
    0.00204500      0.00166100     -0.00116700
   -0.00665100      0.00481000      0.00481000
    0.03870300      0.13252400      0.13252400
   -0.00183800      0.00185000      0.00331000
   -0.00231200      0.00230100      0.00153800
   -0.00183800      0.00331000      0.00185000
   -0.00231200      0.00153800      0.00230100
   -0.00043800      0.00167500      0.00167500
   -0.00248000      0.00258200      0.00258200
1 -0.00332161 -0.00000000 -0.00000000
   -0.31126200     -0.04998300      0.33522200
    0.00155600      0.00141700     -0.00144000
    0.00153400      0.00141000     -0.00141100
    0.00155100      0.00140500     -0.00141500
    0.00160800      0.00128300     -0.00153600
    0.00152100      0.00144000     -0.00142900
    0.00152400      0.00143500     -0.00147300
    0.00152700      0.00143600     -0.00145100
   -0.00265900      0.00116200      0.00140400
   -0.00181800      0.00101600      0.00090200
   -0.00140500      0.00156600      0.00148400
   -0.00144500      0.00149800      0.00140200
   -0.00145000      0.00153200      0.00144000
   -0.00136100      0.00153900      0.00133500
   -0.00148700      0.00150800      0.00139100
   -0.00139800      0.00161200      0.00147800
   -0.00137500      0.00120900      0.00135300
   -0.00161200      0.00141200      0.00147600
   -0.00149300      0.00141400      0.00146300
   -0.00152500      0.00147400      0.00144100
   -0.00155200      0.00141000      0.00151400
   -0.00149500      0.00144900      0.00140700
   -0.00170400      0.00151000      0.00132000
   -0.00153000      0.00142900      0.00146200
    0.00327300      0.00663600     -0.00273800
   -0.00162700      0.00145300      0.00171000
   -0.00144900      0.00143300      0.00153800
   -0.00138600      0.00139500      0.00154200
   -0.00139700      0.00113200      0.00156900
   -0.00144500      0.00146300      0.00152300
   -0.00145700      0.00143000      0.00151600
   -0.00145300      0.00141800      0.00155600
    0.00196900     -0.00064700      0.00067500
    0.00141700      0.00166100     -0.00142800
    0.00136400      0.00155500     -0.00145500
    0.00143900      0.00153600     -0.00142300
    0.00138200      0.00157700     -0.00153700
    0.00135000      0.00156300     -0.00136200
    0.00138800      0.00149600     -0.00148200
    0.00139900      0.00152500     -0.00145600
    0.00066200     -0.00142800      0.00169700
    0.00142600     -0.00138200      0.00155700
    0.00145200     -0.00144400      0.00154300
    0.00140400     -0.00142900      0.00156400
    0.00092900     -0.00120800      0.00166200
    0.00143300     -0.00145000      0.00151300
    0.00139400     -0.00146500      0.00150800
    0.00141400     -0.00141900      0.00153600
   -0.00159600     -0.00135400     -0.00149600
    0.00006400     -0.00212400     -0.00088000
   -0.00152800     -0.00144000     -0.00142800
   -0.00160800     -0.00139000     -0.00152100
   -0.00153800     -0.00143500     -0.00139300
   -0.00154900     -0.00142100     -0.00142000
   -0.00152600     -0.00138900     -0.00143100
   -0.00139100     -0.00162700     -0.00111800
   -0.00122800     -0.00160800     -0.00151400
   -0.00143200     -0.00157300     -0.00143400
   -0.00138400     -0.00153200     -0.00141600
   -0.00146000     -0.00170800     -0.00163300
   -0.00142500     -0.00154900     -0.00139800
   -0.00141700     -0.00154400     -0.00140800
   -0.00141400     -0.00155600     -0.00140900
   -0.00392500     -0.00307000      0.00008500
    0.00145200     -0.00152500      0.00134400
    0.00222900     -0.00141300      0.00093000
    0.00138500     -0.00159400      0.00146800
    0.00143200     -0.00154100      0.00142700
    0.00140300     -0.00157400      0.00154200
    0.00162400     -0.00086500      0.00063200
    0.00144700     -0.00150900      0.00140600
    0.00143500     -0.00154400      0.00142100
   -0.02567800     -0.01879600      0.02376900
    0.00152200     -0.00134400      0.00155200
    0.00157500     -0.00140600      0.00140900
    0.00151900     -0.00145100      0.00137900
    0.00157700     -0.00142400      0.00142800
    0.00152700     -0.00145800      0.00139500
    0.00150000     -0.00147600      0.00142500
    0.00158800     -0.00137700      0.00151000
    0.00167000      0.00161900     -0.00145100
    0.00140700      0.00150000     -0.00153700
    0.00144300      0.00140500     -0.00154200
    0.00164800      0.00217000     -0.00136000
    0.00143000      0.00144200     -0.00148400
    0.00140000      0.00142900     -0.00155100
    0.00141600      0.00144500     -0.00152500
    0.00151900      0.00136100     -0.00159700
   -0.00105600     -0.00171800     -0.00212700
   -0.00141300     -0.00145900     -0.00161000
   -0.00140800     -0.00142700     -0.00154100
   -0.00141000     -0.00140600     -0.00158200
   -0.00163800     -0.00169100     -0.00148600
   -0.00144700     -0.00139500     -0.00155100
   -0.00143800     -0.00137700     -0.00150700
   -0.00133600     -0.00177900     -0.00135200
    0.27805200      0.05615300     -0.27024500
   -0.00105700      0.00027900     -0.00013900
   -0.00125300     -0.00004000      0.00005700
   -0.00130200      0.00021100     -0.00001100
   -0.00161700      0.00011400      0.00010500
   -0.00136900     -0.00011700      0.00004600
   -0.00123700     -0.00000800     -0.00002900
   -0.00126900     -0.00024500      0.00010800
   -0.00241500      0.00803400     -0.00561200
    0.00040500     -0.00184700     -0.00058200
   -0.00010800     -0.00147700     -0.00031200
    0.00020500     -0.00121700      0.00012300
   -0.00007000     -0.00167900      0.00010900
   -0.00003300     -0.00121900      0.00006100
   -0.00007900     -0.00108500      0.00018100
   -0.00023500     -0.00134000      0.00010900
    0.00310800     -0.00000100      0.00170000
    0.00171300      0.00038500     -0.00005000
    0.00202000     -0.00080400      0.00057300
    0.00137400      0.00006800     -0.00006300
    0.00163700      0.00003900     -0.00023400
    0.00116800     -0.00023400      0.00011200
    0.00052900      0.00064800     -0.00056100
    0.00088800     -0.00009500      0.00017400
    0.01005500     -0.02587800     -0.01012600
   -0.00016800     -0.00024900     -0.00103400
    0.00003600      0.00000900     -0.00143400
   -0.00009700      0.00005900     -0.00125800
   -0.00090900     -0.00136700     -0.00065900
    0.00009100      0.00005300     -0.00137300
   -0.00004600      0.00006200     -0.00116800
    0.00019700      0.00014000     -0.00123400
    0.00014200      0.00118200     -0.00003900
   -0.00104200      0.00334100     -0.00019200
    0.00028500      0.00142500     -0.00023900
    0.00013400      0.00129900      0.00013600
   -0.00039400      0.00117700      0.00022500
   -0.00812100     -0.00267000     -0.00569600
   -0.00025300      0.00124900      0.00002300
    0.00000500      0.00132600     -0.00001900
    0.00006500      0.00003000      0.00170400
   -0.00034500      0.00024900      0.00129500
    0.00012500      0.00018200      0.00082400
    0.00205900     -0.00078100      0.00275900
   -0.00093200     -0.00086000      0.00020200
    0.00020800      0.00000300      0.00133300
   -0.00002500     -0.00007000      0.00140800
   -0.00015400      0.00008500      0.00158800
    0.08536600      0.05648500     -0.10175400
   -0.00198600     -0.00160700     -0.00179100
   -0.00192000     -0.00195100     -0.00178700
   -0.00196400     -0.00202400     -0.00211300
   -0.00152200     -0.00152700     -0.00229100
   -0.00200100     -0.00201200     -0.00193600
   -0.00193100     -0.00191700     -0.00201200
   -0.00201600     -0.00177300     -0.00189500
    0.00178900     -0.00241300      0.00276400
    0.00196800     -0.00193400      0.00162900
    0.00311400     -0.00248500      0.00375500
    0.00198700     -0.00171700      0.00220200
    0.00177100     -0.00222800      0.00165500
    0.00192600     -0.00168700      0.00228600
    0.00201100     -0.00135700      0.00125900
    0.00194300     -0.00206400      0.00200700
    0.00241200      0.00379800     -0.00489300
    0.00182600      0.00196900     -0.00188900
    0.00214900      0.00165800     -0.00230700
    0.00162300      0.00169900     -0.00183000
    0.00248700      0.00537000      0.00158100
    0.00214800      0.00198800     -0.00205500
    0.00193800      0.00177300     -0.00170300
    0.00212000      0.00206900     -0.00211900
   -0.00155400      0.00152200      0.00210500
   -0.03583300     -0.02709200      0.03004700
   -0.00198700      0.00197600      0.00169100
   -0.00192300      0.00191300      0.00196000
   -0.00207800      0.00211100      0.00199500
   -0.00115100      0.00152600      0.00161400
   -0.00175500      0.00197500      0.00220500
   -0.00203000      0.00195000      0.00188400
1 -0.00000000 -0.00000000 -0.00332161
    0.80065000      0.81225100     -0.81225800
    0.00155200      0.00142200     -0.00144300
    0.00155100      0.00140700     -0.00142200
    0.00151900      0.00140500     -0.00142900
    0.00151900      0.00143600     -0.00145100
    0.00151300      0.00141600     -0.00141900
    0.00150000      0.00135700     -0.00137300
    0.00154000      0.00142200     -0.00143000
   -0.00078100      0.00247500      0.00115500
   -0.00178800      0.00174500      0.00143400
   -0.00142300      0.00154100      0.00137800
   -0.00145100      0.00152200      0.00146900
   -0.00144300      0.00150300      0.00145300
   -0.00129800      0.00153700      0.00127700
   -0.00135700      0.00156100      0.00138600
   -0.00145000      0.00151800      0.00137900
   -0.00234400      0.00322200      0.00275000
   -0.00149700      0.00145900      0.00143000
   -0.00151900      0.00135500      0.00138600
   -0.00149800      0.00144400      0.00141500
   -0.00151700      0.00145300      0.00138900
   -0.00153200      0.00142100      0.00145600
   -0.00159600      0.00164300      0.00146300
   -0.00151000      0.00134600      0.00143100
   -0.00294600     -0.00016700      0.00221200
   -0.00151400      0.00115300      0.00150200
   -0.00143500      0.00144400      0.00150200
   -0.00143500      0.00139700      0.00149900
   -0.00128800      0.00146700      0.00138800
   -0.00142900      0.00144600      0.00148100
   -0.00139100      0.00136700      0.00158300
   -0.00140900      0.00141800      0.00154600
    0.00162800      0.00299800     -0.00390500
    0.00136200      0.00154000     -0.00140200
    0.00141300      0.00151000     -0.00134900
    0.00145500      0.00150600     -0.00146000
    0.00142800      0.00146600     -0.00143200
    0.00130000      0.00154700     -0.00130600
    0.00126400      0.00141400     -0.00149000
    0.00141000      0.00157000     -0.00142200
    0.00184800     -0.00146600      0.00106600
    0.00143800     -0.00142900      0.00151400
    0.00143300     -0.00143800      0.00150900
    0.00138000     -0.00144000      0.00147900
    0.00134600     -0.00195500      0.00156500
    0.00142900     -0.00146600      0.00152100
    0.00122800     -0.00151700      0.00139000
    0.00143000     -0.00136800      0.00154900
   -0.00151300     -0.00140900     -0.00132500
   -0.00235500     -0.00273100     -0.00320700
   -0.00153300     -0.00144000     -0.00139800
   -0.00152700     -0.00136500     -0.00134100
   -0.00151800     -0.00140100     -0.00142900
   -0.00152900     -0.00137600     -0.00143800
   -0.00151500     -0.00141400     -0.00144600
   -0.00160900     -0.00145100     -0.00162600
   -0.00149400     -0.00150200     -0.00115100
   -0.00137100     -0.00158800     -0.00136600
   -0.00141600     -0.00149900     -0.00139300
   -0.00127300     -0.00139400     -0.00146800
   -0.00141600     -0.00150000     -0.00145200
   -0.00142100     -0.00151400     -0.00144400
   -0.00139700     -0.00156600     -0.00142300
   -0.00293400     -0.00221900      0.00016400
    0.00139200     -0.00147000      0.00144000
    0.00136300     -0.00156100      0.00195700
    0.00145500     -0.00150500      0.00142800
    0.00124400     -0.00138400      0.00152200
    0.00145000     -0.00155600      0.00137300
    0.00186700     -0.00106300      0.00146200
    0.00144800     -0.00153200      0.00147500
    0.00145200     -0.00150900      0.00143900
   -0.01137000     -0.01917900      0.01916000
    0.00152100     -0.00144300      0.00139600
    0.00150100     -0.00141200      0.00139800
    0.00154100     -0.00141900      0.00142000
    0.00152700     -0.00141000      0.00139300
    0.00153500     -0.00143500      0.00140000
    0.00151800     -0.00137500      0.00136000
    0.00151300     -0.00140900      0.00142700
    0.00131800      0.00131200     -0.00155000
    0.00142900      0.00135100     -0.00150500
    0.00143000      0.00142600     -0.00158000
    0.00164700      0.00390500     -0.00299400
    0.00137900      0.00140300     -0.00153300
    0.00128200      0.00149700     -0.00141600
    0.00146100      0.00145900     -0.00149800
    0.00144800      0.00143300     -0.00146800
   -0.00176900     -0.00143400     -0.00174900
   -0.00134200     -0.00138500     -0.00156900
   -0.00143300     -0.00146700     -0.00152200
   -0.00142900     -0.00145900     -0.00151400
   -0.00128300     -0.00127900     -0.00155400
   -0.00141100     -0.00137900     -0.00154800
   -0.00144000     -0.00138100     -0.00153600
   -0.00076400     -0.00115500     -0.00248400
   -0.72999400     -0.75567900      0.75568200
   -0.00107600     -0.00029200     -0.00036400
   -0.00143400     -0.00009700      0.00009500
   -0.00132900     -0.00008100     -0.00007100
   -0.00097700      0.00013700     -0.00014500
   -0.00136600      0.00006800      0.00008800
   -0.00083200     -0.00000600     -0.00000200
   -0.00112000      0.00036800      0.00030600
    0.00335100     -0.00433400      0.00029500
    0.00075400     -0.00188900     -0.00081100
   -0.00043800     -0.00160100     -0.00019800
   -0.00006800     -0.00137500     -0.00002800
    0.00014100     -0.00092700     -0.00009100
    0.00000200     -0.00106000      0.00005700
    0.00031200     -0.00107800      0.00059000
    0.00031100     -0.00137000     -0.00000300
    0.00116800      0.00144800     -0.00144500
    0.00101300     -0.00032700     -0.00010100
    0.00126200      0.00039200     -0.00039300
    0.00133900      0.00004000     -0.00010200
    0.00144800      0.00027700     -0.00028300
    0.00130700      0.00011400     -0.00005000
    0.00239000     -0.00047900      0.00047400
    0.00097700      0.00010500      0.00033100
    0.00123000      0.01247800     -0.00142800
   -0.00031100     -0.00028800     -0.00107000
    0.00005900     -0.00003900     -0.00129500
   -0.00002700      0.00004800     -0.00131700
   -0.00039400     -0.00036400     -0.00074200
    0.00010500      0.00008000     -0.00143600
    0.00018200      0.00081900     -0.00103900
    0.00021500      0.00001600     -0.00117600
   -0.00004400      0.00135000     -0.00003600
   -0.00039400      0.00075200      0.00036600
   -0.00031600      0.00110200      0.00028600
    0.00017500      0.00104200     -0.00081000
    0.00021800      0.00114200     -0.00001900
    0.00122500      0.00144400     -0.01248400
    0.00010600      0.00140400     -0.00007600
    0.00005200      0.00129100      0.00005300
   -0.00000700     -0.00004000      0.00103700
   -0.00045200      0.00020700      0.00161200
    0.00029400      0.00001200      0.00134300
    0.00335800     -0.00030200      0.00434800
    0.00075400      0.00082400      0.00192000
    0.00030100     -0.00057200      0.00107800
   -0.00009400      0.00003400      0.00141600
    0.00014000      0.00009300      0.00092500
   -0.03030300     -0.00885400      0.03700000
   -0.00186300     -0.00149900     -0.00158700
   -0.00173500     -0.00190700     -0.00186000
   -0.00192900     -0.00191100     -0.00190600
   -0.00213500     -0.00200600     -0.00186800
   -0.00198500     -0.00216900     -0.00195300
   -0.00238600     -0.00210700     -0.00208700
   -0.00216700     -0.00199100     -0.00244100
    0.00229800     -0.00245500      0.00242900
    0.00198600     -0.00195600      0.00213000
   -0.00066900     -0.00113400      0.00111400
    0.00169200     -0.00158600      0.00204000
    0.00100100     -0.00201300      0.00202000
    0.00170600     -0.00206700      0.00158800
    0.00168300     -0.00220800      0.00219700
    0.00199400     -0.00217700      0.00194800
   -0.00031300     -0.00301600      0.00297900
    0.00195200      0.00193400     -0.00192300
    0.00004900      0.00197300     -0.00199300
    0.00198400      0.00191400     -0.00199400
    0.00163800      0.00129200     -0.00131900
    0.00194400      0.00196300     -0.00192200
    0.00191400      0.00174700     -0.00177300
    0.00193900      0.00186800     -0.00192700
   -0.00219700      0.00241100      0.00197400
   -0.03035100     -0.03698200      0.00887600
   -0.00199100      0.00193600      0.00216200
   -0.00176500      0.00189000      0.00192400
   -0.00199900      0.00194300      0.00194300
   -0.00215600      0.00187000      0.00202900
   -0.00189300      0.00162900      0.00154500
   -0.00240800      0.00210800      0.00211600
97 -0.00332161 -0.00000000 -0.00000000
    0.27243700      0.09173400     -0.27785500
    0.00143100      0.00099300     -0.00110600
    0.00153600      0.00148300     -0.00148300
    0.00137300      0.00144900     -0.00142300
    0.00120700      0.00154500     -0.00134300
    0.00162700      0.00150300     -0.00143300
    0.00156200      0.00115600     -0.00120500
    0.00167600      0.00167200     -0.00160400
   -0.00648200      0.00777700      0.00575200
   -0.00132900      0.00220100     -0.00075400
   -0.00138900      0.00147400      0.00073000
   -0.00141600      0.00158200      0.00165900
   -0.00145600      0.00140200      0.00149200
   -0.00185300      0.00152400      0.00177000
   -0.00146400      0.00155400      0.00138100
   -0.00123500      0.00162500      0.00170300
   -0.00141700      0.00290300      0.00290300
   -0.00085400      0.00214000      0.00214000
   -0.00135600      0.00091200      0.00164500
   -0.00166600      0.00161100      0.00126800
   -0.00135600      0.00164500      0.00091200
   -0.00166600      0.00126800      0.00161100
   -0.00092300      0.00187100      0.00187100
   -0.00219200      0.00159400      0.00159400
   -0.00648200      0.00575200      0.00777700
   -0.00132900     -0.00075400      0.00220100
   -0.00145600      0.00149200      0.00140200
   -0.00185300      0.00177000      0.00152400
   -0.00138900      0.00073000      0.00147400
   -0.00141600      0.00165900      0.00158200
   -0.00146400      0.00138100      0.00155400
   -0.00123500      0.00170300      0.00162500
   -0.00319300      0.00745800     -0.00701100
    0.00108900      0.00196800     -0.00093000
    0.00194500      0.00182000     -0.00122600
    0.00149800      0.00135000     -0.00146900
    0.00146400      0.00129900     -0.00129600
    0.00174800      0.00140400     -0.00194600
    0.00124700      0.00136900     -0.00151400
    0.00164900      0.00171300     -0.00146500
   -0.00319300     -0.00701100      0.00745800
    0.00108900     -0.00093000      0.00196800
    0.00146400     -0.00129600      0.00129900
    0.00174800     -0.00194600      0.00140400
    0.00194500     -0.00122600      0.00182000
    0.00149800     -0.00146900      0.00135000
    0.00124700     -0.00151400      0.00136900
    0.00164900     -0.00146500      0.00171300
    0.00028100     -0.00203600     -0.00203600
    0.00198500     -0.00147700     -0.00147700
   -0.00147100     -0.00128600     -0.00144400
   -0.00152500     -0.00144000     -0.00141900
   -0.00147100     -0.00144400     -0.00128600
   -0.00152500     -0.00141900     -0.00144000
   -0.00149200     -0.00120600     -0.00120600
   -0.00333700     -0.00163800     -0.00163800
   -0.00296200      0.00050400     -0.00241800
   -0.00125200     -0.00169100     -0.00142800
   -0.00078900     -0.00159500     -0.00072800
   -0.00153200     -0.00154200     -0.00181900
   -0.00148800     -0.00145500     -0.00133300
   -0.00141300     -0.00147100     -0.00146000
   -0.00156700     -0.00137900     -0.00110600
    0.00606000      0.00937200     -0.00652200
    0.00070900     -0.00178700      0.00076600
    0.00219900     -0.00156600      0.00136500
    0.00224300     -0.00089500      0.00222100
    0.00122000     -0.00141000      0.00143900
    0.00149500     -0.00152700      0.00118800
    0.00025200     -0.00279300      0.00057900
    0.00135200     -0.00167900      0.00155600
    0.00142600     -0.00109500      0.00150500
    0.27243700     -0.27785500      0.09173400
    0.00143100     -0.00110600      0.00099300
    0.00120700     -0.00134300      0.00154500
    0.00162700     -0.00143300      0.00150300
    0.00153600     -0.00148300      0.00148300
    0.00137300     -0.00142300      0.00144900
    0.00156200     -0.00120500      0.00115600
    0.00167600     -0.00160400      0.00167200
    0.00070900      0.00076600     -0.00178700
    0.00219900      0.00136500     -0.00156600
    0.00149500      0.00118800     -0.00152700
    0.00025200      0.00057900     -0.00279300
    0.00224300      0.00222100     -0.00089500
    0.00122000      0.00143900     -0.00141000
    0.00135200      0.00155600     -0.00167900
    0.00142600      0.00150500     -0.00109500
   -0.00296200     -0.00241800      0.00050400
   -0.00125200     -0.00142800     -0.00169100
   -0.00148800     -0.00133300     -0.00145500
   -0.00141300     -0.00146000     -0.00147100
   -0.00078900     -0.00072800     -0.00159500
   -0.00153200     -0.00181900     -0.00154200
   -0.00156700     -0.00110600     -0.00137900
    0.00606000     -0.00652200      0.00937200
   -1.08483700      0.56671700      0.56671700
    0.00035700     -0.00267800     -0.00267800
   -0.00047800      0.00009900      0.00058600
   -0.00116600     -0.00054900     -0.00068100
   -0.00047800      0.00058600      0.00009900
   -0.00116600     -0.00068100     -0.00054900
   -0.00048800     -0.00011500     -0.00011500
   -0.00236200     -0.00131300     -0.00131300
    0.08938200     -0.08891800      0.01421300
    0.00139800     -0.00528800     -0.00214700
    0.00078000     -0.00061400      0.00294600
   -0.00051500     -0.00122200     -0.00067600
    0.00055800      0.00004700     -0.00018900
   -0.00044400     -0.00269900      0.00001000
    0.00042900     -0.00057700      0.00116600
   -0.00159200     -0.00183800     -0.00163000
    0.00557300     -0.00115900     -0.00115900
   -0.00328600     -0.00218200     -0.00218200
   -0.00062500      0.00168000     -0.00095500
    0.00148900     -0.00020800      0.00057700
   -0.00062500     -0.00095500      0.00168000
    0.00148900      0.00057700     -0.00020800
    0.00859400     -0.00348700     -0.00348700
    0.00215300     -0.00079800     -0.00079800
    0.08938200      0.01421300     -0.08891800
    0.00139800     -0.00214700     -0.00528800
    0.00055800     -0.00018900      0.00004700
   -0.00044400      0.00001000     -0.00269900
    0.00078000      0.00294600     -0.00061400
   -0.00051500     -0.00067600     -0.00122200
    0.00042900      0.00116600     -0.00057700
   -0.00159200     -0.00163000     -0.00183800
    0.00045700     -0.00098200      0.00054400
    0.00137500      0.00234800     -0.00211100
   -0.00136800     -0.00216800     -0.00042300
    0.00073900      0.00115000     -0.00120100
    0.00251000      0.00123100     -0.00140700
    0.01290000      0.02012300      0.04668600
    0.00064300      0.00161300     -0.00019100
   -0.00042400      0.00015500      0.00013700
    0.00045700      0.00054400     -0.00098200
    0.00137500     -0.00211100      0.00234800
    0.00251000     -0.00140700      0.00123100
    0.01290000      0.04668600      0.02012300
   -0.00136800     -0.00042300     -0.00216800
    0.00073900     -0.00120100      0.00115000
    0.00064300     -0.00019100      0.00161300
   -0.00042400      0.00013700      0.00015500
    0.27710500     -0.15588200     -0.15588200
   -0.00377300      0.00052300      0.00052300
   -0.00260200     -0.00170500     -0.00348300
   -0.00164900     -0.00180000     -0.00064200
   -0.00260200     -0.00348300     -0.00170500
   -0.00164900     -0.00064200     -0.00180000
   -0.00289700     -0.00221300     -0.00221300
    0.00088100     -0.00082800     -0.00082800
    0.00188900      0.00154400     -0.00324600
    0.00165700     -0.00187200      0.00334900
   -0.00694200     -0.02206400     -0.02848600
    0.00043700      0.00032200      0.00370400
    0.00009400     -0.00188700      0.00201800
    0.00396800     -0.00001200      0.00364900
    0.00160900     -0.00377100      0.00313100
    0.00215500     -0.00108400      0.00195600
    0.00188900     -0.00324600      0.00154400
    0.00165700      0.00334900     -0.00187200
    0.00009400      0.00201800     -0.00188700
    0.00396800      0.00364900     -0.00001200
   -0.00694200     -0.02848600     -0.02206400
    0.00043700      0.00370400      0.00032200
    0.00160900      0.00313100     -0.00377100
    0.00215500      0.00195600     -0.00108400
   -0.00564600      0.00422200      0.00422200
    0.06806100     -0.17528500     -0.17528500
   -0.00205100      0.00169500      0.00317500
   -0.00255000      0.00275300      0.00087300
   -0.00205100      0.00317500      0.00169500
   -0.00255000      0.00087300      0.00275300
    0.00032900      0.00291700      0.00291700
   -0.00315000      0.00253400      0.00253400
97 -0.00000000 -0.00000000 -0.00332161
   -0.52199200     -0.58759000      0.58757400
    0.00148400      0.00179700     -0.00132900
    0.00163700      0.00117300     -0.00118700
    0.00153300      0.00150100     -0.00129800
    0.00184600      0.00157200     -0.00158800
    0.00152200      0.00128300     -0.00151300
    0.00147800      0.00169400     -0.00171000
    0.00147300      0.00130700     -0.00180600
    0.00935900     -0.00695000      0.00901700
    0.00003900      0.00278600      0.00215500
   -0.00140600      0.00149200      0.00159500
   -0.00131100      0.00162300      0.00137900
   -0.00147000      0.00160900      0.00142700
   -0.00133900      0.00143500      0.00120300
   -0.00152600      0.00145700      0.00131500
   -0.00148600      0.00161700      0.00157100
   -0.00326000      0.00123200     -0.00042000
   -0.00191700      0.00107600      0.00127100
   -0.00173000      0.00200300      0.00138400
   -0.00142800      0.00136600      0.00152600
   -0.00150900      0.00122300      0.00143500
   -0.00153900      0.00149400      0.00145200
   -0.00085800      0.00112400      0.00110700
   -0.00220300      0.00100900      0.00122000
   -0.01652700     -0.01553300      0.01570600
   -0.00130000      0.00184800      0.00183200
   -0.00135500      0.00125900      0.00164200
   -0.00176200      0.00199600      0.00156200
   -0.00138700      0.00156900      0.00159800
   -0.00148200      0.00126900      0.00145300
   -0.00149600      0.00155900      0.00141500
   -0.00144100      0.00128700      0.00150800
    0.00780700     -0.00473900     -0.00089400
    0.00111700      0.00161700     -0.00108500
    0.00203700      0.00175600     -0.00148400
    0.00141700      0.00155400     -0.00126400
    0.00141100      0.00202500     -0.00155100
    0.00136400      0.00148300     -0.00148400
    0.00157700      0.00168000     -0.00140400
    0.00126400      0.00144100     -0.00187100
    0.00097800      0.00329100      0.00053200
    0.00118900     -0.00145100      0.00171200
    0.00135200     -0.00136000      0.00175100
    0.00190500     -0.00156500      0.00142700
   -0.00066500     -0.00169900      0.00089600
    0.00140100     -0.00140700      0.00151400
    0.00170300     -0.00134300      0.00171500
    0.00126600     -0.00121400      0.00142600
   -0.00220500     -0.00119800     -0.00098900
   -0.00326900      0.00043900     -0.00121700
   -0.00153600     -0.00143300     -0.00147000
   -0.00173800     -0.00136300     -0.00198800
   -0.00145200     -0.00151500     -0.00135200
   -0.00152100     -0.00142300     -0.00120900
   -0.00193600     -0.00125700     -0.00106200
   -0.00087100     -0.00109600     -0.00110700
   -0.00128100     -0.00183200     -0.00184500
   -0.00147600     -0.00142100     -0.00155800
   -0.00174200     -0.00155800     -0.00199000
   -0.00137300     -0.00160400     -0.00157100
   -0.00147200     -0.00147700     -0.00127600
   -0.00134100     -0.00165500     -0.00125800
   -0.00142900     -0.00152900     -0.00129200
   -0.01651700     -0.01571400      0.01553000
    0.00191600     -0.00141500      0.00156400
   -0.00064800     -0.00089200      0.00170100
    0.00120600     -0.00170400      0.00145100
    0.00172000     -0.00170900      0.00134900
    0.00128600     -0.00143100      0.00122000
    0.00099900     -0.00052800     -0.00329600
    0.00142100     -0.00152800      0.00141700
    0.00137100     -0.00175100      0.00136100
    0.07061800     -0.31016200      0.31014400
    0.00154200     -0.00161400      0.00131200
    0.00189800     -0.00123100      0.00121800
    0.00158800     -0.00131500      0.00146400
    0.00138600     -0.00154900      0.00153200
    0.00157800     -0.00147700      0.00129500
    0.00152000     -0.00169400      0.00167900
    0.00153500     -0.00132500      0.00159800
    0.00138600      0.00149100     -0.00149200
    0.00205300      0.00148700     -0.00175200
    0.00128400      0.00187500     -0.00145100
    0.00782500      0.00089300      0.00474200
    0.00113400      0.00108500     -0.00161000
    0.00159600      0.00141000     -0.00168200
    0.00142200      0.00126100     -0.00154000
    0.00143100      0.00155100     -0.00202700
    0.00005900     -0.00215500     -0.00279100
   -0.00151000     -0.00131300     -0.00146300
   -0.00129200     -0.00137300     -0.00161800
   -0.00145600     -0.00143300     -0.00162000
   -0.00132600     -0.00120800     -0.00145700
   -0.00139400     -0.00159500     -0.00150000
   -0.00147600     -0.00157300     -0.00163300
    0.00937400     -0.00901600      0.00694200
    1.06522200      1.39632400     -1.39631200
   -0.00147300      0.00017800      0.00126600
   -0.00158200      0.00058900     -0.00058700
   -0.00135700     -0.00011900      0.00027400
   -0.00270500     -0.00001300      0.00000600
   -0.00141200     -0.00027600      0.00012000
   -0.00211900     -0.00033900      0.00032900
   -0.00151300     -0.00126800     -0.00016600
    0.01700300     -0.01493100     -0.04408300
   -0.00152400      0.00059000      0.00169600
   -0.00079200     -0.00187400     -0.00011500
   -0.00002700     -0.00140600      0.00012900
    0.00075900     -0.00286700     -0.00013000
   -0.00047300     -0.00112300      0.00063500
   -0.00141100     -0.00200800     -0.00130800
   -0.00108800     -0.00150600      0.00024800
   -0.00300400     -0.00113900      0.00114500
    0.00324900      0.00120800      0.00045400
    0.00496300     -0.00301600      0.00301500
    0.00108200      0.00044300      0.00009800
    0.00166400     -0.00020500      0.00020000
    0.00103000     -0.00009400     -0.00044600
   -0.00673700     -0.00331800      0.00331100
    0.00321500     -0.00044800     -0.00120900
   -0.12612200      0.07619600      0.12770200
    0.00153300      0.00013200     -0.00252300
   -0.00090300      0.00050300     -0.00234900
    0.00046700     -0.00002900     -0.00233400
   -0.00135500     -0.00534300     -0.00010300
   -0.00009000      0.00040700     -0.00080600
    0.00013300     -0.00136300     -0.00135500
    0.00015000      0.00003200     -0.00034400
    0.00045200      0.00238500      0.00004100
   -0.00135100      0.00011200      0.00534400
    0.00152600      0.00255200     -0.00013600
    0.00012800      0.00136000      0.00137100
    0.00015400      0.00031000     -0.00003800
   -0.12612500     -0.12768400     -0.07620100
   -0.00008500      0.00075200     -0.00040600
   -0.00090900      0.00234500     -0.00048900
   -0.00047600     -0.00062300      0.00107800
   -0.00080500      0.00012300      0.00188200
   -0.00110500     -0.00023800      0.00147900
    0.01700900      0.04407700      0.01494300
   -0.00152100     -0.00168300     -0.00056100
   -0.00142300      0.00132400      0.00200600
   -0.00005600     -0.00011600      0.00146900
    0.00075700      0.00013100      0.00286700
   -0.20422400     -0.20079000      0.23425900
   -0.00215400     -0.00289800     -0.00239600
   -0.00137200     -0.00214800     -0.00161300
   -0.00230100     -0.00211200     -0.00179200
   -0.00121200      0.00032400     -0.00315500
   -0.00174100     -0.00210800     -0.00214500
   -0.00068300     -0.00157500     -0.00121200
   -0.00144600     -0.00037700     -0.00219100
    0.00124200     -0.00373400      0.00371200
    0.00201700     -0.00184000      0.00201800
    0.00954300     -0.00389300      0.00387600
    0.00193600     -0.00270100      0.00160100
    0.00359700     -0.00232800      0.00233600
    0.00195200     -0.00162600      0.00269700
    0.00188000      0.00071400     -0.00072600
    0.00204600     -0.00208000      0.00184800
    0.00266900      0.00958900     -0.00962000
    0.00194800      0.00127100     -0.00217600
    0.00449400      0.00145600     -0.00147200
    0.00124600      0.00164900     -0.00245100
    0.01441000      0.01180700     -0.01183200
    0.00120700      0.00242100     -0.00165600
    0.00278200      0.00140300     -0.00142400
    0.00192300      0.00210800     -0.00124500
   -0.00147500      0.00216300      0.00036200
   -0.20427300     -0.23424200      0.20081000
   -0.00172800      0.00210600      0.00209200
   -0.00140000      0.00164400      0.00216400
   -0.00238400      0.00184900      0.00215700
   -0.00123400      0.00315700     -0.00030200
   -0.00218000      0.00243700      0.00294300
   -0.00070300      0.00123200      0.00158500
145 -0.00332161 -0.00000000 -0.00000000
    0.05491100     -0.03591600     -0.05415600
    0.00158700      0.00195700     -0.00149800
    0.00147900      0.00141000     -0.00136700
    0.00165100      0.00135700     -0.00143600
    0.00178200      0.00128500     -0.00145200
    0.00139100      0.00132100     -0.00146000
    0.00149900      0.00145000     -0.00155900
    0.00150000      0.00135500     -0.00114100
    0.08017700     -0.07610400      0.08831900
   -0.00155900      0.00066400      0.00180300
   -0.00144800      0.00151200      0.00153000
   -0.00144100      0.00144800      0.00122600
   -0.00152600      0.00158200      0.00144300
   -0.00115800      0.00150000      0.00120500
   -0.00144500      0.00147200      0.00144500
   -0.00138100      0.00166500      0.00145200
   -0.00175300      0.00072700      0.00072700
   -0.00298300      0.00038300      0.00038300
   -0.00159000      0.00142800      0.00135100
   -0.00139900      0.00129500      0.00155700
   -0.00159000      0.00135100      0.00142800
   -0.00139900      0.00155700      0.00129500
   -0.00270500      0.00035200      0.00035200
   -0.00032400      0.00168200      0.00168200
    0.08017700      0.08831900     -0.07610400
   -0.00155900      0.00180300      0.00066400
   -0.00152600      0.00144300      0.00158200
   -0.00115800      0.00120500      0.00150000
   -0.00144800      0.00153000      0.00151200
   -0.00144100      0.00122600      0.00144800
   -0.00144500      0.00144500      0.00147200
   -0.00138100      0.00145200      0.00166500
   -0.02478100      0.02486500     -0.02171000
    0.00163400      0.00138500     -0.00161300
    0.00122800      0.00145700     -0.00160100
    0.00139600      0.00164300     -0.00136100
    0.00123900      0.00128500     -0.00183300
    0.00113100      0.00164900     -0.00112500
    0.00157300      0.00164400     -0.00139200
    0.00090900      0.00118500     -0.00152400
   -0.02478100     -0.02171000      0.02486500
    0.00163400     -0.00161300      0.00138500
    0.00123900     -0.00183300      0.00128500
    0.00113100     -0.00112500      0.00164900
    0.00122800     -0.00160100      0.00145700
    0.00139600     -0.00136100      0.00164300
    0.00157300     -0.00139200      0.00164400
    0.00090900     -0.00152400      0.00118500
   -0.00532400     -0.00339900     -0.00339900
   -0.00146400     -0.00031700     -0.00031700
   -0.00158300     -0.00146900     -0.00143600
   -0.00152200     -0.00139000     -0.00142600
   -0.00158300     -0.00143600     -0.00146900
   -0.00152200     -0.00142600     -0.00139000
   -0.00111500     -0.00181800     -0.00181800
   -0.00078100     -0.00215100     -0.00215100
   -0.00178900     -0.00222400     -0.00299500
   -0.00157800     -0.00145200     -0.00139100
   -0.00202000     -0.00170100     -0.00261700
   -0.00143000     -0.00155000     -0.00124000
   -0.00132300     -0.00160200     -0.00142800
   -0.00150200     -0.00151200     -0.00140700
   -0.00122400     -0.00153900     -0.00158300
   -0.00504000     -0.00208300      0.00224700
    0.00232200     -0.00130000      0.00177300
    0.00094000     -0.00152600      0.00156500
    0.00113100     -0.00138700      0.00150000
    0.00159200     -0.00161000      0.00141200
    0.00145200     -0.00166400      0.00196400
    0.00160100     -0.00263400      0.00279800
    0.00144800     -0.00138200      0.00131200
    0.00156100     -0.00162600      0.00147200
    0.05491100     -0.05415600     -0.03591600
    0.00158700     -0.00149800      0.00195700
    0.00178200     -0.00145200      0.00128500
    0.00139100     -0.00146000      0.00132100
    0.00147900     -0.00136700      0.00141000
    0.00165100     -0.00143600      0.00135700
    0.00149900     -0.00155900      0.00145000
    0.00150000     -0.00114100      0.00135500
    0.00232200      0.00177300     -0.00130000
    0.00094000      0.00156500     -0.00152600
    0.00145200      0.00196400     -0.00166400
    0.00160100      0.00279800     -0.00263400
    0.00113100      0.00150000     -0.00138700
    0.00159200      0.00141200     -0.00161000
    0.00144800      0.00131200     -0.00138200
    0.00156100      0.00147200     -0.00162600
   -0.00178900     -0.00299500     -0.00222400
   -0.00157800     -0.00139100     -0.00145200
   -0.00132300     -0.00142800     -0.00160200
   -0.00150200     -0.00140700     -0.00151200
   -0.00202000     -0.00261700     -0.00170100
   -0.00143000     -0.00124000     -0.00155000
   -0.00122400     -0.00158300     -0.00153900
   -0.00504000      0.00224700     -0.00208300
    0.28479300     -0.30790600     -0.30790600
   -0.00247100      0.00282700      0.00282700
   -0.00139700     -0.00055400     -0.00020400
   -0.00139000      0.00074500      0.00030200
   -0.00139700     -0.00020400     -0.00055400
   -0.00139000      0.00030200      0.00074500
   -0.00150600      0.00009500      0.00009500
   -0.00048600      0.00008400      0.00008400
    0.27720800     -0.19932800     -0.16700300
   -0.00073200      0.00139700      0.00077500
   -0.00080800     -0.00150100     -0.00135800
    0.00069700     -0.00117800      0.00083200
   -0.00072700     -0.00258100      0.00066600
    0.00025500     -0.00012200     -0.00011300
   -0.00034500     -0.00152300     -0.00086200
    0.00074800     -0.00081900      0.00252300
   -0.00084300     -0.00075700     -0.00075700
    0.01030600      0.00247300      0.00247300
    0.00200400     -0.00073200      0.00098100
    0.00096600      0.00056400     -0.00078000
    0.00200400      0.00098100     -0.00073200
    0.00096600     -0.00078000      0.00056400
    0.00257800      0.00270200      0.00270200
   -0.00223300      0.00073800      0.00073800
    0.27720800     -0.16700300     -0.19932800
   -0.00073200      0.00077500      0.00139700
   -0.00072700      0.00066600     -0.00258100
    0.00025500     -0.00011300     -0.00012200
   -0.00080800     -0.00135800     -0.00150100
    0.00069700      0.00083200     -0.00117800
   -0.00034500     -0.00086200     -0.00152300
    0.00074800      0.00252300     -0.00081900
    0.00013400      0.00322300      0.00028300
   -0.00077800      0.00075100      0.00142400
    0.00120900      0.00147400     -0.00043600
   -0.00050800      0.00161000      0.00102700
   -0.00350800      0.00107300      0.00223600
    0.02717100      0.01083400     -0.02492300
   -0.00077800      0.00097400      0.00017900
    0.00052600      0.00169200     -0.00012600
    0.00013400      0.00028300      0.00322300
   -0.00077800      0.00142400      0.00075100
   -0.00350800      0.00223600      0.00107300
    0.02717100     -0.02492300      0.01083400
    0.00120900     -0.00043600      0.00147400
   -0.00050800      0.00102700      0.00161000
   -0.00077800      0.00017900      0.00097400
    0.00052600     -0.00012600      0.00169200
   -1.00483000      0.82679800      0.82679800
   -0.00009700     -0.00403500     -0.00403500
   -0.00120100     -0.00195500     -0.00077700
   -0.00224600     -0.00194300     -0.00298600
   -0.00120100     -0.00077700     -0.00195500
   -0.00224600     -0.00298600     -0.00194300
   -0.00113800     -0.00174700     -0.00174700
   -0.00350700     -0.00288100     -0.00288100
    0.00267300     -0.00361800      0.00439600
    0.00188700     -0.00182300      0.00054800
   -0.02608300      0.04503100      0.03064700
    0.00428500     -0.00407100      0.00036900
    0.00344000     -0.00182800      0.00208600
   -0.00049800     -0.00351000      0.00103200
    0.00197200     -0.00078900      0.00121100
    0.00185500     -0.00277000      0.00223800
    0.00267300      0.00439600     -0.00361800
    0.00188700      0.00054800     -0.00182300
    0.00344000      0.00208600     -0.00182800
   -0.00049800      0.00103200     -0.00351000
   -0.02608300      0.03064700      0.04503100
    0.00428500      0.00036900     -0.00407100
    0.00197200      0.00121100     -0.00078900
    0.00185500      0.00223800     -0.00277000
    0.00303100     -0.00115500     -0.00115500
   -0.04788000     -0.13727100     -0.13727100
   -0.00210500      0.00206200      0.00061200
   -0.00153200      0.00146500      0.00241200
   -0.00210500      0.00061200      0.00206200
   -0.00153200      0.00241200      0.00146500
   -0.00354700      0.00209700      0.00209700
   -0.00128900      0.00125100      0.00125100
