         744
 -0.4833333333333333 -0.4833333333333333 -0.4833333333333333  8.000000
 -0.4833333333333333 -0.4833333333333333 -0.4500000000000000 24.000000
 -0.4833333333333333 -0.4833333333333333 -0.4166666666666667 24.000000
 -0.4833333333333333 -0.4833333333333333 -0.3833333333333334 24.000000
 -0.4833333333333333 -0.4833333333333333 -0.3500000000000000 24.000000
 -0.4833333333333333 -0.4833333333333333 -0.3166666666666668 24.000000
 -0.4833333333333333 -0.4833333333333333 -0.2833333333333334 24.000000
 -0.4833333333333333 -0.4833333333333333 -0.2500000000000001 24.000000
 -0.4833333333333333 -0.4833333333333333 -0.2166666666666667 24.000000
 -0.4833333333333333 -0.4833333333333333 -0.1833333333333334 24.000000
 -0.4833333333333333 -0.4833333333333333 -0.1500000000000001 24.000000
 -0.4833333333333333 -0.4833333333333333 -0.1166666666666666 24.000000
 -0.4833333333333333 -0.4833333333333333 -0.0833333333333333 24.000000
 -0.4833333333333333 -0.4833333333333333 -0.0500000000000001 24.000000
 -0.4833333333333333 -0.4833333333333333 -0.0166666666666667 12.000000
 -0.4833333333333333 -0.4833333333333333  0.4833333333333333  6.000000
 -0.4833333333333333 -0.4500000000000000 -0.4500000000000001 24.000000
 -0.4833333333333333 -0.4500000000000000 -0.4166666666666666 48.000000
 -0.4833333333333334 -0.4500000000000000 -0.3833333333333333 48.000000
 -0.4833333333333333 -0.4500000000000000 -0.3500000000000000 48.000000
 -0.4833333333333333 -0.4500000000000000 -0.3166666666666668 48.000000
 -0.4833333333333334 -0.4500000000000000 -0.2833333333333333 48.000000
 -0.4833333333333333 -0.4500000000000000 -0.2500000000000001 48.000000
 -0.4833333333333333 -0.4500000000000000 -0.2166666666666667 48.000000
 -0.4833333333333333 -0.4500000000000000 -0.1833333333333335 48.000000
 -0.4833333333333334 -0.4500000000000000 -0.1500000000000000 48.000000
 -0.4833333333333333 -0.4500000000000000 -0.1166666666666666 48.000000
 -0.4833333333333333 -0.4500000000000000 -0.0833333333333334 48.000000
 -0.4833333333333334 -0.4500000000000000 -0.0500000000000000 48.000000
 -0.4833333333333333 -0.4500000000000000  0.4500000000000000 24.000000
 -0.4833333333333333 -0.4166666666666667 -0.4166666666666667 24.000000
 -0.4833333333333333 -0.4166666666666667 -0.3833333333333334 48.000000
 -0.4833333333333333 -0.4166666666666667 -0.3500000000000000 48.000000
 -0.4833333333333334 -0.4166666666666666 -0.3166666666666668 48.000000
 -0.4833333333333333 -0.4166666666666667 -0.2833333333333334 48.000000
 -0.4833333333333333 -0.4166666666666667 -0.2500000000000001 48.000000
 -0.4833333333333333 -0.4166666666666667 -0.2166666666666667 48.000000
 -0.4833333333333334 -0.4166666666666666 -0.1833333333333333 48.000000
 -0.4833333333333334 -0.4166666666666666 -0.1500000000000001 48.000000
 -0.4833333333333333 -0.4166666666666667 -0.1166666666666666 48.000000
 -0.4833333333333333 -0.4166666666666667 -0.0833333333333333 48.000000
 -0.4833333333333334 -0.4166666666666666 -0.0500000000000000 24.000000
 -0.4833333333333333 -0.4166666666666667  0.4166666666666667 24.000000
 -0.4833333333333333 -0.4166666666666667  0.4500000000000000 24.000000
 -0.4833333333333333 -0.3833333333333334 -0.3833333333333333 24.000000
 -0.4833333333333333 -0.3833333333333334 -0.3500000000000001 48.000000
 -0.4833333333333334 -0.3833333333333333 -0.3166666666666668 48.000000
 -0.4833333333333333 -0.3833333333333334 -0.2833333333333334 48.000000
 -0.4833333333333333 -0.3833333333333334 -0.2500000000000000 48.000000
 -0.4833333333333334 -0.3833333333333333 -0.2166666666666667 48.000000
 -0.4833333333333334 -0.3833333333333333 -0.1833333333333333 48.000000
 -0.4833333333333334 -0.3833333333333333 -0.1500000000000000 48.000000
 -0.4833333333333333 -0.3833333333333334 -0.1166666666666667 48.000000
 -0.4833333333333333 -0.3833333333333334 -0.0833333333333333 48.000000
 -0.4833333333333333 -0.3833333333333334  0.3833333333333334 24.000000
 -0.4833333333333333 -0.3833333333333334  0.4166666666666667 48.000000
 -0.4833333333333333 -0.3500000000000000 -0.3500000000000000 24.000000
 -0.4833333333333334 -0.3500000000000000 -0.3166666666666667 48.000000
 -0.4833333333333333 -0.3500000000000000 -0.2833333333333334 48.000000
 -0.4833333333333334 -0.3500000000000000 -0.2500000000000001 48.000000
 -0.4833333333333333 -0.3500000000000000 -0.2166666666666667 48.000000
 -0.4833333333333333 -0.3500000000000000 -0.1833333333333334 48.000000
 -0.4833333333333334 -0.3500000000000000 -0.1500000000000000 48.000000
 -0.4833333333333333 -0.3500000000000001 -0.1166666666666668 48.000000
 -0.4833333333333333 -0.3500000000000001 -0.0833333333333333 24.000000
 -0.4833333333333333 -0.3500000000000000  0.3500000000000000 24.000000
 -0.4833333333333333 -0.3500000000000000  0.3833333333333333 48.000000
 -0.4833333333333333 -0.3500000000000000  0.4166666666666667 24.000000
 -0.4833333333333334 -0.3166666666666667 -0.3166666666666667 24.000000
 -0.4833333333333334 -0.3166666666666667 -0.2833333333333333 48.000000
 -0.4833333333333334 -0.3166666666666668 -0.2500000000000001 48.000000
 -0.4833333333333334 -0.3166666666666668 -0.2166666666666666 48.000000
 -0.4833333333333334 -0.3166666666666667 -0.1833333333333333 48.000000
 -0.4833333333333334 -0.3166666666666668 -0.1500000000000000 48.000000
 -0.4833333333333334 -0.3166666666666668 -0.1166666666666666 48.000000
 -0.4833333333333334 -0.3166666666666668  0.3166666666666668 24.000000
 -0.4833333333333334 -0.3166666666666668  0.3500000000000001 48.000000
 -0.4833333333333334 -0.3166666666666668  0.3833333333333334 48.000000
 -0.4833333333333334 -0.2833333333333333 -0.2833333333333334 24.000000
 -0.4833333333333334 -0.2833333333333333 -0.2499999999999999 48.000000
 -0.4833333333333334 -0.2833333333333333 -0.2166666666666667 48.000000
 -0.4833333333333334 -0.2833333333333333 -0.1833333333333333 48.000000
 -0.4833333333333334 -0.2833333333333333 -0.1500000000000001 48.000000
 -0.4833333333333333 -0.2833333333333334 -0.1166666666666666 24.000000
 -0.4833333333333334 -0.2833333333333333  0.2833333333333333 24.000000
 -0.4833333333333334 -0.2833333333333333  0.3166666666666668 48.000000
 -0.4833333333333334 -0.2833333333333333  0.3500000000000000 48.000000
 -0.4833333333333334 -0.2833333333333333  0.3833333333333334 24.000000
 -0.4833333333333334 -0.2500000000000000 -0.2500000000000000 24.000000
 -0.4833333333333334 -0.2500000000000000 -0.2166666666666667 48.000000
 -0.4833333333333334 -0.2500000000000000 -0.1833333333333333 48.000000
 -0.4833333333333334 -0.2500000000000000 -0.1500000000000000 48.000000
 -0.4833333333333334 -0.2500000000000000  0.2500000000000000 24.000000
 -0.4833333333333334 -0.2500000000000000  0.2833333333333333 48.000000
 -0.4833333333333334 -0.2500000000000000  0.3166666666666668 48.000000
 -0.4833333333333334 -0.2500000000000000  0.3500000000000000 48.000000
 -0.4833333333333334 -0.2166666666666667 -0.2166666666666667 24.000000
 -0.4833333333333334 -0.2166666666666667 -0.1833333333333334 48.000000
 -0.4833333333333334 -0.2166666666666667 -0.1500000000000000 24.000000
 -0.4833333333333334 -0.2166666666666667  0.2166666666666667 24.000000
 -0.4833333333333334 -0.2166666666666667  0.2500000000000000 48.000000
 -0.4833333333333334 -0.2166666666666667  0.2833333333333333 48.000000
 -0.4833333333333334 -0.2166666666666667  0.3166666666666668 48.000000
 -0.4833333333333334 -0.2166666666666667  0.3500000000000000 24.000000
 -0.4833333333333334 -0.1833333333333333 -0.1833333333333333 24.000000
 -0.4833333333333334 -0.1833333333333334  0.1833333333333334 24.000000
 -0.4833333333333334 -0.1833333333333333  0.2166666666666667 48.000000
 -0.4833333333333334 -0.1833333333333333  0.2500000000000001 48.000000
 -0.4833333333333334 -0.1833333333333333  0.2833333333333333 48.000000
 -0.4833333333333334 -0.1833333333333333  0.3166666666666668 48.000000
 -0.4833333333333334 -0.1500000000000000  0.1500000000000000 24.000000
 -0.4833333333333334 -0.1500000000000000  0.1833333333333334 48.000000
 -0.4833333333333334 -0.1500000000000000  0.2166666666666667 48.000000
 -0.4833333333333334 -0.1500000000000000  0.2500000000000001 48.000000
 -0.4833333333333334 -0.1500000000000000  0.2833333333333333 48.000000
 -0.4833333333333334 -0.1500000000000000  0.3166666666666668 24.000000
 -0.4833333333333333 -0.1166666666666667  0.1166666666666667 24.000000
 -0.4833333333333333 -0.1166666666666666  0.1500000000000000 48.000000
 -0.4833333333333333 -0.1166666666666667  0.1833333333333333 48.000000
 -0.4833333333333333 -0.1166666666666667  0.2166666666666666 48.000000
 -0.4833333333333333 -0.1166666666666666  0.2500000000000000 48.000000
 -0.4833333333333333 -0.1166666666666666  0.2833333333333333 48.000000
 -0.4833333333333333 -0.0833333333333333  0.0833333333333333 24.000000
 -0.4833333333333333 -0.0833333333333333  0.1166666666666667 48.000000
 -0.4833333333333333 -0.0833333333333333  0.1500000000000000 48.000000
 -0.4833333333333333 -0.0833333333333333  0.1833333333333333 48.000000
 -0.4833333333333333 -0.0833333333333333  0.2166666666666667 48.000000
 -0.4833333333333333 -0.0833333333333333  0.2500000000000000 48.000000
 -0.4833333333333333 -0.0833333333333333  0.2833333333333333 24.000000
 -0.4833333333333334 -0.0500000000000000  0.0500000000000000 24.000000
 -0.4833333333333334 -0.0500000000000000  0.0833333333333334 48.000000
 -0.4833333333333334 -0.0500000000000000  0.1166666666666668 48.000000
 -0.4833333333333334 -0.0500000000000000  0.1500000000000000 48.000000
 -0.4833333333333334 -0.0500000000000000  0.1833333333333334 48.000000
 -0.4833333333333334 -0.0500000000000000  0.2166666666666667 48.000000
 -0.4833333333333334 -0.0500000000000000  0.2500000000000001 48.000000
 -0.4833333333333333 -0.0166666666666667  0.0166666666666667 24.000000
 -0.4833333333333334 -0.0166666666666666  0.0500000000000000 48.000000
 -0.4833333333333333 -0.0166666666666667  0.0833333333333333 48.000000
 -0.4833333333333333 -0.0166666666666667  0.1166666666666667 48.000000
 -0.4833333333333333 -0.0166666666666667  0.1500000000000000 48.000000
 -0.4833333333333333 -0.0166666666666667  0.1833333333333333 48.000000
 -0.4833333333333333 -0.0166666666666667  0.2166666666666667 48.000000
 -0.4833333333333333 -0.0166666666666667  0.2500000000000000 24.000000
 -0.4833333333333333  0.0166666666666667  0.0166666666666667 24.000000
 -0.4833333333333334  0.0166666666666667  0.0500000000000000 48.000000
 -0.4833333333333333  0.0166666666666667  0.0833333333333333 48.000000
 -0.4833333333333333  0.0166666666666667  0.1166666666666667 48.000000
 -0.4833333333333333  0.0166666666666667  0.1500000000000000 48.000000
 -0.4833333333333333  0.0166666666666667  0.1833333333333333 48.000000
 -0.4833333333333333  0.0166666666666667  0.2166666666666667 48.000000
 -0.4833333333333334  0.0500000000000000  0.0500000000000000 24.000000
 -0.4833333333333334  0.0500000000000000  0.0833333333333334 48.000000
 -0.4833333333333334  0.0500000000000000  0.1166666666666667 48.000000
 -0.4833333333333334  0.0500000000000000  0.1500000000000000 48.000000
 -0.4833333333333334  0.0500000000000000  0.1833333333333334 48.000000
 -0.4833333333333334  0.0500000000000000  0.2166666666666667 24.000000
 -0.4833333333333333  0.0833333333333333  0.0833333333333333 24.000000
 -0.4833333333333333  0.0833333333333333  0.1166666666666667 48.000000
 -0.4833333333333333  0.0833333333333333  0.1500000000000000 48.000000
 -0.4833333333333333  0.0833333333333333  0.1833333333333333 48.000000
 -0.4833333333333334  0.1166666666666667  0.1166666666666667 24.000000
 -0.4833333333333334  0.1166666666666667  0.1500000000000000 48.000000
 -0.4833333333333333  0.1166666666666667  0.1833333333333333 24.000000
 -0.4833333333333333  0.1500000000000000  0.1500000000000000 24.000000
 -0.4500000000000000 -0.4500000000000000 -0.4500000000000000  8.000000
 -0.4500000000000000 -0.4500000000000000 -0.4166666666666667 24.000000
 -0.4500000000000000 -0.4500000000000000 -0.3833333333333332 24.000000
 -0.4500000000000000 -0.4500000000000000 -0.3500000000000000 24.000000
 -0.4500000000000000 -0.4500000000000000 -0.3166666666666668 24.000000
 -0.4500000000000000 -0.4500000000000000 -0.2833333333333333 24.000000
 -0.4500000000000000 -0.4500000000000000 -0.2500000000000001 24.000000
 -0.4500000000000000 -0.4500000000000000 -0.2166666666666667 24.000000
 -0.4500000000000000 -0.4500000000000000 -0.1833333333333334 24.000000
 -0.4500000000000000 -0.4500000000000000 -0.1500000000000000 24.000000
 -0.4500000000000000 -0.4500000000000000 -0.1166666666666666 24.000000
 -0.4500000000000000 -0.4500000000000000 -0.0833333333333333 24.000000
 -0.4500000000000000 -0.4500000000000000 -0.0500000000000000 12.000000
 -0.4500000000000000 -0.4500000000000000  0.4500000000000000  6.000000
 -0.4500000000000000 -0.4166666666666667 -0.4166666666666667 24.000000
 -0.4500000000000000 -0.4166666666666667 -0.3833333333333333 48.000000
 -0.4500000000000000 -0.4166666666666667 -0.3500000000000001 48.000000
 -0.4500000000000001 -0.4166666666666666 -0.3166666666666668 48.000000
 -0.4500000000000000 -0.4166666666666667 -0.2833333333333333 48.000000
 -0.4500000000000000 -0.4166666666666667 -0.2500000000000000 48.000000
 -0.4500000000000000 -0.4166666666666667 -0.2166666666666668 48.000000
 -0.4500000000000001 -0.4166666666666666 -0.1833333333333333 48.000000
 -0.4500000000000000 -0.4166666666666667 -0.1499999999999999 48.000000
 -0.4500000000000000 -0.4166666666666667 -0.1166666666666667 48.000000
 -0.4500000000000000 -0.4166666666666667 -0.0833333333333333 48.000000
 -0.4500000000000000 -0.4166666666666667  0.4166666666666667 24.000000
 -0.4499999999999999 -0.3833333333333334 -0.3833333333333334 24.000000
 -0.4500000000000000 -0.3833333333333333 -0.3500000000000001 48.000000
 -0.4500000000000000 -0.3833333333333332 -0.3166666666666668 48.000000
 -0.4499999999999999 -0.3833333333333334 -0.2833333333333333 48.000000
 -0.4500000000000000 -0.3833333333333333 -0.2500000000000001 48.000000
 -0.4500000000000000 -0.3833333333333332 -0.2166666666666667 48.000000
 -0.4500000000000000 -0.3833333333333332 -0.1833333333333335 48.000000
 -0.4500000000000000 -0.3833333333333333 -0.1500000000000000 48.000000
 -0.4500000000000000 -0.3833333333333333 -0.1166666666666667 48.000000
 -0.4500000000000000 -0.3833333333333333 -0.0833333333333334 24.000000
 -0.4500000000000000 -0.3833333333333333  0.3833333333333333 24.000000
 -0.4500000000000000 -0.3833333333333333  0.4166666666666666 24.000000
 -0.4500000000000000 -0.3500000000000000 -0.3500000000000000 24.000000
 -0.4500000000000001 -0.3500000000000000 -0.3166666666666668 48.000000
 -0.4500000000000000 -0.3500000000000001 -0.2833333333333333 48.000000
 -0.4500000000000001 -0.3500000000000000 -0.2500000000000000 48.000000
 -0.4500000000000000 -0.3500000000000000 -0.2166666666666667 48.000000
 -0.4500000000000000 -0.3500000000000000 -0.1833333333333335 48.000000
 -0.4500000000000000 -0.3500000000000000 -0.1500000000000000 48.000000
 -0.4500000000000000 -0.3500000000000001 -0.1166666666666667 48.000000
 -0.4500000000000000 -0.3500000000000000  0.3500000000000000 24.000000
 -0.4500000000000000 -0.3500000000000000  0.3833333333333334 48.000000
 -0.4500000000000001 -0.3166666666666667 -0.3166666666666668 24.000000
 -0.4500000000000001 -0.3166666666666668 -0.2833333333333332 48.000000
 -0.4500000000000001 -0.3166666666666668 -0.2500000000000000 48.000000
 -0.4500000000000001 -0.3166666666666668 -0.2166666666666667 48.000000
 -0.4500000000000001 -0.3166666666666667 -0.1833333333333332 48.000000
 -0.4500000000000000 -0.3166666666666668 -0.1500000000000000 48.000000
 -0.4500000000000001 -0.3166666666666668 -0.1166666666666666 24.000000
 -0.4500000000000001 -0.3166666666666668  0.3166666666666668 24.000000
 -0.4500000000000001 -0.3166666666666668  0.3500000000000001 48.000000
 -0.4500000000000001 -0.3166666666666668  0.3833333333333334 24.000000
 -0.4500000000000000 -0.2833333333333333 -0.2833333333333333 24.000000
 -0.4500000000000000 -0.2833333333333333 -0.2500000000000001 48.000000
 -0.4500000000000000 -0.2833333333333333 -0.2166666666666667 48.000000
 -0.4500000000000000 -0.2833333333333333 -0.1833333333333334 48.000000
 -0.4500000000000000 -0.2833333333333333 -0.1500000000000000 48.000000
 -0.4500000000000000 -0.2833333333333333  0.2833333333333333 24.000000
 -0.4500000000000000 -0.2833333333333333  0.3166666666666667 48.000000
 -0.4500000000000000 -0.2833333333333333  0.3500000000000000 48.000000
 -0.4500000000000001 -0.2500000000000000 -0.2500000000000001 24.000000
 -0.4500000000000001 -0.2500000000000000 -0.2166666666666666 48.000000
 -0.4500000000000001 -0.2500000000000000 -0.1833333333333334 48.000000
 -0.4500000000000000 -0.2500000000000001 -0.1500000000000000 24.000000
 -0.4500000000000000 -0.2500000000000001  0.2500000000000001 24.000000
 -0.4500000000000000 -0.2500000000000001  0.2833333333333333 48.000000
 -0.4500000000000000 -0.2500000000000001  0.3166666666666668 48.000000
 -0.4500000000000000 -0.2500000000000001  0.3500000000000001 24.000000
 -0.4500000000000001 -0.2166666666666667 -0.2166666666666667 24.000000
 -0.4500000000000001 -0.2166666666666667 -0.1833333333333333 48.000000
 -0.4500000000000000 -0.2166666666666667  0.2166666666666667 24.000000
 -0.4500000000000000 -0.2166666666666667  0.2500000000000001 48.000000
 -0.4500000000000001 -0.2166666666666667  0.2833333333333333 48.000000
 -0.4500000000000001 -0.2166666666666667  0.3166666666666668 48.000000
 -0.4500000000000001 -0.1833333333333333 -0.1833333333333333  8.000000
 -0.4500000000000001 -0.1833333333333334  0.1833333333333334 24.000000
 -0.4500000000000000 -0.1833333333333334  0.2166666666666667 48.000000
 -0.4500000000000001 -0.1833333333333334  0.2500000000000001 48.000000
 -0.4500000000000001 -0.1833333333333334  0.2833333333333334 48.000000
 -0.4500000000000001 -0.1833333333333334  0.3166666666666668 24.000000
 -0.4500000000000000 -0.1500000000000000  0.1500000000000000 24.000000
 -0.4500000000000000 -0.1500000000000000  0.1833333333333333 48.000000
 -0.4500000000000000 -0.1500000000000000  0.2166666666666667 48.000000
 -0.4500000000000000 -0.1500000000000000  0.2500000000000000 48.000000
 -0.4500000000000000 -0.1500000000000000  0.2833333333333333 48.000000
 -0.4500000000000000 -0.1166666666666667  0.1166666666666667 24.000000
 -0.4500000000000000 -0.1166666666666667  0.1500000000000000 48.000000
 -0.4500000000000000 -0.1166666666666667  0.1833333333333333 48.000000
 -0.4500000000000000 -0.1166666666666667  0.2166666666666667 48.000000
 -0.4500000000000000 -0.1166666666666667  0.2500000000000000 48.000000
 -0.4500000000000000 -0.1166666666666667  0.2833333333333333 24.000000
 -0.4500000000000000 -0.0833333333333333  0.0833333333333333 24.000000
 -0.4500000000000000 -0.0833333333333333  0.1166666666666667 48.000000
 -0.4500000000000000 -0.0833333333333333  0.1500000000000000 48.000000
 -0.4500000000000000 -0.0833333333333333  0.1833333333333333 48.000000
 -0.4500000000000000 -0.0833333333333333  0.2166666666666667 48.000000
 -0.4500000000000000 -0.0833333333333333  0.2500000000000000 48.000000
 -0.4500000000000000 -0.0500000000000000  0.0500000000000000 24.000000
 -0.4500000000000000 -0.0500000000000000  0.0833333333333333 48.000000
 -0.4500000000000000 -0.0500000000000000  0.1166666666666667 48.000000
 -0.4500000000000000 -0.0500000000000000  0.1500000000000000 48.000000
 -0.4500000000000000 -0.0500000000000000  0.1833333333333333 48.000000
 -0.4500000000000000 -0.0500000000000000  0.2166666666666667 48.000000
 -0.4500000000000000 -0.0500000000000000  0.2500000000000000 24.000000
 -0.4500000000000000 -0.0166666666666667  0.0166666666666667 24.000000
 -0.4500000000000000 -0.0166666666666667  0.0500000000000000 48.000000
 -0.4500000000000000 -0.0166666666666667  0.0833333333333334 48.000000
 -0.4500000000000000 -0.0166666666666667  0.1166666666666667 48.000000
 -0.4500000000000000 -0.0166666666666667  0.1500000000000000 48.000000
 -0.4500000000000000 -0.0166666666666667  0.1833333333333333 48.000000
 -0.4500000000000000 -0.0166666666666667  0.2166666666666667 48.000000
 -0.4500000000000000  0.0166666666666667  0.0166666666666667 24.000000
 -0.4500000000000000  0.0166666666666667  0.0500000000000000 48.000000
 -0.4500000000000000  0.0166666666666667  0.0833333333333334 48.000000
 -0.4500000000000000  0.0166666666666667  0.1166666666666667 48.000000
 -0.4500000000000000  0.0166666666666667  0.1500000000000000 48.000000
 -0.4500000000000000  0.0166666666666667  0.1833333333333333 48.000000
 -0.4500000000000000  0.0166666666666666  0.2166666666666667 24.000000
 -0.4500000000000000  0.0500000000000000  0.0500000000000000 24.000000
 -0.4500000000000000  0.0500000000000000  0.0833333333333334 48.000000
 -0.4500000000000000  0.0500000000000000  0.1166666666666667 48.000000
 -0.4500000000000000  0.0500000000000000  0.1500000000000000 48.000000
 -0.4500000000000000  0.0500000000000000  0.1833333333333333 48.000000
 -0.4500000000000000  0.0833333333333333  0.0833333333333333 24.000000
 -0.4500000000000000  0.0833333333333333  0.1166666666666667 48.000000
 -0.4500000000000000  0.0833333333333333  0.1500000000000000 48.000000
 -0.4500000000000000  0.0833333333333333  0.1833333333333333 24.000000
 -0.4500000000000000  0.1166666666666667  0.1166666666666667 24.000000
 -0.4500000000000000  0.1166666666666667  0.1500000000000000 48.000000
 -0.4500000000000000  0.1500000000000000  0.1500000000000000  8.000000
 -0.4166666666666667 -0.4166666666666667 -0.4166666666666667  8.000000
 -0.4166666666666667 -0.4166666666666667 -0.3833333333333334 24.000000
 -0.4166666666666667 -0.4166666666666667 -0.3500000000000001 24.000000
 -0.4166666666666667 -0.4166666666666667 -0.3166666666666667 24.000000
 -0.4166666666666667 -0.4166666666666667 -0.2833333333333334 24.000000
 -0.4166666666666667 -0.4166666666666667 -0.2500000000000001 24.000000
 -0.4166666666666667 -0.4166666666666667 -0.2166666666666667 24.000000
 -0.4166666666666667 -0.4166666666666667 -0.1833333333333333 24.000000
 -0.4166666666666667 -0.4166666666666667 -0.1500000000000000 24.000000
 -0.4166666666666667 -0.4166666666666667 -0.1166666666666668 24.000000
 -0.4166666666666667 -0.4166666666666667 -0.0833333333333333 12.000000
 -0.4166666666666667 -0.4166666666666667  0.4166666666666667  6.000000
 -0.4166666666666667 -0.3833333333333334 -0.3833333333333334 24.000000
 -0.4166666666666667 -0.3833333333333333 -0.3500000000000001 48.000000
 -0.4166666666666667 -0.3833333333333334 -0.3166666666666668 48.000000
 -0.4166666666666667 -0.3833333333333334 -0.2833333333333333 48.000000
 -0.4166666666666667 -0.3833333333333334 -0.2500000000000001 48.000000
 -0.4166666666666667 -0.3833333333333333 -0.2166666666666667 48.000000
 -0.4166666666666667 -0.3833333333333334 -0.1833333333333332 48.000000
 -0.4166666666666667 -0.3833333333333334 -0.1500000000000000 48.000000
 -0.4166666666666667 -0.3833333333333333 -0.1166666666666667 48.000000
 -0.4166666666666667 -0.3833333333333334  0.3833333333333334 24.000000
 -0.4166666666666668 -0.3500000000000000 -0.3500000000000000 24.000000
 -0.4166666666666667 -0.3500000000000001 -0.3166666666666667 48.000000
 -0.4166666666666667 -0.3500000000000001 -0.2833333333333333 48.000000
 -0.4166666666666668 -0.3500000000000000 -0.2499999999999999 48.000000
 -0.4166666666666667 -0.3500000000000001 -0.2166666666666667 48.000000
 -0.4166666666666667 -0.3500000000000001 -0.1833333333333332 48.000000
 -0.4166666666666667 -0.3500000000000001 -0.1499999999999999 48.000000
 -0.4166666666666667 -0.3500000000000001 -0.1166666666666667 24.000000
 -0.4166666666666667 -0.3500000000000001  0.3500000000000001 24.000000
 -0.4166666666666667 -0.3500000000000001  0.3833333333333334 24.000000
 -0.4166666666666667 -0.3166666666666667 -0.3166666666666667 24.000000
 -0.4166666666666667 -0.3166666666666667 -0.2833333333333333 48.000000
 -0.4166666666666667 -0.3166666666666667 -0.2500000000000000 48.000000
 -0.4166666666666667 -0.3166666666666667 -0.2166666666666668 48.000000
 -0.4166666666666667 -0.3166666666666667 -0.1833333333333333 48.000000
 -0.4166666666666666 -0.3166666666666668 -0.1500000000000000 48.000000
 -0.4166666666666667 -0.3166666666666667  0.3166666666666667 24.000000
 -0.4166666666666667 -0.3166666666666667  0.3500000000000000 48.000000
 -0.4166666666666667 -0.2833333333333333 -0.2833333333333333 24.000000
 -0.4166666666666667 -0.2833333333333333 -0.2500000000000001 48.000000
 -0.4166666666666667 -0.2833333333333333 -0.2166666666666666 48.000000
 -0.4166666666666667 -0.2833333333333334 -0.1833333333333333 48.000000
 -0.4166666666666667 -0.2833333333333334 -0.1500000000000000 24.000000
 -0.4166666666666667 -0.2833333333333333  0.2833333333333333 24.000000
 -0.4166666666666667 -0.2833333333333333  0.3166666666666668 48.000000
 -0.4166666666666667 -0.2833333333333333  0.3500000000000000 24.000000
 -0.4166666666666667 -0.2500000000000000 -0.2500000000000000 24.000000
 -0.4166666666666667 -0.2500000000000000 -0.2166666666666667 48.000000
 -0.4166666666666667 -0.2500000000000001 -0.1833333333333332 48.000000
 -0.4166666666666667 -0.2500000000000000  0.2500000000000000 24.000000
 -0.4166666666666667 -0.2500000000000001  0.2833333333333333 48.000000
 -0.4166666666666667 -0.2500000000000000  0.3166666666666668 48.000000
 -0.4166666666666667 -0.2166666666666667 -0.2166666666666667 24.000000
 -0.4166666666666667 -0.2166666666666667 -0.1833333333333333 24.000000
 -0.4166666666666667 -0.2166666666666667  0.2166666666666667 24.000000
 -0.4166666666666667 -0.2166666666666667  0.2500000000000000 48.000000
 -0.4166666666666667 -0.2166666666666667  0.2833333333333333 48.000000
 -0.4166666666666667 -0.2166666666666667  0.3166666666666668 24.000000
 -0.4166666666666667 -0.1833333333333333  0.1833333333333333 24.000000
 -0.4166666666666667 -0.1833333333333333  0.2166666666666667 48.000000
 -0.4166666666666667 -0.1833333333333333  0.2500000000000000 48.000000
 -0.4166666666666666 -0.1833333333333333  0.2833333333333333 48.000000
 -0.4166666666666667 -0.1500000000000000  0.1500000000000000 24.000000
 -0.4166666666666667 -0.1500000000000000  0.1833333333333333 48.000000
 -0.4166666666666667 -0.1500000000000000  0.2166666666666667 48.000000
 -0.4166666666666667 -0.1500000000000000  0.2500000000000000 48.000000
 -0.4166666666666667 -0.1500000000000000  0.2833333333333333 24.000000
 -0.4166666666666667 -0.1166666666666667  0.1166666666666667 24.000000
 -0.4166666666666667 -0.1166666666666667  0.1500000000000000 48.000000
 -0.4166666666666667 -0.1166666666666667  0.1833333333333333 48.000000
 -0.4166666666666667 -0.1166666666666667  0.2166666666666667 48.000000
 -0.4166666666666667 -0.1166666666666667  0.2500000000000001 48.000000
 -0.4166666666666667 -0.0833333333333333  0.0833333333333333 24.000000
 -0.4166666666666667 -0.0833333333333333  0.1166666666666667 48.000000
 -0.4166666666666667 -0.0833333333333333  0.1500000000000000 48.000000
 -0.4166666666666667 -0.0833333333333333  0.1833333333333333 48.000000
 -0.4166666666666667 -0.0833333333333333  0.2166666666666667 48.000000
 -0.4166666666666667 -0.0833333333333333  0.2500000000000000 24.000000
 -0.4166666666666667 -0.0500000000000000  0.0500000000000000 24.000000
 -0.4166666666666667 -0.0500000000000000  0.0833333333333333 48.000000
 -0.4166666666666667 -0.0500000000000000  0.1166666666666667 48.000000
 -0.4166666666666667 -0.0500000000000000  0.1500000000000000 48.000000
 -0.4166666666666667 -0.0500000000000000  0.1833333333333333 48.000000
 -0.4166666666666667 -0.0500000000000000  0.2166666666666667 48.000000
 -0.4166666666666667 -0.0166666666666667  0.0166666666666667 24.000000
 -0.4166666666666667 -0.0166666666666667  0.0500000000000000 48.000000
 -0.4166666666666667 -0.0166666666666667  0.0833333333333333 48.000000
 -0.4166666666666667 -0.0166666666666667  0.1166666666666667 48.000000
 -0.4166666666666667 -0.0166666666666667  0.1500000000000000 48.000000
 -0.4166666666666667 -0.0166666666666667  0.1833333333333333 48.000000
 -0.4166666666666667 -0.0166666666666667  0.2166666666666667 24.000000
 -0.4166666666666667  0.0166666666666667  0.0166666666666667 24.000000
 -0.4166666666666667  0.0166666666666667  0.0500000000000000 48.000000
 -0.4166666666666667  0.0166666666666667  0.0833333333333333 48.000000
 -0.4166666666666667  0.0166666666666667  0.1166666666666667 48.000000
 -0.4166666666666667  0.0166666666666667  0.1500000000000000 48.000000
 -0.4166666666666667  0.0166666666666667  0.1833333333333333 48.000000
 -0.4166666666666667  0.0500000000000000  0.0500000000000000 24.000000
 -0.4166666666666667  0.0500000000000000  0.0833333333333333 48.000000
 -0.4166666666666667  0.0500000000000000  0.1166666666666667 48.000000
 -0.4166666666666667  0.0500000000000000  0.1500000000000000 48.000000
 -0.4166666666666667  0.0500000000000000  0.1833333333333333 24.000000
 -0.4166666666666667  0.0833333333333333  0.0833333333333333 24.000000
 -0.4166666666666667  0.0833333333333333  0.1166666666666667 48.000000
 -0.4166666666666667  0.0833333333333333  0.1500000000000000 48.000000
 -0.4166666666666667  0.1166666666666667  0.1166666666666667 24.000000
 -0.4166666666666667  0.1166666666666667  0.1500000000000000 24.000000
 -0.3833333333333334 -0.3833333333333334 -0.3833333333333334  8.000000
 -0.3833333333333334 -0.3833333333333334 -0.3500000000000000 24.000000
 -0.3833333333333334 -0.3833333333333334 -0.3166666666666667 24.000000
 -0.3833333333333334 -0.3833333333333334 -0.2833333333333334 24.000000
 -0.3833333333333334 -0.3833333333333334 -0.2500000000000001 24.000000
 -0.3833333333333334 -0.3833333333333334 -0.2166666666666666 24.000000
 -0.3833333333333334 -0.3833333333333334 -0.1833333333333333 24.000000
 -0.3833333333333334 -0.3833333333333334 -0.1500000000000000 24.000000
 -0.3833333333333334 -0.3833333333333334 -0.1166666666666666 12.000000
 -0.3833333333333334 -0.3833333333333334  0.3833333333333334  6.000000
 -0.3833333333333334 -0.3500000000000000 -0.3500000000000001 24.000000
 -0.3833333333333334 -0.3500000000000000 -0.3166666666666667 48.000000
 -0.3833333333333334 -0.3500000000000000 -0.2833333333333334 48.000000
 -0.3833333333333334 -0.3500000000000000 -0.2500000000000000 48.000000
 -0.3833333333333333 -0.3500000000000001 -0.2166666666666667 48.000000
 -0.3833333333333333 -0.3500000000000001 -0.1833333333333333 48.000000
 -0.3833333333333334 -0.3500000000000000 -0.1499999999999999 48.000000
 -0.3833333333333334 -0.3500000000000000  0.3500000000000000 24.000000
 -0.3833333333333334 -0.3166666666666667 -0.3166666666666667 24.000000
 -0.3833333333333334 -0.3166666666666667 -0.2833333333333333 48.000000
 -0.3833333333333334 -0.3166666666666667 -0.2500000000000001 48.000000
 -0.3833333333333333 -0.3166666666666668 -0.2166666666666666 48.000000
 -0.3833333333333334 -0.3166666666666667 -0.1833333333333333 48.000000
 -0.3833333333333333 -0.3166666666666668 -0.1500000000000000 24.000000
 -0.3833333333333334 -0.3166666666666667  0.3166666666666667 24.000000
 -0.3833333333333334 -0.3166666666666667  0.3500000000000000 24.000000
 -0.3833333333333334 -0.2833333333333333 -0.2833333333333333 24.000000
 -0.3833333333333334 -0.2833333333333333 -0.2500000000000000 48.000000
 -0.3833333333333334 -0.2833333333333334 -0.2166666666666667 48.000000
 -0.3833333333333334 -0.2833333333333334 -0.1833333333333332 48.000000
 -0.3833333333333334 -0.2833333333333334  0.2833333333333334 24.000000
 -0.3833333333333334 -0.2833333333333334  0.3166666666666668 48.000000
 -0.3833333333333334 -0.2500000000000000 -0.2499999999999999 24.000000
 -0.3833333333333334 -0.2500000000000001 -0.2166666666666666 48.000000
 -0.3833333333333334 -0.2500000000000001 -0.1833333333333333 24.000000
 -0.3833333333333334 -0.2500000000000001  0.2500000000000001 24.000000
 -0.3833333333333334 -0.2500000000000001  0.2833333333333333 48.000000
 -0.3833333333333334 -0.2500000000000001  0.3166666666666668 24.000000
 -0.3833333333333333 -0.2166666666666667 -0.2166666666666667 24.000000
 -0.3833333333333333 -0.2166666666666667  0.2166666666666667 24.000000
 -0.3833333333333333 -0.2166666666666667  0.2500000000000000 48.000000
 -0.3833333333333333 -0.2166666666666667  0.2833333333333333 48.000000
 -0.3833333333333333 -0.1833333333333333  0.1833333333333333 24.000000
 -0.3833333333333333 -0.1833333333333333  0.2166666666666667 48.000000
 -0.3833333333333333 -0.1833333333333333  0.2500000000000000 48.000000
 -0.3833333333333333 -0.1833333333333333  0.2833333333333333 24.000000
 -0.3833333333333333 -0.1500000000000000  0.1500000000000000 24.000000
 -0.3833333333333333 -0.1500000000000000  0.1833333333333333 48.000000
 -0.3833333333333333 -0.1500000000000000  0.2166666666666667 48.000000
 -0.3833333333333333 -0.1500000000000000  0.2500000000000000 48.000000
 -0.3833333333333333 -0.1166666666666667  0.1166666666666667 24.000000
 -0.3833333333333333 -0.1166666666666667  0.1500000000000000 48.000000
 -0.3833333333333333 -0.1166666666666667  0.1833333333333333 48.000000
 -0.3833333333333333 -0.1166666666666667  0.2166666666666667 48.000000
 -0.3833333333333333 -0.1166666666666667  0.2500000000000000 24.000000
 -0.3833333333333333 -0.0833333333333333  0.0833333333333333 24.000000
 -0.3833333333333334 -0.0833333333333333  0.1166666666666667 48.000000
 -0.3833333333333333 -0.0833333333333333  0.1500000000000000 48.000000
 -0.3833333333333333 -0.0833333333333333  0.1833333333333333 48.000000
 -0.3833333333333334 -0.0833333333333333  0.2166666666666667 48.000000
 -0.3833333333333334 -0.0500000000000000  0.0500000000000000 24.000000
 -0.3833333333333333 -0.0500000000000000  0.0833333333333333 48.000000
 -0.3833333333333334 -0.0500000000000000  0.1166666666666667 48.000000
 -0.3833333333333333 -0.0500000000000000  0.1500000000000000 48.000000
 -0.3833333333333334 -0.0500000000000000  0.1833333333333333 48.000000
 -0.3833333333333334 -0.0500000000000000  0.2166666666666667 24.000000
 -0.3833333333333333 -0.0166666666666667  0.0166666666666667 24.000000
 -0.3833333333333334 -0.0166666666666667  0.0500000000000000 48.000000
 -0.3833333333333334 -0.0166666666666667  0.0833333333333334 48.000000
 -0.3833333333333334 -0.0166666666666667  0.1166666666666667 48.000000
 -0.3833333333333334 -0.0166666666666667  0.1500000000000000 48.000000
 -0.3833333333333334 -0.0166666666666667  0.1833333333333333 48.000000
 -0.3833333333333333  0.0166666666666667  0.0166666666666667 24.000000
 -0.3833333333333333  0.0166666666666667  0.0500000000000000 48.000000
 -0.3833333333333333  0.0166666666666667  0.0833333333333333 48.000000
 -0.3833333333333333  0.0166666666666667  0.1166666666666667 48.000000
 -0.3833333333333333  0.0166666666666667  0.1500000000000000 48.000000
 -0.3833333333333333  0.0166666666666667  0.1833333333333333 24.000000
 -0.3833333333333334  0.0500000000000000  0.0500000000000000 24.000000
 -0.3833333333333334  0.0500000000000000  0.0833333333333334 48.000000
 -0.3833333333333334  0.0500000000000000  0.1166666666666667 48.000000
 -0.3833333333333334  0.0500000000000000  0.1500000000000000 48.000000
 -0.3833333333333333  0.0833333333333333  0.0833333333333333 24.000000
 -0.3833333333333333  0.0833333333333333  0.1166666666666667 48.000000
 -0.3833333333333333  0.0833333333333333  0.1500000000000000 24.000000
 -0.3833333333333333  0.1166666666666667  0.1166666666666667 24.000000
 -0.3500000000000000 -0.3500000000000000 -0.3500000000000000  8.000000
 -0.3500000000000000 -0.3500000000000000 -0.3166666666666667 24.000000
 -0.3500000000000000 -0.3500000000000000 -0.2833333333333334 24.000000
 -0.3500000000000000 -0.3500000000000000 -0.2499999999999999 24.000000
 -0.3500000000000000 -0.3500000000000000 -0.2166666666666667 24.000000
 -0.3500000000000000 -0.3500000000000000 -0.1833333333333334 24.000000
 -0.3500000000000000 -0.3500000000000000 -0.1500000000000000 12.000000
 -0.3500000000000000 -0.3500000000000000  0.3500000000000000  6.000000
 -0.3500000000000000 -0.3166666666666667 -0.3166666666666668 24.000000
 -0.3500000000000001 -0.3166666666666667 -0.2833333333333333 48.000000
 -0.3500000000000000 -0.3166666666666668 -0.2500000000000000 48.000000
 -0.3500000000000000 -0.3166666666666667 -0.2166666666666667 48.000000
 -0.3500000000000001 -0.3166666666666667 -0.1833333333333333 48.000000
 -0.3500000000000000 -0.3166666666666667  0.3166666666666667 24.000000
 -0.3500000000000001 -0.2833333333333333 -0.2833333333333334 24.000000
 -0.3500000000000000 -0.2833333333333334 -0.2499999999999999 48.000000
 -0.3500000000000001 -0.2833333333333333 -0.2166666666666667 48.000000
 -0.3500000000000001 -0.2833333333333333 -0.1833333333333333 24.000000
 -0.3500000000000001 -0.2833333333333333  0.2833333333333333 24.000000
 -0.3500000000000001 -0.2833333333333333  0.3166666666666668 24.000000
 -0.3500000000000000 -0.2500000000000000 -0.2500000000000001 24.000000
 -0.3500000000000000 -0.2499999999999999 -0.2166666666666667 48.000000
 -0.3500000000000000 -0.2500000000000000  0.2500000000000000 24.000000
 -0.3500000000000000 -0.2500000000000000  0.2833333333333333 48.000000
 -0.3500000000000001 -0.2166666666666667 -0.2166666666666667  8.000000
 -0.3500000000000001 -0.2166666666666667  0.2166666666666667 24.000000
 -0.3500000000000001 -0.2166666666666667  0.2500000000000001 48.000000
 -0.3500000000000001 -0.2166666666666667  0.2833333333333333 24.000000
 -0.3500000000000001 -0.1833333333333333  0.1833333333333333 24.000000
 -0.3500000000000001 -0.1833333333333333  0.2166666666666667 48.000000
 -0.3500000000000001 -0.1833333333333334  0.2500000000000001 48.000000
 -0.3500000000000000 -0.1500000000000000  0.1500000000000000 24.000000
 -0.3500000000000000 -0.1500000000000000  0.1833333333333333 48.000000
 -0.3500000000000000 -0.1500000000000000  0.2166666666666667 48.000000
 -0.3500000000000000 -0.1500000000000000  0.2500000000000000 24.000000
 -0.3500000000000001 -0.1166666666666667  0.1166666666666667 24.000000
 -0.3500000000000001 -0.1166666666666667  0.1500000000000000 48.000000
 -0.3500000000000001 -0.1166666666666667  0.1833333333333333 48.000000
 -0.3500000000000001 -0.1166666666666667  0.2166666666666667 48.000000
 -0.3500000000000001 -0.0833333333333333  0.0833333333333333 24.000000
 -0.3500000000000001 -0.0833333333333333  0.1166666666666667 48.000000
 -0.3500000000000001 -0.0833333333333333  0.1500000000000000 48.000000
 -0.3500000000000001 -0.0833333333333333  0.1833333333333333 48.000000
 -0.3500000000000001 -0.0833333333333333  0.2166666666666667 24.000000
 -0.3500000000000000 -0.0500000000000000  0.0500000000000000 24.000000
 -0.3500000000000000 -0.0500000000000000  0.0833333333333333 48.000000
 -0.3500000000000000 -0.0500000000000000  0.1166666666666667 48.000000
 -0.3500000000000000 -0.0500000000000000  0.1500000000000000 48.000000
 -0.3500000000000000 -0.0500000000000000  0.1833333333333333 48.000000
 -0.3500000000000000 -0.0166666666666667  0.0166666666666667 24.000000
 -0.3500000000000000 -0.0166666666666667  0.0500000000000000 48.000000
 -0.3500000000000000 -0.0166666666666667  0.0833333333333333 48.000000
 -0.3500000000000000 -0.0166666666666667  0.1166666666666667 48.000000
 -0.3500000000000000 -0.0166666666666667  0.1500000000000000 48.000000
 -0.3500000000000000 -0.0166666666666667  0.1833333333333333 24.000000
 -0.3500000000000000  0.0166666666666667  0.0166666666666667 24.000000
 -0.3500000000000000  0.0166666666666667  0.0500000000000000 48.000000
 -0.3500000000000000  0.0166666666666667  0.0833333333333333 48.000000
 -0.3500000000000000  0.0166666666666667  0.1166666666666667 48.000000
 -0.3500000000000000  0.0166666666666667  0.1500000000000000 48.000000
 -0.3500000000000000  0.0500000000000000  0.0500000000000000 24.000000
 -0.3500000000000001  0.0500000000000000  0.0833333333333333 48.000000
 -0.3500000000000000  0.0500000000000000  0.1166666666666667 48.000000
 -0.3500000000000000  0.0500000000000000  0.1500000000000000 24.000000
 -0.3500000000000001  0.0833333333333333  0.0833333333333333 24.000000
 -0.3500000000000000  0.0833333333333333  0.1166666666666667 48.000000
 -0.3500000000000000  0.1166666666666667  0.1166666666666667  8.000000
 -0.3166666666666667 -0.3166666666666667 -0.3166666666666667  8.000000
 -0.3166666666666667 -0.3166666666666667 -0.2833333333333333 24.000000
 -0.3166666666666667 -0.3166666666666667 -0.2500000000000001 24.000000
 -0.3166666666666667 -0.3166666666666667 -0.2166666666666667 24.000000
 -0.3166666666666667 -0.3166666666666667 -0.1833333333333333 12.000000
 -0.3166666666666667 -0.3166666666666667  0.3166666666666667  6.000000
 -0.3166666666666667 -0.2833333333333333 -0.2833333333333333 24.000000
 -0.3166666666666667 -0.2833333333333333 -0.2500000000000001 48.000000
 -0.3166666666666667 -0.2833333333333333 -0.2166666666666667 48.000000
 -0.3166666666666667 -0.2833333333333333  0.2833333333333333 24.000000
 -0.3166666666666668 -0.2500000000000000 -0.2500000000000001 24.000000
 -0.3166666666666668 -0.2500000000000000 -0.2166666666666666 24.000000
 -0.3166666666666668 -0.2500000000000000  0.2500000000000000 24.000000
 -0.3166666666666668 -0.2500000000000000  0.2833333333333333 24.000000
 -0.3166666666666668 -0.2166666666666667  0.2166666666666667 24.000000
 -0.3166666666666668 -0.2166666666666667  0.2500000000000001 48.000000
 -0.3166666666666667 -0.1833333333333333  0.1833333333333333 24.000000
 -0.3166666666666667 -0.1833333333333333  0.2166666666666666 48.000000
 -0.3166666666666667 -0.1833333333333333  0.2500000000000000 24.000000
 -0.3166666666666668 -0.1500000000000000  0.1500000000000000 24.000000
 -0.3166666666666668 -0.1500000000000000  0.1833333333333333 48.000000
 -0.3166666666666668 -0.1500000000000000  0.2166666666666667 48.000000
 -0.3166666666666667 -0.1166666666666667  0.1166666666666667 24.000000
 -0.3166666666666667 -0.1166666666666667  0.1500000000000000 48.000000
 -0.3166666666666667 -0.1166666666666667  0.1833333333333333 48.000000
 -0.3166666666666667 -0.1166666666666667  0.2166666666666667 24.000000
 -0.3166666666666668 -0.0833333333333333  0.0833333333333333 24.000000
 -0.3166666666666668 -0.0833333333333333  0.1166666666666667 48.000000
 -0.3166666666666668 -0.0833333333333333  0.1500000000000000 48.000000
 -0.3166666666666668 -0.0833333333333333  0.1833333333333333 48.000000
 -0.3166666666666667 -0.0500000000000000  0.0500000000000000 24.000000
 -0.3166666666666667 -0.0500000000000000  0.0833333333333333 48.000000
 -0.3166666666666667 -0.0500000000000000  0.1166666666666667 48.000000
 -0.3166666666666667 -0.0500000000000000  0.1500000000000000 48.000000
 -0.3166666666666667 -0.0500000000000000  0.1833333333333333 24.000000
 -0.3166666666666668 -0.0166666666666667  0.0166666666666667 24.000000
 -0.3166666666666668 -0.0166666666666667  0.0500000000000000 48.000000
 -0.3166666666666668 -0.0166666666666667  0.0833333333333334 48.000000
 -0.3166666666666668 -0.0166666666666667  0.1166666666666667 48.000000
 -0.3166666666666668 -0.0166666666666667  0.1500000000000000 48.000000
 -0.3166666666666667  0.0166666666666667  0.0166666666666667 24.000000
 -0.3166666666666667  0.0166666666666667  0.0500000000000000 48.000000
 -0.3166666666666667  0.0166666666666667  0.0833333333333333 48.000000
 -0.3166666666666667  0.0166666666666667  0.1166666666666667 48.000000
 -0.3166666666666668  0.0166666666666667  0.1500000000000000 24.000000
 -0.3166666666666667  0.0500000000000000  0.0500000000000000 24.000000
 -0.3166666666666668  0.0500000000000000  0.0833333333333333 48.000000
 -0.3166666666666668  0.0500000000000000  0.1166666666666667 48.000000
 -0.3166666666666668  0.0833333333333333  0.0833333333333333 24.000000
 -0.3166666666666668  0.0833333333333333  0.1166666666666667 24.000000
 -0.2833333333333333 -0.2833333333333333 -0.2833333333333333  8.000000
 -0.2833333333333333 -0.2833333333333333 -0.2500000000000000 24.000000
 -0.2833333333333333 -0.2833333333333333 -0.2166666666666667 12.000000
 -0.2833333333333333 -0.2833333333333333  0.2833333333333333  6.000000
 -0.2833333333333333 -0.2500000000000000 -0.2499999999999999 24.000000
 -0.2833333333333333 -0.2500000000000000  0.2500000000000000 24.000000
 -0.2833333333333333 -0.2166666666666667  0.2166666666666667 24.000000
 -0.2833333333333333 -0.2166666666666667  0.2500000000000000 24.000000
 -0.2833333333333333 -0.1833333333333333  0.1833333333333333 24.000000
 -0.2833333333333333 -0.1833333333333333  0.2166666666666667 48.000000
 -0.2833333333333333 -0.1500000000000000  0.1500000000000000 24.000000
 -0.2833333333333333 -0.1500000000000000  0.1833333333333333 48.000000
 -0.2833333333333333 -0.1500000000000000  0.2166666666666667 24.000000
 -0.2833333333333333 -0.1166666666666667  0.1166666666666667 24.000000
 -0.2833333333333333 -0.1166666666666667  0.1500000000000000 48.000000
 -0.2833333333333333 -0.1166666666666667  0.1833333333333333 48.000000
 -0.2833333333333333 -0.0833333333333333  0.0833333333333333 24.000000
 -0.2833333333333333 -0.0833333333333333  0.1166666666666667 48.000000
 -0.2833333333333333 -0.0833333333333333  0.1500000000000000 48.000000
 -0.2833333333333333 -0.0833333333333333  0.1833333333333333 24.000000
 -0.2833333333333333 -0.0500000000000000  0.0500000000000000 24.000000
 -0.2833333333333333 -0.0500000000000000  0.0833333333333333 48.000000
 -0.2833333333333333 -0.0500000000000000  0.1166666666666667 48.000000
 -0.2833333333333333 -0.0500000000000000  0.1500000000000000 48.000000
 -0.2833333333333333 -0.0166666666666667  0.0166666666666667 24.000000
 -0.2833333333333333 -0.0166666666666667  0.0500000000000000 48.000000
 -0.2833333333333333 -0.0166666666666667  0.0833333333333333 48.000000
 -0.2833333333333333 -0.0166666666666667  0.1166666666666667 48.000000
 -0.2833333333333333 -0.0166666666666667  0.1500000000000000 24.000000
 -0.2833333333333333  0.0166666666666667  0.0166666666666667 24.000000
 -0.2833333333333333  0.0166666666666667  0.0500000000000000 48.000000
 -0.2833333333333333  0.0166666666666667  0.0833333333333333 48.000000
 -0.2833333333333333  0.0166666666666667  0.1166666666666667 48.000000
 -0.2833333333333333  0.0500000000000000  0.0500000000000000 24.000000
 -0.2833333333333333  0.0500000000000000  0.0833333333333334 48.000000
 -0.2833333333333333  0.0500000000000000  0.1166666666666667 24.000000
 -0.2833333333333333  0.0833333333333334  0.0833333333333333 24.000000
 -0.2500000000000000 -0.2500000000000000 -0.2500000000000000  2.000000
 -0.2500000000000000 -0.2500000000000000  0.2500000000000000  6.000000
 -0.2500000000000000 -0.2166666666666667  0.2166666666666667 24.000000
 -0.2500000000000000 -0.1833333333333333  0.1833333333333333 24.000000
 -0.2500000000000000 -0.1833333333333333  0.2166666666666667 24.000000
 -0.2500000000000000 -0.1500000000000000  0.1500000000000000 24.000000
 -0.2500000000000000 -0.1500000000000000  0.1833333333333333 48.000000
 -0.2500000000000000 -0.1166666666666667  0.1166666666666667 24.000000
 -0.2500000000000000 -0.1166666666666667  0.1500000000000000 48.000000
 -0.2500000000000000 -0.1166666666666667  0.1833333333333333 24.000000
 -0.2500000000000000 -0.0833333333333333  0.0833333333333333 24.000000
 -0.2500000000000000 -0.0833333333333333  0.1166666666666667 48.000000
 -0.2500000000000000 -0.0833333333333333  0.1500000000000000 48.000000
 -0.2500000000000000 -0.0500000000000000  0.0500000000000000 24.000000
 -0.2500000000000000 -0.0500000000000000  0.0833333333333333 48.000000
 -0.2500000000000000 -0.0500000000000000  0.1166666666666667 48.000000
 -0.2500000000000000 -0.0500000000000000  0.1500000000000000 24.000000
 -0.2500000000000000 -0.0166666666666667  0.0166666666666667 24.000000
 -0.2500000000000000 -0.0166666666666667  0.0500000000000000 48.000000
 -0.2500000000000001 -0.0166666666666667  0.0833333333333334 48.000000
 -0.2500000000000001 -0.0166666666666667  0.1166666666666667 48.000000
 -0.2500000000000000  0.0166666666666667  0.0166666666666667 24.000000
 -0.2500000000000000  0.0166666666666667  0.0500000000000000 48.000000
 -0.2500000000000000  0.0166666666666667  0.0833333333333333 48.000000
 -0.2500000000000000  0.0166666666666667  0.1166666666666667 24.000000
 -0.2500000000000000  0.0500000000000000  0.0500000000000000 24.000000
 -0.2500000000000000  0.0500000000000000  0.0833333333333333 48.000000
 -0.2500000000000000  0.0833333333333333  0.0833333333333333  8.000000
 -0.2166666666666667 -0.2166666666666667  0.2166666666666667  6.000000
 -0.2166666666666667 -0.1833333333333333  0.1833333333333333 24.000000
 -0.2166666666666667 -0.1500000000000000  0.1500000000000000 24.000000
 -0.2166666666666667 -0.1500000000000000  0.1833333333333333 24.000000
 -0.2166666666666667 -0.1166666666666667  0.1166666666666667 24.000000
 -0.2166666666666667 -0.1166666666666667  0.1500000000000000 48.000000
 -0.2166666666666667 -0.0833333333333333  0.0833333333333333 24.000000
 -0.2166666666666667 -0.0833333333333333  0.1166666666666667 48.000000
 -0.2166666666666667 -0.0833333333333333  0.1500000000000000 24.000000
 -0.2166666666666667 -0.0500000000000000  0.0500000000000000 24.000000
 -0.2166666666666667 -0.0500000000000000  0.0833333333333333 48.000000
 -0.2166666666666667 -0.0500000000000000  0.1166666666666667 48.000000
 -0.2166666666666667 -0.0166666666666667  0.0166666666666667 24.000000
 -0.2166666666666667 -0.0166666666666667  0.0500000000000000 48.000000
 -0.2166666666666667 -0.0166666666666666  0.0833333333333333 48.000000
 -0.2166666666666667 -0.0166666666666667  0.1166666666666667 24.000000
 -0.2166666666666667  0.0166666666666667  0.0166666666666667 24.000000
 -0.2166666666666667  0.0166666666666667  0.0500000000000000 48.000000
 -0.2166666666666667  0.0166666666666667  0.0833333333333333 48.000000
 -0.2166666666666667  0.0500000000000000  0.0500000000000000 24.000000
 -0.2166666666666667  0.0500000000000000  0.0833333333333333 24.000000
 -0.1833333333333333 -0.1833333333333333  0.1833333333333333  6.000000
 -0.1833333333333333 -0.1500000000000000  0.1500000000000000 24.000000
 -0.1833333333333333 -0.1166666666666667  0.1166666666666667 24.000000
 -0.1833333333333333 -0.1166666666666667  0.1500000000000000 24.000000
 -0.1833333333333333 -0.0833333333333333  0.0833333333333333 24.000000
 -0.1833333333333333 -0.0833333333333333  0.1166666666666667 48.000000
 -0.1833333333333333 -0.0500000000000000  0.0500000000000000 24.000000
 -0.1833333333333333 -0.0500000000000000  0.0833333333333333 48.000000
 -0.1833333333333333 -0.0500000000000000  0.1166666666666667 24.000000
 -0.1833333333333333 -0.0166666666666667  0.0166666666666667 24.000000
 -0.1833333333333333 -0.0166666666666667  0.0500000000000000 48.000000
 -0.1833333333333333 -0.0166666666666667  0.0833333333333333 48.000000
 -0.1833333333333333  0.0166666666666667  0.0166666666666667 24.000000
 -0.1833333333333333  0.0166666666666667  0.0500000000000000 48.000000
 -0.1833333333333333  0.0166666666666667  0.0833333333333333 24.000000
 -0.1833333333333333  0.0500000000000000  0.0500000000000000 24.000000
 -0.1500000000000000 -0.1500000000000000  0.1500000000000000  6.000000
 -0.1500000000000000 -0.1166666666666667  0.1166666666666667 24.000000
 -0.1500000000000000 -0.0833333333333333  0.0833333333333333 24.000000
 -0.1500000000000000 -0.0833333333333333  0.1166666666666667 24.000000
 -0.1500000000000000 -0.0500000000000000  0.0500000000000000 24.000000
 -0.1500000000000000 -0.0500000000000000  0.0833333333333333 48.000000
 -0.1500000000000000 -0.0166666666666667  0.0166666666666667 24.000000
 -0.1500000000000000 -0.0166666666666667  0.0500000000000000 48.000000
 -0.1500000000000000 -0.0166666666666667  0.0833333333333333 24.000000
 -0.1500000000000000  0.0166666666666667  0.0166666666666667 24.000000
 -0.1500000000000000  0.0166666666666667  0.0500000000000000 48.000000
 -0.1500000000000000  0.0500000000000000  0.0500000000000000  8.000000
 -0.1166666666666667 -0.1166666666666667  0.1166666666666667  6.000000
 -0.1166666666666667 -0.0833333333333333  0.0833333333333333 24.000000
 -0.1166666666666667 -0.0500000000000000  0.0500000000000000 24.000000
 -0.1166666666666667 -0.0500000000000000  0.0833333333333333 24.000000
 -0.1166666666666667 -0.0166666666666667  0.0166666666666667 24.000000
 -0.1166666666666667 -0.0166666666666667  0.0500000000000000 48.000000
 -0.1166666666666667  0.0166666666666667  0.0166666666666667 24.000000
 -0.1166666666666667  0.0166666666666667  0.0500000000000000 24.000000
 -0.0833333333333333 -0.0833333333333333  0.0833333333333333  6.000000
 -0.0833333333333333 -0.0500000000000000  0.0500000000000000 24.000000
 -0.0833333333333333 -0.0166666666666667  0.0166666666666667 24.000000
 -0.0833333333333333 -0.0166666666666667  0.0500000000000000 24.000000
 -0.0833333333333333  0.0166666666666667  0.0166666666666667 24.000000
 -0.0500000000000000 -0.0500000000000000  0.0500000000000000  6.000000
 -0.0500000000000000 -0.0166666666666667  0.0166666666666667 24.000000
 -0.0500000000000000  0.0166666666666667  0.0166666666666667  8.000000
 -0.0166666666666667 -0.0166666666666667  0.0166666666666667  6.000000
