#  T(K)     E(eV/cell)    F(eV/cell)    Fc(eV/cell)   S(kB/cell)    Cv(kB/cell)
   10.00    5.26314541    5.26313133    0.27798696    0.01633308    0.05788667
   20.00    5.26342941    5.26305472    0.47712879    0.21740148    0.76593427
   30.00    5.26463009    5.26265273    0.64651101    0.76487456    2.03180577
   40.00    5.26687188    5.26168157    0.79656730    1.50576818    3.11704681
   50.00    5.26991114    5.26004612    0.93225296    2.28956263    3.89065405
   60.00    5.27351401    5.25774260    1.05648660    3.05030831    4.44359603
   70.00    5.27753545    5.25480128    1.17119674    3.76882110    4.87663829
   80.00    5.28190505    5.25125924    1.27775405    4.44534529    5.26087765
   90.00    5.28660088    5.24714993    1.37718338    5.08673871    5.63897799
  100.00    5.29162854    5.24250012    1.47028023    5.70108171    6.03356278
  110.00    5.29700736    5.23732991    1.55768009    6.29567162    6.45498826
  120.00    5.30276234    5.23165363    1.63990237    6.87647772    6.90683311
  130.00    5.30891993    5.22548106    1.71737959    7.44816893    7.38926890
  140.00    5.31550598    5.21881846    1.79047750    8.01432295    7.90093508
  150.00    5.32254485    5.21166936    1.85950947    8.57765864    8.43989688
  160.00    5.33005919    5.20403527    1.92474698    9.14023720    9.00408996
  170.00    5.33806986    5.19591614    1.98642750    9.70362020    9.59149761
  180.00    5.34659603    5.18731073    2.04476051   10.26898846   10.20019792
  190.00    5.35565526    5.17821694    2.09993218   10.83722953   10.82835437
  200.00    5.36526353    5.16863200    2.15210907   11.40900155   11.47418700
  210.00    5.37543533    5.15855264    2.20144103   11.98478014   12.13594258
  220.00    5.38618362    5.14797526    2.24806365   12.56489305   12.81187181
  230.00    5.39751987    5.13689603    2.29210016   13.14954634   13.50021631
  240.00    5.40945400    5.12531098    2.33366307   13.73884458   14.19920531
  250.00    5.42199442    5.11321610    2.37285552   14.33280706   14.90706047
  260.00    5.43514801    5.10060739    2.40977237   14.93138101   15.62200691
  270.00    5.44892012    5.08748092    2.44450119   15.53445296   16.34228814
  280.00    5.46331461    5.07383287    2.47712306   16.14185848   17.06618295
  290.00    5.47833386    5.05965961    2.50771325   16.75339091   17.79202257
  300.00    5.49397885    5.04495767    2.53634186   17.36880913   18.51820694
