#  T(K)     E(eV/cell)    F(eV/cell)    Fc(eV/cell)   S(kB/cell)    Cv(kB/cell)
   10.00    5.26238381    5.26236978    0.27798795    0.01628035    0.05767293
   20.00    5.26266622    5.26229355    0.47713075    0.21623094    0.76185085
   30.00    5.26386193    5.26189354    0.64651396    0.76140170    2.02499139
   40.00    5.26609779    5.26092628    0.79657123    1.50031492    3.11038287
   50.00    5.26913173    5.25929616    0.93225787    2.28272689    3.88500567
   60.00    5.27273018    5.25699896    1.05649249    3.04253497    4.43896298
   70.00    5.27674800    5.25406464    1.17120361    3.76039753    4.87282063
   80.00    5.28111458    5.25053007    1.27776190    4.43645461    5.25768603
   90.00    5.28580789    5.24642857    1.37719222    5.07750184    5.63628542
  100.00    5.29083342    5.24178685    1.47029005    5.69158400    6.03130561
  110.00    5.29621047    5.23662490    1.55769089    6.28597845    6.45315106
  120.00    5.30196405    5.23095704    1.63991415    6.86664315    6.90543033
  130.00    5.30812063    5.22479299    1.71739235    7.43824013    7.38832852
  140.00    5.31470608    5.21813897    1.79049125    8.00434228    7.90048631
  150.00    5.32174479    5.21099848    1.85952420    8.56766444    8.43996212
  160.00    5.32925941    5.20337300    1.92476269    9.13026395    9.00468050
  170.00    5.33727082    5.19526244    1.98644418    9.69369851    9.59261211
  180.00    5.34579817    5.18666555    2.04477818   10.25914502   10.20182289
  190.00    5.35485901    5.17758020    2.09995084   10.82748710   10.83046576
  200.00    5.36446930    5.16800360    2.15212870   11.39937912   11.47675232
  210.00    5.37464349    5.15793248    2.20146165   11.97529309   12.13892322
  220.00    5.38539451    5.14736321    2.24808524   12.55555344   12.81522524
  230.00    5.39673379    5.13629196    2.29212273   13.14036320   13.50389801
  240.00    5.40867122    5.12471476    2.33368663   13.72982428   14.20317037
  250.00    5.42121516    5.11262758    2.37288006   14.32395361   14.91126490
  260.00    5.43437247    5.10002643    2.40979789   14.92269645   15.62640862
  270.00    5.44814844    5.08690736    2.44452769   15.52593760   16.34684761
  280.00    5.46254691    5.07326658    2.47715054   16.13351123   17.07086366
  290.00    5.47757023    5.05910044    2.50774172   16.74520954   17.79679131
  300.00    5.49321936    5.04440548    2.53637131   17.36079049   18.52303390
