           -19.95000             0.00000
           -19.85000             0.00000
           -19.75000             0.00000
           -19.65000             0.00000
           -19.55000             0.00000
           -19.45000             0.00000
           -19.35000             0.00000
           -19.25000             0.00000
           -19.15000             0.00000
           -19.05000             0.00000
           -18.95000             0.00000
           -18.85000             0.00000
           -18.75000             0.00000
           -18.65000             0.00000
           -18.55000             0.00000
           -18.45000             0.00000
           -18.35000             0.00000
           -18.25000             0.00000
           -18.15000             0.00000
           -18.05000             0.00000
           -17.95000             0.00000
           -17.85000             0.00000
           -17.75000             0.00000
           -17.65000             0.00000
           -17.55000             0.00000
           -17.45000             0.00000
           -17.35000             0.00000
           -17.25000             0.00000
           -17.15000             0.00000
           -17.05000             0.00000
           -16.95000             0.00000
           -16.85000             0.00000
           -16.75000             0.00000
           -16.65000             0.00000
           -16.55000             0.00000
           -16.45000             0.00000
           -16.35000             0.00000
           -16.25000             0.00000
           -16.15000             0.00000
           -16.05000             0.00000
           -15.95000             0.00000
           -15.85000             0.00000
           -15.75000             0.00000
           -15.65000             0.00000
           -15.55000             0.00000
           -15.45000             0.00000
           -15.35000             0.00000
           -15.25000             0.00000
           -15.15000             0.00000
           -15.05000             0.00000
           -14.95000             0.00000
           -14.85000             0.00000
           -14.75000             0.00000
           -14.65000             0.00000
           -14.55000             0.00000
           -14.45000             0.00000
           -14.35000             0.00000
           -14.25000             0.00000
           -14.15000             0.00000
           -14.05000             0.00000
           -13.95000             0.00000
           -13.85000             0.00000
           -13.75000             0.00000
           -13.65000             0.00000
           -13.55000             0.00000
           -13.45000             0.00000
           -13.35000             0.00000
           -13.25000             0.00000
           -13.15000             0.00000
           -13.05000             0.00000
           -12.95000             0.00000
           -12.85000             0.00000
           -12.75000             0.00000
           -12.65000             0.00000
           -12.55000             0.00000
           -12.45000             0.00000
           -12.35000             0.00000
           -12.25000             0.00000
           -12.15000             0.00000
           -12.05000             0.00000
           -11.95000             0.00000
           -11.85000             0.00000
           -11.75000             0.00000
           -11.65000             0.00000
           -11.55000             0.00000
           -11.45000             0.00000
           -11.35000             0.00000
           -11.25000             0.00000
           -11.15000             0.00000
           -11.05000             0.00000
           -10.95000             0.00000
           -10.85000             0.00000
           -10.75000             0.00000
           -10.65000             0.00000
           -10.55000             0.00000
           -10.45000             0.00000
           -10.35000             0.00000
           -10.25000             0.00000
           -10.15000             0.00000
           -10.05000             0.00000
            -9.95000             0.00000
            -9.85000             0.00000
            -9.75000             0.00000
            -9.65000             0.00000
            -9.55000             0.00000
            -9.45000             0.00000
            -9.35000             0.00000
            -9.25000             0.00000
            -9.15000             0.00000
            -9.05000             0.00000
            -8.95000             0.00000
            -8.85000             0.00000
            -8.75000             0.00000
            -8.65000             0.00000
            -8.55000             0.00000
            -8.45000             0.00000
            -8.35000             0.00000
            -8.25000             0.00000
            -8.15000             0.00000
            -8.05000             0.00000
            -7.95000             0.00000
            -7.85000             0.00000
            -7.75000             0.00000
            -7.65000             0.00000
            -7.55000             0.00000
            -7.45000             0.00000
            -7.35000             0.00000
            -7.25000             0.00000
            -7.15000             0.00000
            -7.05000             0.00000
            -6.95000             0.00000
            -6.85000             0.00000
            -6.75000             0.00000
            -6.65000             0.00000
            -6.55000             0.00000
            -6.45000             0.00000
            -6.35000             0.00000
            -6.25000             0.00000
            -6.15000             0.00000
            -6.05000             0.00000
            -5.95000             0.00000
            -5.85000             0.00000
            -5.75000             0.00000
            -5.65000             0.00000
            -5.55000             0.00000
            -5.45000             0.00000
            -5.35000             0.00000
            -5.25000             0.00000
            -5.15000             0.00000
            -5.05000             0.00000
            -4.95000             0.00000
            -4.85000             0.00000
            -4.75000             0.00000
            -4.65000             0.00000
            -4.55000             0.00000
            -4.45000             0.00000
            -4.35000             0.00000
            -4.25000             0.00000
            -4.15000             0.00000
            -4.05000             0.00000
            -3.95000             0.00000
            -3.85000             0.00000
            -3.75000             0.00000
            -3.65000             0.00000
            -3.55000             0.00000
            -3.45000             0.00000
            -3.35000             0.00000
            -3.25000             0.00000
            -3.15000             0.00000
            -3.05000             0.00000
            -2.95000             0.00000
            -2.85000             0.00000
            -2.75000             0.00000
            -2.65000             0.00000
            -2.55000             0.00000
            -2.45000             0.00000
            -2.35000             0.00000
            -2.25000             0.00000
            -2.15000             0.00000
            -2.05000             0.00000
            -1.95000             0.00000
            -1.85000             0.00000
            -1.75000             0.00000
            -1.65000             0.00000
            -1.55000             0.00000
            -1.45000             0.00000
            -1.35000             0.00000
            -1.25000             0.00000
            -1.15000             0.00000
            -1.05000             0.00000
            -0.95000             0.00000
            -0.85000             0.00000
            -0.75000             0.00000
            -0.65000             0.00000
            -0.55000             0.00000
            -0.45000             0.00000
            -0.35000             0.00000
            -0.25000             0.00000
            -0.15000             0.00000
            -0.05000             0.00000
             0.05000             0.00000
             0.15000             0.00019
             0.25000             0.00046
             0.35000             0.00088
             0.45000             0.00176
             0.55000             0.00204
             0.65000             0.00287
             0.75000             0.00352
             0.85000             0.00505
             0.95000             0.00620
             1.05000             0.00731
             1.15000             0.00912
             1.25000             0.01083
             1.35000             0.01227
             1.45000             0.01500
             1.55000             0.01843
             1.65000             0.02176
             1.75000             0.02657
             1.85000             0.03528
             1.95000             0.03949
             2.05000             0.04231
             2.15000             0.03995
             2.25000             0.04833
             2.35000             0.05940
             2.45000             0.06088
             2.55000             0.07514
             2.65000             0.07722
             2.75000             0.08796
             2.85000             0.08944
             2.95000             0.09551
             3.05000             0.11750
             3.15000             0.15106
             3.25000             0.14352
             3.35000             0.11491
             3.45000             0.11810
             3.55000             0.10852
             3.65000             0.12514
             3.75000             0.13046
             3.85000             0.10866
             3.95000             0.11819
             4.05000             0.19801
             4.15000             0.23176
             4.25000             0.20111
             4.35000             0.15759
             4.45000             0.10227
             4.55000             0.08764
             4.65000             0.10870
             4.75000             0.15347
             4.85000             0.08759
             4.95000             0.01181
             5.05000             0.01449
             5.15000             0.05699
             5.25000             0.08875
             5.35000             0.07560
             5.45000             0.05449
             5.55000             0.14694
             5.65000             0.22065
             5.75000             0.04778
             5.85000             0.01542
             5.95000             0.01931
             6.05000             0.01495
             6.15000             0.01741
             6.25000             0.02569
             6.35000             0.02093
             6.45000             0.02315
             6.55000             0.02306
             6.65000             0.02282
             6.75000             0.01370
             6.85000             0.00167
             6.95000             0.00000
             7.05000             0.00000
             7.15000             0.00000
             7.25000             0.00000
             7.35000             0.00000
             7.45000             0.00000
             7.55000             0.00000
             7.65000             0.00000
             7.75000             0.00000
             7.85000             0.00000
             7.95000             0.00000
             8.05000             0.00000
             8.15000             0.00000
             8.25000             0.00000
             8.35000             0.00000
             8.45000             0.00000
             8.55000             0.00000
             8.65000             0.00000
             8.75000             0.00000
             8.85000             0.00000
             8.95000             0.00000
             9.05000             0.00000
             9.15000             0.00000
             9.25000             0.00000
             9.35000             0.00000
             9.45000             0.00000
             9.55000             0.00000
             9.65000             0.00000
             9.75000             0.02870
             9.85000             0.07509
             9.95000             0.06486
            10.05000             0.06130
            10.15000             0.04741
            10.25000             0.03963
            10.35000             0.03778
            10.45000             0.03588
            10.55000             0.03481
            10.65000             0.04162
            10.75000             0.04384
            10.85000             0.04796
            10.95000             0.05537
            11.05000             0.01074
            11.15000             0.00000
            11.25000             0.00000
            11.35000             0.00000
            11.45000             0.00000
            11.55000             0.00000
            11.65000             0.00000
            11.75000             0.00000
            11.85000             0.00000
            11.95000             0.00000
            12.05000             0.00000
            12.15000             0.00000
            12.25000             0.00000
            12.35000             0.00000
            12.45000             0.00000
            12.55000             0.00000
            12.65000             0.00000
            12.75000             0.00000
            12.85000             0.00079
            12.95000             0.01116
            13.05000             0.02833
            13.15000             0.04199
            13.25000             0.05722
            13.35000             0.04171
            13.45000             0.03694
            13.55000             0.03620
            13.65000             0.03856
            13.75000             0.04157
            13.85000             0.04935
            13.95000             0.05843
            14.05000             0.11162
            14.15000             0.09884
            14.25000             0.10463
            14.35000             0.06792
            14.45000             0.05273
            14.55000             0.04792
            14.65000             0.05208
            14.75000             0.05250
            14.85000             0.06523
            14.95000             0.08718
            15.05000             0.05546
            15.15000             0.01162
            15.25000             0.00000
            15.35000             0.00000
            15.45000             0.00000
            15.55000             0.00000
            15.65000             0.00000
            15.75000             0.00000
            15.85000             0.00000
            15.95000             0.00731
            16.05000             0.08843
            16.15000             0.05986
            16.25000             0.04847
            16.35000             0.04102
            16.45000             0.03889
            16.55000             0.03926
            16.65000             0.04093
            16.75000             0.04495
            16.85000             0.05236
            16.95000             0.08042
            17.05000             0.06194
            17.15000             0.02116
            17.25000             0.00000
            17.35000             0.00000
            17.45000             0.00000
            17.55000             0.00000
            17.65000             0.00000
            17.75000             0.00000
            17.85000             0.00000
            17.95000             0.00000
            18.05000             0.00000
            18.15000             0.00000
            18.25000             0.00000
            18.35000             0.00000
            18.45000             0.00000
            18.55000             0.00000
            18.65000             0.00000
            18.75000             0.00000
            18.85000             0.00000
            18.95000             0.00000
            19.05000             0.00000
            19.15000             0.00000
            19.25000             0.00000
            19.35000             0.00000
            19.45000             0.00000
            19.55000             0.00000
            19.65000             0.01542
            19.75000             0.05977
            19.85000             0.07625
            19.95000             0.05491
            20.05000             0.04597
            20.15000             0.04292
            20.25000             0.04144
            20.35000             0.04241
            20.45000             0.04727
            20.55000             0.05866
            20.65000             0.08185
            20.75000             0.03579
            20.85000             0.01694
            20.95000             0.00542
            21.05000             0.00000
            21.15000             0.00000
            21.25000             0.00000
            21.35000             0.00000
            21.45000             0.00000
            21.55000             0.00000
            21.65000             0.00000
            21.75000             0.00000
            21.85000             0.00000
            21.95000             0.00000
            22.05000             0.00000
            22.15000             0.00000
            22.25000             0.00000
            22.35000             0.00000
            22.45000             0.00000
            22.55000             0.00000
            22.65000             0.00000
            22.75000             0.00000
            22.85000             0.00000
            22.95000             0.00000
            23.05000             0.00000
            23.15000             0.00000
            23.25000             0.00000
            23.35000             0.00000
            23.45000             0.00000
            23.55000             0.00000
            23.65000             0.14792
            23.75000             0.30644
            23.85000             0.17065
            23.95000             0.02898
            24.05000             0.17310
            24.15000             0.14269
            24.25000             0.18171
            24.35000             0.09764
            24.45000             0.00852
            24.55000             0.03046
            24.65000             0.04079
            24.75000             0.04782
            24.85000             0.05667
            24.95000             0.06000
            25.05000             0.06565
            25.15000             0.06778
            25.25000             0.08153
            25.35000             0.05986
            25.45000             0.04440
            25.55000             0.03139
            25.65000             0.01750
            25.75000             0.01005
            25.85000             0.00829
            25.95000             0.01134
            26.05000             0.02014
            26.15000             0.03435
            26.25000             0.04060
            26.35000             0.04611
            26.45000             0.05426
            26.55000             0.06019
            26.65000             0.06319
            26.75000             0.05125
            26.85000             0.04745
            26.95000             0.04310
            27.05000             0.04148
            27.15000             0.03722
            27.25000             0.02713
            27.35000             0.02005
            27.45000             0.01560
            27.55000             0.00671
            27.65000             0.00000
            27.75000             0.00000
            27.85000             0.00000
            27.95000             0.00000
            28.05000             0.00000
            28.15000             0.00000
            28.25000             0.00000
            28.35000             0.00000
            28.45000             0.00000
            28.55000             0.00000
            28.65000             0.00000
            28.75000             0.00000
            28.85000             0.00000
            28.95000             0.00000
            29.05000             0.00000
            29.15000             0.00000
            29.25000             0.00000
            29.35000             0.00000
            29.45000             0.00000
            29.55000             0.00000
            29.65000             0.00000
            29.75000             0.00000
            29.85000             0.00000
            29.95000             0.00000
