 10.          1.87294464 
 20.          1.87294464 
 30.          1.87294464 
 40.          1.87294464 
 50.          1.87294472 
 60.         1.8729454 
 70.         1.8729486 
 80.          1.87295863 
 90.          1.87298271 
 100.           1.87303096 
 110.           1.87311602 
 120.           1.87325248 
 130.           1.87345633 
 140.          1.8737444 
 150.           1.87413387 
 160.           1.87464181 
 170.           1.87528481 
 180.           1.87607871 
 190.           1.87703833 
 200.           1.87817731 
 210.           1.87950797 
 220.           1.88104131 
 230.          1.8827869 
 240.           1.88475293 
 250.           1.88694626 
 260.           1.88937243 
 270.           1.89203578 
 280.           1.89493948 
 290.           1.89808566 
 300.           1.90147548 
