1 0.0010990905910422308
1 0.000756282909464503
1 0.0006243007091738873
1 2.79196992694102e-06
0 5.191293087412424e-06
0 2.053044711718717e-05
0 0.058489690005654155
0 0.0767284738776366
0 0.0825959628886014
0 0.0908570089936449
0 0.10197424753018335
0 0.10794959903918472
0 0.11225761021809083
0 0.11298711197974308
0 0.12214105430104558
0 0.12830179335798392
0 0.1352858995559847
0 0.13876936464334447
0 0.15200087059144265
0 0.16540240268965345
0 0.16993085852518058
0 0.17638416470293308
0 0.18765238899427372
0 0.39273270223962936
0 0.3948160613182388
0 0.39668343959143015
0 0.4419228571779657
