#  T(K)     E(eV/cell)    F(eV/cell)    Fc(eV/cell)   S(kB/cell)    Cv(kB/cell)
   10.00   10.47470538   10.47409651    0.62164679    0.70656099    1.34590311
   20.00   10.47738230   10.47272618    1.05228526    2.70158925    5.40353342
   30.00   10.48464837   10.46904452    1.41082884    6.03580267   11.55038068
   40.00   10.49710376   10.46209914    1.72255388   10.15523217   17.14223766
   50.00   10.51379590   10.45149224    1.99946499   14.45999144   21.38393362
   60.00   10.53364707   10.43721210    2.24863270   18.65124379   24.54259721
   70.00   10.55589502   10.41941014    2.47472901   22.62616614   27.00208796
   80.00   10.58006105   10.39828368    2.68107447   26.36782412   29.02784534
   90.00   10.60584430   10.37402895    2.87015188   29.88987901   30.77454759
  100.00   10.63304604   10.34682594    3.04388836   33.21426170   32.33139872
  110.00   10.66152849   10.31683524    3.20382345   36.36340660   33.75464857
  120.00   10.69119467   10.28419880    3.35121547   39.35801759   35.08454306
  130.00   10.72197824   10.24904163    3.48711221   42.21667758   36.35278437
  140.00   10.75383768   10.21147360    3.61239976   44.95596816   37.58544310
  150.00   10.78675189   10.17159107    3.72783725   47.59067608   38.80402472
  160.00   10.82071652   10.12947840    3.83408236   50.13397808   40.02591689
  170.00   10.85574053   10.08520919    3.93171040   52.59759127   41.26469842
  180.00   10.89184306   10.03884755    4.02122885   54.99189831   42.53046428
  190.00   10.92905059    9.99044917    4.10308873   57.32605746   43.83019477
  200.00   10.96739441    9.94006236    4.17769350   59.60810420   45.16815622
  210.00   11.00690844    9.88772892    4.24540622   61.84504798   46.54631129
  220.00   11.04762749    9.83348503    4.30655535   64.04296535   47.96471979
  230.00   11.08958569    9.77736203    4.36143945   66.20708974   49.42191543
  240.00   11.13281542    9.71938704    4.41033107   68.34189747   50.91524944
  250.00   11.17734634    9.65958365    4.45348005   70.45118947   52.44119572
  260.00   11.22320480    9.59797243    4.49111623   72.53816820   53.99561567
  270.00   11.27041343    9.53457142    4.52345174   74.60550920   55.57398308
  280.00   11.31899081    9.46939654    4.55068300   76.65542721   57.17157099
  290.00   11.36895147    9.40246202    4.57299237   78.68973654   58.78360351
  300.00   11.42030581    9.33378064    4.59054965   80.70990589   60.40537630
