#  T(K)     E(eV/cell)    F(eV/cell)    Fc(eV/cell)   S(kB/cell)    Cv(kB/cell)
    0.00           NaN    5.28796293           NaN           NaN           NaN
   10.00    5.28801353    5.28794155    0.35799103    0.08351968    0.20520452
   20.00    5.28862950    5.28771643    0.60151025    0.52978027    1.48928420
   30.00    5.29103185    5.28683911    0.80182279    1.62181635    4.29506137
   40.00    5.29624452    5.28474039    0.97407686    3.33747755    7.84474838
   50.00    5.30452368    5.28096842    1.12546684    5.46691573   11.31373333
   60.00    5.31561554    5.27525899    1.26023013    7.80525754   14.34776128
   70.00    5.32911556    5.26749628    1.38116666   10.21511061   16.91124558
   80.00    5.34465012    5.25765555    1.49026646   12.61904914   19.08665535
   90.00    5.36192845    5.24576062    1.58901746   14.97848278   20.97412879
  100.00    5.38074018    5.23185810    1.67857461   17.27694290   22.65762800
  110.00    5.40093777    5.21600314    1.75986054   19.50967464   24.19921538
  120.00    5.42241880    5.19825221    1.83362937   21.67774454   25.64226313
  130.00    5.44511187    5.17865956    1.90050906   23.78486054   27.01622353
  140.00    5.46896650    5.15727571    1.96103062   25.83570961   28.34072719
  150.00    5.49394600    5.13414708    2.01564902   27.83511785   29.62863218
  160.00    5.52002265    5.10931599    2.06475840   29.78764973   30.88817983
  170.00    5.54717442    5.08282102    2.10870354   31.69743899   32.12449351
  180.00    5.57538270    5.05469740    2.14778858   33.56814005   33.34061562
  190.00    5.60463089    5.02497740    2.18228383   35.40293945   34.53822255
  200.00    5.63490345    4.99369076    2.21243106   37.20459510   35.71811456
  210.00    5.66618524    4.96086497    2.23844788   38.97548578   36.88054768
  220.00    5.69846120    4.92652564    2.26053111   40.71766184   38.02545521
  230.00    5.73171614    4.89069675    2.27885969   42.43289278   39.15259271
  240.00    5.76593460    4.85340082    2.29359696   44.12270956   40.26163062
  250.00    5.80110083    4.81465918    2.30489266   45.78844142   41.35221188
  260.00    5.83719879    4.77449207    2.31288452   47.43124717   42.42398661
  270.00    5.87421211    4.73291881    2.31769967   49.05214163   43.47663216
  280.00    5.91212419    4.68995787    2.31945582   50.65201776   44.50986410
  290.00    5.95091820    4.64562702    2.31826228   52.23166530   45.52344182
