            -0.45000             0.00000
            -0.35000             0.00000
            -0.25000             0.00000
            -0.15000             0.00000
            -0.05000             0.00000
             0.05000             0.00011
             0.15000             0.00085
             0.25000             0.00212
             0.35000             0.00421
             0.45000             0.00677
             0.55000             0.00944
             0.65000             0.01373
             0.75000             0.01812
             0.85000             0.02455
             0.95000             0.03336
             1.05000             0.04651
             1.15000             0.07164
             1.25000             0.12085
             1.35000             0.11899
             1.45000             0.08876
             1.55000             0.12836
             1.65000             0.15632
             1.75000             0.10323
             1.85000             0.06950
             1.95000             0.05894
             2.05000             0.06656
             2.15000             0.05931
             2.25000             0.04638
             2.35000             0.05712
             2.45000             0.06399
             2.55000             0.05127
             2.65000             0.04606
             2.75000             0.07937
             2.85000             0.10259
             2.95000             0.06331
             3.05000             0.04865
             3.15000             0.06474
             3.25000             0.05492
             3.35000             0.03881
             3.45000             0.03087
             3.55000             0.03354
             3.65000             0.04082
             3.75000             0.03384
             3.85000             0.03116
             3.95000             0.03153
             4.05000             0.01931
             4.15000             0.00235
             4.25000             0.00000
             4.35000             0.00000
             4.45000             0.00000
             4.55000             0.00000
             4.65000             0.00000
             4.75000             0.00000
             4.85000             0.00000
             4.95000             0.00000
             5.05000             0.00000
             5.15000             0.00000
             5.25000             0.00000
             5.35000             0.00159
             5.45000             0.01066
             5.55000             0.04574
             5.65000             0.07418
             5.75000             0.13354
             5.85000             0.08394
             5.95000             0.00749
             6.05000             0.00000
             6.15000             0.01429
             6.25000             0.12593
             6.35000             0.14571
             6.45000             0.06897
             6.55000             0.00225
             6.65000             0.00000
             6.75000             0.00000
             6.85000             0.00000
             6.95000             0.00000
             7.05000             0.00000
             7.15000             0.00000
             7.25000             0.00000
             7.35000             0.00000
             7.45000             0.00000
             7.55000             0.00000
             7.65000             0.00000
             7.75000             0.00000
             7.85000             0.00000
             7.95000             0.00000
             8.05000             0.00000
             8.15000             0.00000
             8.25000             0.00000
             8.35000             0.00000
             8.45000             0.00000
             8.55000             0.00000
             8.65000             0.00000
             8.75000             0.00000
             8.85000             0.00000
             8.95000             0.00000
             9.05000             0.00000
             9.15000             0.00000
             9.25000             0.00000
             9.35000             0.00000
             9.45000             0.00000
             9.55000             0.00000
             9.65000             0.00000
             9.75000             0.00000
             9.85000             0.00000
             9.95000             0.00000
            10.05000             0.00000
            10.15000             0.00000
            10.25000             0.00000
            10.35000             0.00000
            10.45000             0.00000
            10.55000             0.00000
            10.65000             0.00000
            10.75000             0.00000
            10.85000             0.00000
            10.95000             0.23058
            11.05000             0.12656
            11.15000             0.00000
            11.25000             0.00000
            11.35000             0.00000
            11.45000             0.00000
            11.55000             0.00000
            11.65000             0.00000
            11.75000             0.16839
            11.85000             0.18876
            11.95000             0.00000
            12.05000             0.00000
            12.15000             0.00000
            12.25000             0.00000
            12.35000             0.00000
            12.45000             0.00000
            12.55000             0.00000
            12.65000             0.00000
            12.75000             0.00000
            12.85000             0.00000
            12.95000             0.00000
            13.05000             0.00000
            13.15000             0.00000
            13.25000             0.00000
            13.35000             0.00000
            13.45000             0.00000
            13.55000             0.00000
            13.65000             0.00000
            13.75000             0.00000
            13.85000             0.00000
            13.95000             0.00000
            14.05000             0.00000
            14.15000             0.21976
            14.25000             0.16220
            14.35000             0.04884
            14.45000             0.08331
            14.55000             0.10040
            14.65000             0.09979
            14.75000             0.00000
            14.85000             0.00000
            14.95000             0.00000
            15.05000             0.00000
            15.15000             0.00000
            15.25000             0.05508
            15.35000             0.36550
            15.45000             0.29370
            15.55000             0.00000
            15.65000             0.00000
            15.75000             0.00000
            15.85000             0.00000
            15.95000             0.00000
            16.05000             0.00000
            16.15000             0.00000
            16.25000             0.00000
            16.35000             0.00000
            16.45000             0.00000
            16.55000             0.00000
            16.65000             0.00000
            16.75000             0.00000
            16.85000             0.00000
            16.95000             0.00000
            17.05000             0.00000
            17.15000             0.00000
            17.25000             0.00000
            17.35000             0.00000
            17.45000             0.00000
            17.55000             0.00000
            17.65000             0.00000
            17.75000             0.00000
            17.85000             0.00000
            17.95000             0.00000
            18.05000             0.00000
            18.15000             0.00000
            18.25000             0.00000
            18.35000             0.00000
            18.45000             0.00000
            18.55000             0.00000
            18.65000             0.31839
            18.75000             0.03876
            18.85000             0.27156
            18.95000             0.08558
            19.05000             0.00000
            19.15000             0.00000
            19.25000             0.00000
            19.35000             0.00000
            19.45000             0.00000
            19.55000             0.00000
            19.65000             0.00000
            19.75000             0.00000
            19.85000             0.00000
            19.95000             0.00000
            20.05000             0.00000
            20.15000             0.00000
            20.25000             0.00000
            20.35000             0.00000
            20.45000             0.00000
            20.55000             0.00000
            20.65000             0.00000
            20.75000             0.00000
            20.85000             0.00000
            20.95000             0.00000
            21.05000             0.00000
            21.15000             0.00000
            21.25000             0.00000
            21.35000             0.00217
            21.45000             0.01677
            21.55000             0.03209
            21.65000             0.06214
            21.75000             0.12442
            21.85000             0.11011
            21.95000             0.00944
            22.05000             0.00000
            22.15000             0.00000
            22.25000             0.00000
            22.35000             0.00000
            22.45000             0.00000
            22.55000             0.25500
            22.65000             0.10214
            22.75000             0.00000
            22.85000             0.00000
            22.95000             0.00000
            23.05000             0.19365
            23.15000             0.15759
            23.25000             0.00590
            23.35000             0.00140
            23.45000             0.00881
            23.55000             0.02050
            23.65000             0.05812
            23.75000             0.20172
            23.85000             0.06659
            23.95000             0.35714
            24.05000             0.00000
            24.15000             0.00000
            24.25000             0.00000
            24.35000             0.00000
            24.45000             0.00000
            24.55000             0.00000
            24.65000             0.00000
            24.75000             0.00000
            24.85000             0.00000
            24.95000             0.00000
            25.05000             0.00000
            25.15000             0.08495
            25.25000             0.14188
            25.35000             0.09593
            25.45000             0.03439
            25.55000             0.00000
            25.65000             0.00000
            25.75000             0.00000
            25.85000             0.00000
            25.95000             0.00000
            26.05000             0.00000
            26.15000             0.00000
            26.25000             0.00000
            26.35000             0.02381
            26.45000             0.14717
            26.55000             0.08894
            26.65000             0.06471
            26.75000             0.02947
            26.85000             0.00304
            26.95000             0.00000
            27.05000             0.00000
            27.15000             0.00000
            27.25000             0.00000
            27.35000             0.00000
            27.45000             0.00000
            27.55000             0.00000
            27.65000             0.00000
            27.75000             0.00000
            27.85000             0.00000
            27.95000             0.00000
            28.05000             0.00000
            28.15000             0.11923
            28.25000             0.23791
            28.35000             0.00000
            28.45000             0.22992
            28.55000             0.12722
            28.65000             0.00000
            28.75000             0.00000
            28.85000             0.01093
            28.95000             0.11765
            29.05000             0.19407
            29.15000             0.03450
            29.25000             0.00000
            29.35000             0.00000
            29.45000             0.18468
            29.55000             0.24937
            29.65000             0.24452
            29.75000             0.03571
            29.85000             0.00000
            29.95000             0.00000
