#  T(K)     E(eV/cell)    F(eV/cell)    Fc(eV/cell)   S(kB/cell)    Cv(kB/cell)
    0.00           NaN    7.89060835           NaN           NaN           NaN
   10.00    7.89071651    7.89057419    0.43964778    0.16515179    0.52959158
   20.00    7.89213404    7.89004961    0.75027625    1.20942956    2.91672564
   30.00    7.89573445    7.88831506    1.01220718    2.86992905    5.36152710
   40.00    7.90122483    7.88506046    1.24251387    4.68946634    7.30036114
   50.00    7.90819874    7.88023967    1.44930497    6.48899138    8.82889490
   60.00    7.91636107    7.87389904    1.63735641    8.21247270   10.07710001
   70.00    7.92551358    7.86611118    1.80982393    9.84760068   11.14068615
   80.00    7.93552948    7.85695125    1.96895046   11.39821045   12.09116426
   90.00    7.94633519    7.84648810    2.11641303   12.87411443   12.98107528
  100.00    7.95789523    7.83478119    2.25351335   14.28670409   13.84679455
  110.00    7.97019978    7.82188031    2.38129133   15.64695871   14.71206820
  120.00    7.98325533    7.80782623    2.50059691   16.96464837   15.59172377
  130.00    7.99707849    7.79265194    2.61213783   18.24813227   16.49470560
  140.00    8.01169179    7.77638379    2.71651263   19.50442367   17.42618661
  150.00    8.02712111    7.75904264    2.81423406   20.73935048   18.38889645
  160.00    8.04339392    7.74064474    2.90574636   21.95773130   19.38391208
  170.00    8.06053810    7.72120259    2.99143814   23.16353540   20.41112451
  180.00    8.07858100    7.70072559    3.07165219   24.36001804   21.46952733
  190.00    8.09754881    7.67922057    3.14669314   25.54983206   22.55741342
  200.00    8.11746601    7.65669233    3.21683352   26.73511959   23.67252578
  210.00    8.13835492    7.63314401    3.28231857   27.91758809   24.81218444
  220.00    8.16023543    7.60857743    3.34337015   29.09857426   25.97339865
  230.00    8.18312475    7.58299341    3.40018992   30.27909844   27.15296763
  240.00    8.20703727    7.55639201    3.45296199   31.45991151   28.34757028
  250.00    8.23198450    7.52877274    3.50185511   32.64153561   29.55384398
  260.00    8.25797504    7.50013474    3.54702453   33.82429979   30.76845206
  270.00    8.28501468    7.47047696    3.58861353   35.00837123   31.98814029
  280.00    8.31310643    7.43979823    3.62675479   36.19378268   33.20978273
  290.00    8.34225069    7.40809743    3.66157150   37.38045648   34.43041759
