#  T(K)     E(eV/cell)    F(eV/cell)    Fc(eV/cell)   S(kB/cell)    Cv(kB/cell)
    0.00           NaN    1.31616245           NaN           NaN           NaN
   10.00    1.31623805    1.31613399    0.11245816    0.12075102    0.33783501
   20.00    1.31729449    1.31576508    0.18191271    0.88739704    2.45866432
   30.00    1.32083758    1.31435353    0.23513581    2.50812681    5.83210721
   40.00    1.32729062    1.31129622    0.27781820    4.64015513    9.04940484
   50.00    1.33623359    1.30630815    0.31266258    6.94536500   11.58610486
   60.00    1.34706827    1.29933223    0.34126081    9.23250568   13.46219438
   70.00    1.35929096    1.29042635    0.36466474   11.41622545   14.83486515
   80.00    1.37253444    1.27969509    0.38362197   13.46686706   15.85332400
   90.00    1.38654504    1.26725584    0.39869147   15.38094749   16.63130944
  100.00    1.40115265    1.25322337    0.41030711   17.16637562   17.25016900
  110.00    1.41624599    1.23770344    0.41881551   18.83534161   17.76632960
  120.00    1.43175406    1.22079077    0.42449996   20.40093646   18.21781410
  130.00    1.44763258    1.20256900    0.42759637   21.87559599   18.62934813
  140.00    1.46385431    1.18311159    0.42830422   23.27045866   19.01630680
  150.00    1.48040233    1.16248303    0.42679443   24.59518521   19.38771657
  160.00    1.49726556    1.14074012    0.42321507   25.85800499   19.74847194
  170.00    1.51443599    1.11793313    0.41769567   27.06586279   20.10091090
  180.00    1.53190689    1.09410683    0.41035046   28.22459916   20.44588845
  190.00    1.54967189    1.06930137    0.40128101   29.33912926   20.78347566
  200.00    1.56772453    1.04355301    0.39057815   30.41360471   21.11339229
  210.00    1.58605803    1.01689470    0.37832361   31.45155218   21.43525854
  220.00    1.60466530    0.98935660    0.36459134   32.45598864   21.74872925
  230.00    1.62353898    0.96096642    0.34944856   33.42951518   22.05355548
  240.00    1.64267157    0.93174982    0.33295663   34.37439240   22.34960367
  250.00    1.66205549    0.90173060    0.31517181   35.29260079   22.63685178
  260.00    1.68168316    0.87093099    0.29614584   36.18588880   22.91537465
  270.00    1.70154715    0.83937176    0.27592647   37.05581118   23.18532547
  280.00    1.72164014    0.80707245    0.25455794   37.90375972   23.44691719
  290.00    1.74195505    0.77405145    0.23208129   38.73098789   23.70040586
