#  T(K)     E(eV/cell)    F(eV/cell)    Fc(eV/cell)   S(kB/cell)    Cv(kB/cell)
   10.00    7.02390937    7.02386670    0.38775426    0.04951380    0.17367200
   20.00    7.02461606    7.02365818    0.66082468    0.55578137    1.75935053
   30.00    7.02721433    7.02270750    0.89060841    1.74331172    4.30634127
   40.00    7.03199054    7.02054273    1.09228169    3.32113898    6.71824664
   50.00    7.03867529    7.01694318    1.27305223    5.04378376    8.72828211
   60.00    7.04692709    7.01184516    1.43716530    6.78510561   10.36925239
   70.00    7.05646782    7.00526025    1.58742599    8.48907887   11.73611624
   80.00    7.06710137    6.99723124    1.72582802   10.13505287   12.91892877
   90.00    7.07870032    6.98781055    1.85386209   11.71917223   13.98617633
  100.00    7.09118656    6.97705032    1.97268528   13.24488033   14.98438643
  110.00    7.10451426    6.96499835    2.08322193   14.71822778   15.94284201
  120.00    7.11865734    6.95169696    2.18622756   16.14569104   16.87897036
  130.00    7.13360127    6.93718307    2.28233128   17.53326759   17.80277090
  140.00    7.14933812    6.92148872    2.37206510   18.88618846   18.71993310
  150.00    7.16586372    6.90464182    2.45588483   20.20890533   19.63381325
  160.00    7.18317623    6.88666673    2.53418533   21.50518140   20.54657687
  170.00    7.20127541    6.86758481    2.60731203   22.77820623   21.45979390
  180.00    7.22016219    6.84741490    2.67556963   24.03070173   22.37470570
  190.00    7.23983848    6.82617366    2.73922893   25.26500857   23.29231409
  200.00    7.26030696    6.80387588    2.79853216   26.48315247   24.21338689
  210.00    7.28157084    6.78053469    2.85369733   27.68689387   25.13843490
  220.00    7.30363368    6.75616184    2.90492163   28.87776475   26.06768956
  230.00    7.32649910    6.73076784    2.95238432   30.05709660   27.00109363
  240.00    7.35017055    6.70436211    2.99624905   31.22604241   27.93830857
  250.00    7.37465107    6.67695316    3.03666583   32.38559472   28.87873684
  260.00    7.39994308    6.64854873    3.07377266   33.53660126   29.82155569
  270.00    7.42604823    6.61915585    3.10769689   34.67977912   30.76575798
  280.00    7.45296723    6.58878100    3.13855646   35.81572779   31.71019630
  290.00    7.48069974    6.55743019    3.16646088   36.94494156   32.65362704
  300.00    7.50924435    6.52510905    3.19151207   38.06782122   33.59475210
