    2   24   36
 12.011  1.000
    1    1  0.0080  0.0000  0.0000
 -0.522020656441  -0.044861884158  -0.001356027777
  0.278655942327  -0.017420728694   0.000859353975
  0.037856203927   0.035549916756   0.000052981378
  0.022983124407  -0.001738932970   0.000068155722
 -0.035653238600  -0.014540490570  -0.000064637866
  0.118385301672  -0.022639505424   0.000313775124
 -0.017670710394  -0.004879630214  -0.000034914356
 -0.008153250938  -0.006511250896  -0.000012877202
  0.009014443235  -0.001847259219   0.000037214079
  0.005070811272   0.010649511980  -0.000010829923
 -0.004743546687  -0.001990760854  -0.000012682399
 -0.000203449711   0.005046006382  -0.000014232074
  0.003803232828  -0.002404209584   0.000019580932
 -0.002987398355  -0.002182084146  -0.000004007478
  0.000011933249  -0.000081227807   0.000000301979
 -0.000095491243  -0.000340587967   0.000000194287
  0.095957830439   0.087853508104   0.000002190121
  0.009852028957   0.000698717851   0.000043749773
  0.000673363630   0.003324021620   0.000015544113
  0.009423115857  -0.021835067009   0.000098169799
 -0.000211644849   0.000016199019  -0.000001082502
  0.000025947111   0.000094236646   0.000000155372
  0.000069409626  -0.000025594787   0.000000280625
 -0.000043301317   0.000067095942  -0.000000355702
    1    2  0.0000  0.0080  0.0000
 -0.044852928193  -0.492683285459   0.000902366760
  0.019398613052   0.095361229685  -0.000069207610
  0.017746820015  -0.014147413990   0.000086747481
 -0.015146412298  -0.002031574571  -0.000034345903
  0.009148451745   0.044702376386  -0.000100568543
 -0.064138457683   0.166714724381  -0.000548516254
  0.008058287923   0.007635104941  -0.000002683783
  0.006489554472   0.005668947741   0.000009210719
 -0.005939378221   0.000544546221  -0.000022563017
 -0.001681250007  -0.006028112022   0.000010469972
  0.002652174230   0.001697710096   0.000005997127
 -0.000206363067  -0.002902528291   0.000007305642
 -0.002453755882   0.001753021445  -0.000012953057
  0.002314804423   0.001539417154   0.000003864410
 -0.000011003776   0.000002694685   0.000000121380
  0.000311501642  -0.000098523192   0.000001848131
  0.087376338690   0.196692319046  -0.000152907604
 -0.022795928759  -0.002694404185  -0.000080641093
  0.002063212647   0.001831635873  -0.000014753493
  0.001500916332  -0.003375035656   0.000009301724
  0.000155286988  -0.000127900860   0.000001327356
  0.000029284122  -0.000025083322   0.000000129945
 -0.000061642636  -0.000015666954   0.000000049076
  0.000041874241  -0.000014199154   0.000000400636
    1    3  0.0000  0.0000  0.0080
 -0.001342251358   0.000960470935  -0.097296835423
  0.000749274355  -0.000164891475   0.044491629222
  0.000081191864   0.000145843779  -0.004899979586
  0.000081050183  -0.000022700486   0.004714926195
 -0.000109089394  -0.000215094842  -0.005488618389
  0.000465907767  -0.000402472387   0.045724264108
 -0.000101434523  -0.000059758518  -0.003841007411
 -0.000080513476  -0.000063502203   0.000596547099
  0.000028489305  -0.000024417979  -0.000241812361
  0.000007084663   0.000015952064  -0.000032051155
 -0.000015329219  -0.000043100665   0.000442882307
  0.000028329062   0.000017236595  -0.000002081004
  0.000037560781   0.000016064482   0.000040956910
 -0.000028197806   0.000016956372  -0.000110660645
  0.000003616843  -0.000002118740   0.000005439678
 -0.000006314148   0.000005395637   0.000131864514
  0.000010505513  -0.000139819303   0.027231176467
  0.000101647303   0.000014563908  -0.003259413503
  0.000027152292  -0.000020327777  -0.006364270987
  0.000050536953  -0.000068408149  -0.001917418332
 -0.000006685422   0.000004476618   0.000102105647
  0.000013360246   0.000002115954  -0.000075617957
  0.000007657658   0.000013504396   0.000025194910
 -0.000003549442   0.000014031784   0.000022779696
    2    1  0.0080  0.0000  0.0000
  0.278802395692   0.019330914517   0.000762787832
 -0.533379833852   0.043983706849  -0.001627373799
  0.095645255773   0.030478441249   0.000083938799
 -0.030351025998  -0.003233557660  -0.000084743192
  0.022020962455   0.016662944021   0.000029874930
  0.023148776275  -0.047449896501   0.000233962166
  0.037619510649   0.034801716242   0.000047148872
  0.008141831208   0.001441910431   0.000031802397
 -0.006350130242   0.002223361092  -0.000033079334
 -0.002298260763  -0.013450468816   0.000044470636
  0.004783386396   0.003136299889   0.000007510356
  0.000203193974  -0.005034439498   0.000011577774
 -0.002895839458   0.002329859450  -0.000017193081
  0.002003029367   0.001395059130  -0.000000443215
 -0.000142271416   0.000203041710  -0.000000907256
 -0.001144726595   0.001533163146  -0.000018044672
  0.009874353305  -0.000514430525   0.000046427243
  0.095239037583  -0.086675914036   0.000472612145
  0.000239777954   0.000501191444  -0.000002972392
 -0.000587679368  -0.001316245581   0.000014159000
 -0.000396453984  -0.000824623797   0.000000633794
 -0.000007202774   0.000094137287  -0.000000556746
 -0.000113500839   0.000146383536  -0.000000595187
 -0.000054585342   0.000237446420  -0.000000997071
    2    2  0.0000  0.0080  0.0000
 -0.017386864926   0.095398043991  -0.000196757619
  0.043956568046  -0.483330387639   0.001184688697
  0.043501907067   0.171290807899  -0.000178758312
 -0.004199010316   0.028382303851  -0.000108649895
  0.009610895441   0.007561419277   0.000017127021
 -0.023683062974  -0.014361813670  -0.000057813122
  0.022538121286   0.003538123794   0.000060922374
  0.001130923447   0.003728480032  -0.000013260159
 -0.005016920050   0.001998799368  -0.000020577245
 -0.006757783570  -0.009246213527  -0.000012979929
  0.003899736352   0.001066973376   0.000010361420
 -0.000172092705  -0.003533385121   0.000010605547
 -0.002184354712   0.001649776086  -0.000011798220
  0.001366208763   0.001092154816   0.000003656539
 -0.000039473408   0.000095490966  -0.000000067807
 -0.001454172946  -0.000506388097   0.000004484994
  0.022957124807  -0.002650393247   0.000079518591
 -0.086536123348   0.194038942723  -0.000750924692
  0.000485059030  -0.000177054575   0.000004701200
 -0.002432781558   0.003568295790  -0.000026932056
  0.000487631973   0.000574300687   0.000000484119
 -0.000050663072  -0.000105432227   0.000000888628
 -0.000048768372   0.000012382973   0.000000215444
  0.000027895747  -0.000085227527   0.000000864481
    2    3  0.0000  0.0000  0.0080
  0.000894705075  -0.000078803593   0.044476480246
 -0.001572030211   0.001228219388  -0.098168372465
  0.000133571064  -0.000298996515   0.048475192913
 -0.000046958776  -0.000168696105  -0.003586742744
  0.000004468033   0.000045137317   0.001268166384
  0.000113174384  -0.000148507710  -0.005477706903
  0.000098007503   0.000110995756  -0.003176138075
  0.000055671333  -0.000018989383  -0.002876856879
  0.000068327529  -0.000066429989   0.000593101763
  0.000047910932  -0.000129947816  -0.005514588008
 -0.000051512682  -0.000021750613  -0.000337005275
 -0.000039530500  -0.000039057107   0.000446427851
  0.000015917765   0.000011326531  -0.000107312032
  0.000035829394   0.000011472439   0.000510008996
 -0.000035943007   0.000037312892  -0.000089704026
 -0.000043128294   0.000074381186   0.002825600036
 -0.000028477844   0.000006505613  -0.002989762098
  0.000461511391  -0.000715915105   0.026587698969
 -0.000034289560   0.000041578967   0.000731700340
 -0.000006223122  -0.000006668656  -0.003528288735
 -0.000033859259   0.000050498734  -0.000058289378
 -0.000011150522   0.000015435783   0.000070714399
 -0.000009115762   0.000019762102  -0.000061442384
 -0.000016874864   0.000041135884  -0.000012882896
    3    1  0.0080  0.0000  0.0000
  0.037889164872   0.017732244334   0.000078677055
  0.095194160279   0.043532464791   0.000084721795
 -0.495764930144  -0.022045699817  -0.001279648961
  0.114652049699  -0.019637614219   0.000258454666
  0.011351458136  -0.026287928773   0.000118171059
 -0.003438010328   0.012909591374  -0.000067607233
  0.219466498310  -0.018981211241   0.000642380416
 -0.034088903596  -0.009542287083  -0.000077118120
  0.024061070674  -0.007044419178   0.000089123022
  0.033923365342   0.040472502295   0.000018837429
 -0.016040710235  -0.005479709821  -0.000021679537
  0.000289505830   0.013264788773  -0.000034093376
  0.009043848514  -0.005944480717   0.000048703487
 -0.006633816870  -0.004975086762  -0.000011044262
 -0.000124477988  -0.000282393081   0.000002997732
  0.010161985148  -0.000107885048   0.000047364215
  0.003937180520  -0.000642867159   0.000042366536
 -0.007958577687  -0.011389825661   0.000014705793
  0.003699187617   0.000579424515   0.000027572886
 -0.000450874978   0.000306495646  -0.000002960492
  0.000917649729   0.003380108989   0.000013261926
  0.000002566205   0.000278726040   0.000000178963
  0.000118768622  -0.000092558632   0.000004317231
 -0.000208157672  -0.000002379567   0.000002317770
    3    2  0.0000  0.0080  0.0000
  0.035552090078  -0.014158026692   0.000148286628
  0.030739259234   0.171316237372  -0.000223944990
 -0.022015476028  -0.444431734368   0.000811882207
 -0.029211831117   0.141711384996  -0.000338155691
 -0.027575444244  -0.013662905928  -0.000068958221
 -0.000471521780   0.024213635544  -0.000053965243
 -0.000770703163   0.085892627537  -0.000108663053
  0.000969101671   0.033576384059  -0.000100393708
 -0.006986756333  -0.001648066109  -0.000009660227
  0.025758476613  -0.002995314553   0.000086463253
  0.000899778249   0.004432062330  -0.000023885138
  0.000980591767  -0.001370524119   0.000006867736
 -0.001834505157   0.000528352293  -0.000008737873
  0.002599343346   0.002033642497   0.000004926955
  0.000365936776  -0.000201145678   0.000001904998
 -0.021793094998  -0.001600435132  -0.000079022955
 -0.001548482023  -0.001209727182  -0.000021058652
  0.010276699446   0.016233895107  -0.000014107610
  0.001809603434  -0.001047515909  -0.000000830927
 -0.000008297051   0.000602943102  -0.000000609619
  0.001993012673   0.001570678176  -0.000009821916
  0.000249958372   0.000298406062   0.000001703944
 -0.000047352186   0.000015932503  -0.000000685515
  0.000069612421  -0.000100785909   0.000000465619
    3    3  0.0000  0.0000  0.0080
  0.000062447314   0.000090730006  -0.004892083776
  0.000064599438  -0.000184380058   0.048497665572
 -0.001266464251   0.000795791072  -0.116688773149
  0.000286817660  -0.000328755390   0.053854966648
  0.000112196110  -0.000077255901  -0.003593998481
 -0.000023585459  -0.000018528334   0.004718847968
  0.000595202402  -0.000187398493   0.046533278763
 -0.000111914321  -0.000121517779  -0.004387499247
  0.000098042659   0.000006792322   0.003869238269
  0.000074275948   0.000137211878  -0.004038041554
 -0.000027762072  -0.000041578457  -0.005519990329
  0.000003007113   0.000060033318  -0.000031919437
  0.000040670805  -0.000019075277  -0.000241975558
 -0.000021645133  -0.000010780169   0.000583451226
  0.000000120307  -0.000000811479   0.000142235374
  0.000101109271  -0.000005347284  -0.002728143283
  0.000043058846  -0.000012481255  -0.006941884764
 -0.000051035203  -0.000084430850  -0.002243083539
  0.000016907168  -0.000003678117  -0.003608575715
 -0.000000289798  -0.000000135682   0.000564972732
  0.000010301413   0.000001511109  -0.004543047330
 -0.000005225909   0.000003984766   0.000704842131
 -0.000000846122  -0.000002118029  -0.000084019367
  0.000000011812   0.000002218085   0.000073536845
    4    1  0.0080  0.0000  0.0000
  0.022980206453  -0.015170447366   0.000101068197
 -0.030601021306  -0.004206028366  -0.000087305482
  0.114613830390  -0.029125289839   0.000293003740
 -0.475245990624  -0.033456110648  -0.001159440819
  0.184859567109  -0.019156453541   0.000524542380
  0.020764226151   0.045072802393  -0.000033820184
  0.013940784800  -0.025742384238   0.000127342767
  0.109054706446   0.060594865966   0.000051735312
  0.033911526359   0.025749391428   0.000058998284
 -0.001529838156   0.007223850956  -0.000040450053
 -0.001052646811  -0.000536384628  -0.000007174991
 -0.000780443439   0.003609746711  -0.000010511143
  0.005079289984  -0.001681663097   0.000023058800
 -0.002351560619  -0.006721400245   0.000028929548
 -0.000112849614   0.000024719959   0.000002086067
  0.003684216784   0.000474064934   0.000028684721
  0.000474457917  -0.000524564666   0.000003840843
  0.001087939467   0.003276612460   0.000009108556
  0.010026815083   0.000276541736   0.000044707274
 -0.000939219160   0.001164966809   0.000020538115
 -0.008136585161  -0.011587828569   0.000014924751
 -0.000022791527   0.000036136480   0.000003127036
  0.000450752414   0.000009157472   0.000002141951
 -0.000155372940   0.000395697899   0.000000864329
    4    2  0.0000  0.0080  0.0000
 -0.001735238000  -0.002119896229   0.000013114544
 -0.002905013140   0.028416936219  -0.000104571306
 -0.019530524474   0.141717596055  -0.000303719464
 -0.033444981150  -0.465012283654   0.000813541642
 -0.006440781441   0.081603003163  -0.000110494805
  0.027261659082   0.002904388923   0.000074562905
 -0.036277527343  -0.014488781340  -0.000098135502
  0.042387692774   0.196164368517  -0.000254728056
  0.040583451522  -0.003002207247   0.000139093389
  0.007224399653   0.023841800712  -0.000027808777
 -0.008117961448  -0.003600875893  -0.000016815534
 -0.000494719795   0.010326274546  -0.000029453160
  0.010648859340  -0.006126867598   0.000054186452
 -0.013050273659  -0.009207989597  -0.000034785868
 -0.000088959464  -0.000178425760   0.000001124559
  0.001795554148  -0.001156563632  -0.000002105931
 -0.000209814150  -0.000291928079   0.000002343880
  0.002012539848   0.001611408591  -0.000006303527
 -0.021432518622  -0.001737175497  -0.000075080393
  0.002066657629   0.003664996858  -0.000020594199
  0.010032793625   0.016756493529  -0.000016918663
 -0.000024806377   0.000173849038  -0.000000020411
  0.000022873297  -0.000132306414   0.000003083841
 -0.000283361854  -0.000125815213   0.000000484384
    4    3  0.0000  0.0000  0.0080
  0.000045758994  -0.000072693757   0.004724917640
 -0.000078898329  -0.000144206742  -0.003593114042
  0.000268669922  -0.000305031836   0.053830216419
 -0.001130190773   0.000913782266  -0.116657983949
  0.000486731635  -0.000123164986   0.048479190826
 -0.000010537088   0.000143297823  -0.004894163093
  0.000193120797  -0.000033748678  -0.004389481549
  0.000162718975  -0.000168291443   0.046509898576
  0.000031523921   0.000106580260  -0.004037707233
 -0.000027428445   0.000037573382   0.003872942639
 -0.000001216286   0.000047920289   0.000585932213
 -0.000035692418  -0.000008316628  -0.000240356969
 -0.000045993593  -0.000031476177  -0.000029480054
  0.000045765805  -0.000065258800  -0.005518994454
 -0.000001517936  -0.000005139906   0.000076410803
  0.000034382954  -0.000025509352  -0.004541246507
 -0.000006449893  -0.000021040296   0.000567089214
  0.000015067012  -0.000026718211  -0.003606717785
  0.000102116251  -0.000008250676  -0.002241333343
  0.000003003427  -0.000033770838  -0.006940532469
 -0.000034170691  -0.000118178067  -0.002727101332
 -0.000013284450  -0.000009576303  -0.000080973158
 -0.000009817298  -0.000020648400   0.000707871859
  0.000006337504  -0.000028132924   0.000144715746
    5    1  0.0080  0.0000  0.0000
 -0.035667317563   0.009151426268  -0.000130759598
  0.022162300115   0.009582951097   0.000046981675
  0.011402751169  -0.027588169992   0.000128167126
  0.184855962132  -0.006423256954   0.000494296546
 -0.457918499618   0.001762611746  -0.001256697626
  0.139520695567   0.059969795294   0.000167868677
  0.005891238692   0.002335134826   0.000024197287
  0.035948821444   0.023495092044   0.000071064079
 -0.015984587843   0.000869155932  -0.000040301825
 -0.001056974380  -0.008115655628   0.000012915496
  0.002444897874   0.001078572869   0.000004577625
  0.000583530681  -0.004170932324   0.000013993274
 -0.004747000344   0.002677315736  -0.000024660232
  0.005087839224   0.003904857626   0.000008156420
 -0.000026755860   0.000063437589   0.000000448275
  0.000137241695   0.000265100169   0.000000444378
  0.000984443122  -0.003237693460   0.000024963198
  0.000293316872   0.000531939432  -0.000002464399
  0.096971285378  -0.087433195297   0.000479431212
  0.009849733208   0.023007270992  -0.000016679702
 -0.000707612378  -0.001595967226  -0.000008415242
 -0.000017405791  -0.000078460010   0.000001031700
 -0.000085638774   0.000015830529   0.000000060588
  0.000077735379  -0.000067161260   0.000001381066
    5    2  0.0000  0.0080  0.0000
 -0.014547285399   0.044634844641  -0.000180526624
  0.016604427985   0.007577833584   0.000040891018
 -0.026289625529  -0.013633365817  -0.000064279079
 -0.019184238099   0.081611928381  -0.000154732295
  0.001800267220  -0.559118019347   0.001238242636
  0.096797291741   0.234442363897  -0.000174049586
  0.002682917734   0.005888576184  -0.000014083593
  0.035659529126   0.005185754822   0.000101665986
 -0.005451895355   0.004425718656  -0.000045631111
 -0.000539239943  -0.003594579088   0.000008887625
  0.001076235823   0.000512525776   0.000003777808
  0.000320159975  -0.001944601598   0.000006119260
 -0.001996450138   0.001625169295  -0.000009933025
  0.003254381677   0.001102232642   0.000007508017
  0.000081438618  -0.000029824913   0.000000433674
 -0.001281498229   0.000175526189  -0.000004981791
 -0.002200623991   0.002131109878  -0.000022784940
  0.000355559509  -0.000076534557   0.000003515876
 -0.087853246697   0.192362713913  -0.000751237254
 -0.000487421282  -0.002541265986  -0.000002783742
  0.001094713349  -0.000785280144   0.000013628102
  0.000013973852  -0.000046962825   0.000000129189
  0.000098079269   0.000037121385   0.000000538281
 -0.000007451217   0.000057015034  -0.000000314431
    5    3  0.0000  0.0000  0.0080
 -0.000063929313  -0.000095885051  -0.005488455450
  0.000044659940   0.000025208181   0.001261629165
  0.000130316492  -0.000081878901  -0.003598743238
  0.000536756768  -0.000143438733   0.048482064016
 -0.001239405312   0.001322081663  -0.098151068867
  0.000069822767  -0.000306675005   0.044486401928
  0.000031684304  -0.000017357711  -0.002881614247
  0.000060497638   0.000055045862  -0.003180216165
 -0.000018875086  -0.000045631500  -0.005519860362
 -0.000001894497  -0.000044751902   0.000587715989
 -0.000007911630  -0.000004966598   0.000506993452
 -0.000008563185  -0.000022480226  -0.000109609432
 -0.000003151255   0.000003291752   0.000443789993
  0.000014335011   0.000010235314  -0.000339773644
 -0.000011806309   0.000007093520  -0.000010932481
 -0.000005582230   0.000010634026  -0.000056744622
  0.000016872609  -0.000032171892  -0.003525576917
 -0.000008298053   0.000009589377   0.000733492918
  0.000472322111  -0.000745978467   0.026594429998
  0.000035963798   0.000080866129  -0.002987623224
 -0.000023600500   0.000011800791   0.002827672105
 -0.000008232767  -0.000000259193  -0.000059295274
 -0.000005967748   0.000000153319   0.000072901508
 -0.000006013550   0.000005475244  -0.000087577149
    6    1  0.0080  0.0000  0.0000
  0.118380080972  -0.064032279076   0.000422000947
  0.023332425045  -0.023664939818   0.000163384478
 -0.003429600069  -0.000501737273  -0.000018213467
  0.020739757183   0.027222215121   0.000015269306
  0.139552852952   0.096704075406   0.000063454905
 -0.537595855921  -0.036136697577  -0.001440349594
  0.002296773933   0.000568260195   0.000012098366
  0.002910682645  -0.003477108537   0.000032369889
  0.000292853650   0.000961505339  -0.000000475866
 -0.000801614658  -0.000525651533   0.000001495489
  0.000606177628   0.000287810944   0.000002345079
  0.000292362433  -0.000432769720   0.000002413203
 -0.000189681567  -0.000112255477   0.000000228750
  0.000389187244  -0.000153723281   0.000001692185
  0.000068038192  -0.000032463247   0.000000000880
 -0.000056254528   0.000044393120  -0.000000853112
 -0.008956697872   0.011776927888  -0.000056089526
  0.003856509023   0.000290713497   0.000034994813
 -0.009091072890  -0.012268768108   0.000011818274
  0.247439314636   0.003109476961   0.000755620875
 -0.000101041909   0.000299972664  -0.000002382383
  0.000023754124  -0.000007636725  -0.000000339416
  0.000071909082   0.000055256140   0.000000039084
 -0.000030859327   0.000025423097  -0.000000523157
    6    2  0.0000  0.0080  0.0000
 -0.022665228273   0.166698992224  -0.000404360502
 -0.047378110190  -0.014364658518  -0.000140761634
  0.012937801262   0.024216001314  -0.000006994310
  0.045065419501   0.002900513157   0.000135526344
  0.059995304898   0.234455937506  -0.000303034434
 -0.036156238465  -0.476993828178   0.000898533171
 -0.012345480431  -0.004854868917  -0.000028731750
 -0.016350479083  -0.013030361880  -0.000032243639
  0.013293481954  -0.001397120644   0.000049756073
  0.003608318951   0.010306941663  -0.000015969875
 -0.004177876101  -0.001957031214  -0.000009623537
 -0.000430209824   0.005372531964  -0.000016114825
  0.005046287939  -0.002923907904   0.000025286190
 -0.004858234949  -0.003527767517  -0.000006376039
  0.000006532479  -0.000061288496   0.000000176438
 -0.000074420711  -0.000237656532   0.000000545268
 -0.011604289735   0.015035437375  -0.000086015997
  0.001549387229  -0.001326335109  -0.000008258706
  0.011243138539   0.016298836311  -0.000013752349
  0.003612766485   0.045348033630  -0.000036145888
 -0.000342722375  -0.000063332505  -0.000000781777
  0.000010757990   0.000091838513  -0.000000251486
  0.000074852819  -0.000042786678   0.000000054667
 -0.000060759910   0.000055880434  -0.000000461402
    6    3  0.0000  0.0000  0.0080
  0.000324851978  -0.000543508502   0.045743470796
  0.000246695111  -0.000048065214  -0.005479550073
 -0.000020458875  -0.000071293923   0.004714103251
 -0.000023446718   0.000027031431  -0.004892348130
  0.000156838351  -0.000185269543   0.044509908907
 -0.001456921509   0.000919155954  -0.097282873459
  0.000046619276   0.000016274670   0.000594933076
  0.000059263037   0.000002263024  -0.003837876371
 -0.000004446531  -0.000034896789  -0.000032948716
  0.000000945807  -0.000082274533  -0.000242744390
 -0.000005121760  -0.000008355191  -0.000113758887
 -0.000010553238  -0.000034464169   0.000036389879
  0.000011181453   0.000010669634  -0.000006320613
  0.000030918106   0.000020973123   0.000440091948
 -0.000015693472   0.000018174458   0.000016301238
 -0.000016078386   0.000027937388   0.000096206868
 -0.000000501953   0.000004492084  -0.001922249398
  0.000026573106   0.000006001040  -0.006369626367
 -0.000062335178  -0.000079699034  -0.003264491555
  0.000746414661  -0.000028313721   0.027231443067
 -0.000015720147   0.000024465648   0.000126363642
 -0.000007164301   0.000006421632   0.000018654025
 -0.000002345861   0.000009293563  -0.000082176397
 -0.000009512955   0.000022986970  -0.000000902343
    7    1  0.0080  0.0000  0.0000
 -0.017800441713   0.007986486750  -0.000061562015
  0.037469374615   0.022494975815   0.000085208046
  0.219235789431  -0.000573818469   0.000599660298
  0.013838646289  -0.036011523766   0.000162679931
  0.005953882960   0.002743938235   0.000032167282
  0.002400723667  -0.012273203635   0.000054018260
 -0.492522149541   0.018479785081  -0.001436962887
  0.023454536990   0.013341052835   0.000042323440
 -0.034249664431   0.001142872050  -0.000109602763
  0.109097815045   0.042604099995   0.000098180479
  0.036048945809   0.035735125726   0.000037152339
  0.002999586809  -0.016332203590   0.000065140806
 -0.008211105558   0.006357875884  -0.000050416846
  0.007949942036   0.001079847919   0.000031274521
 -0.000952883416   0.001015128644  -0.000013578284
  0.095460490113  -0.085950998917   0.000472890815
 -0.000153702549   0.000007356665   0.000000611322
 -0.000734671640  -0.001638872305  -0.000005241892
  0.000206371378   0.000178487616   0.000000881496
  0.000036485955  -0.000273746283  -0.000000251224
  0.000434891805   0.000260489773  -0.000002675507
  0.000557519539   0.000676328902   0.000000246462
 -0.000250607810   0.000116641207  -0.000003652232
 -0.000269775784  -0.001166126131   0.000001508152
    7    2  0.0000  0.0080  0.0000
 -0.004879672685   0.007590044222  -0.000047832856
  0.034738631683   0.003542539471   0.000102572389
 -0.018996107667   0.085921688709  -0.000171559218
 -0.025733841873  -0.014486565917  -0.000062431382
  0.002333915148   0.005890427321  -0.000015664131
  0.000592482411  -0.004853955500   0.000016565405
  0.018461509511  -0.513087268913   0.001189818022
  0.013306339753   0.008669521360   0.000023840763
 -0.009530555636   0.033572602256  -0.000137863965
  0.060647742508   0.196172857462  -0.000192583503
  0.023482470754   0.005185098381   0.000058964716
 -0.003461886070  -0.013027701603   0.000012536697
 -0.006509142611   0.005651473768  -0.000036378343
  0.001494957421   0.003759743987  -0.000012924086
 -0.001380334744  -0.000544385386   0.000001820281
 -0.085839021635   0.190916017755  -0.000742957843
  0.001120295174   0.000105145643   0.000002822720
  0.000951791438  -0.000780031468   0.000010490077
 -0.001307207641   0.000129625692  -0.000005185229
  0.000017840943  -0.000244269323   0.000001993549
  0.000389914573  -0.000075458460   0.000003487065
 -0.000339966650  -0.000606592525  -0.000000340840
 -0.000079469362   0.000031001915   0.000000816263
  0.000519315255   0.000568441153  -0.000000006551
    7    3  0.0000  0.0000  0.0080
 -0.000041016691  -0.000002761605  -0.003838108699
  0.000043587083   0.000055800299  -0.003176290005
  0.000644615249  -0.000115683203   0.046526380937
  0.000117513633  -0.000099888800  -0.004389691727
  0.000019535225  -0.000019106586  -0.002881284793
  0.000010947879  -0.000031572683   0.000599651667
 -0.001427891661   0.001192216917  -0.096771931155
  0.000037925474   0.000033930094   0.000370026797
 -0.000080800211  -0.000077501309  -0.004389211651
  0.000045787866  -0.000272026781   0.046522678331
  0.000091025580   0.000103512268  -0.003176191295
  0.000041753482  -0.000021449759  -0.003837513783
 -0.000012098298   0.000013014791   0.000600942690
  0.000039292023  -0.000004178863  -0.002881642731
 -0.000000696936   0.000004346616   0.001956585234
  0.000477359778  -0.000752746620   0.025578812043
 -0.000001283733   0.000000008904  -0.000232293439
 -0.000012470531  -0.000000002169   0.001956587251
  0.000005422951  -0.000002535025  -0.000045264132
  0.000001319878  -0.000001077972   0.000501708150
 -0.000002226403   0.000002431226   0.000781927179
  0.000004500472   0.000003614540  -0.000232312559
 -0.000001993740  -0.000000957280   0.000501697296
 -0.000000108369  -0.000007387001  -0.000045261607
   15    1  0.0080  0.0000  0.0000
  0.000010987411  -0.000015230547  -0.000000785708
  0.000030892738  -0.000043100271   0.000000329388
 -0.000091123435   0.000355914231   0.000004988297
 -0.000116461827  -0.000083143394   0.000000607077
 -0.000028215195   0.000085293103   0.000000626221
  0.000057656415   0.000010999847   0.000000995543
 -0.001014725679  -0.001379026756  -0.000006487754
  0.000123854075  -0.001299178398   0.000003810172
  0.003739196060   0.001808493258   0.000021753613
  0.010038545256  -0.021426401982   0.000107069660
  0.096982530077  -0.087793845168   0.000480425451
 -0.009102368891   0.011240346434  -0.000051313949
  0.000678355777   0.002045445153   0.000019690571
  0.000399491114   0.000483382056  -0.000001571379
 -0.101141321288   0.095058557825  -0.000547211721
  0.000055306591   0.000852514795  -0.000002054066
  0.000003307968   0.000004971091  -0.000001594127
  0.000009208573   0.000030252358  -0.000002148591
 -0.000018986509   0.000000301052  -0.000001449078
  0.000004387274   0.000005615434  -0.000001707026
  0.000407460694  -0.000018455153   0.000000924552
 -0.000700431727  -0.000406183314  -0.000016631112
 -0.000260711413   0.000582445502  -0.000003774070
 -0.000066834058  -0.000099967157  -0.000004491963
   15    2  0.0000  0.0080  0.0000
 -0.000084357070   0.000016632816  -0.000000226935
  0.000012996746   0.000103875875  -0.000000343999
 -0.000331681961  -0.000188890457  -0.000000118189
  0.000022105451  -0.000166949322   0.000000792880
  0.000070415802  -0.000023964907   0.000000333641
 -0.000021144041  -0.000060309906   0.000000163125
  0.001082439954  -0.000544658998   0.000010500247
  0.000270439800   0.000132877569   0.000000540289
  0.000536157286  -0.001030489933  -0.000004990989
  0.000286093913  -0.001727015434  -0.000000325999
 -0.087442063334   0.192365715245  -0.000749522982
 -0.012276908854   0.016281854890  -0.000095122147
  0.003326187925   0.001839705537  -0.000010415181
  0.000303481884  -0.000172003846   0.000003599072
  0.095085577538  -0.206567219217   0.000834874477
 -0.000257627609  -0.000274484445  -0.000000581519
 -0.000012281329  -0.000007376259   0.000000097781
  0.000003539897  -0.000013920754   0.000000145096
  0.000003664918   0.000019357000   0.000000011263
 -0.000010353962  -0.000002474635   0.000000061763
 -0.000013256103  -0.000000336836  -0.000000411321
  0.000165897672  -0.000836851826   0.000013571544
 -0.000617432383   0.000815063452  -0.000004638345
 -0.000101892141   0.000041864392   0.000002006427
   15    3  0.0000  0.0000  0.0080
 -0.000000719819  -0.000001592666   0.000001598685
  0.000002524456  -0.000002700314  -0.000089756221
  0.000005969306  -0.000000583622   0.000140530977
 -0.000000085260  -0.000001091318   0.000072069642
 -0.000005887363   0.000002631390  -0.000012832617
 -0.000005264210   0.000000075640   0.000019008330
 -0.000008843632   0.000006544523   0.001954487547
  0.000002672703  -0.000002134754  -0.000047498314
  0.000034648050  -0.000005519887  -0.003610460983
  0.000047640841  -0.000079507903  -0.002242615280
  0.000477993619  -0.000757866554   0.026603097059
  0.000003765526  -0.000012337273  -0.003260453539
  0.000018793683  -0.000022182688  -0.006369103911
  0.000004903251   0.000003687841   0.000729296306
 -0.000544080703   0.000833686873  -0.018207548426
 -0.000001002279   0.000008364295  -0.000197438656
 -0.000001454420   0.000001440365   0.000009805356
 -0.000001198656   0.000002541488  -0.000004459425
 -0.000002862559   0.000003429118  -0.000016751568
 -0.000002038504   0.000001957785   0.000000576107
 -0.000000433594   0.000003995024  -0.000176870785
 -0.000020376503   0.000012844511   0.003959317755
 -0.000000380700  -0.000000445143  -0.000129707152
 -0.000004283231   0.000004763268   0.000875709114
   16    1  0.0080  0.0000  0.0000
 -0.000099003697   0.000294506308  -0.000001375465
 -0.000986964905  -0.001447955910  -0.000009384730
  0.010198075840  -0.021798313368   0.000102547550
  0.003676106851   0.001808213408   0.000023157626
  0.000133649507  -0.001278066435   0.000004188612
 -0.000053886347  -0.000066718497   0.000000014820
  0.095375982500  -0.085794826906   0.000471186666
  0.000358340020   0.000395998222  -0.000002704131
  0.000957079769   0.001997178238   0.000012959801
 -0.008131048499   0.010047496030  -0.000046491718
 -0.000701496968   0.001096764880  -0.000002944031
 -0.000096559340  -0.000341909679   0.000002703568
 -0.000206958825   0.000130236300  -0.000002250002
 -0.000260538030   0.000488899855  -0.000002747499
  0.000053219597  -0.000262170432  -0.000007263113
 -0.100769708952   0.093820129361  -0.000542195098
  0.000028917966   0.000014772200   0.000001005307
  0.000060779828   0.000848458698  -0.000001261273
  0.000408146097  -0.000018785195   0.000002352720
  0.000001638091   0.000064196425   0.000000206455
 -0.000030240191  -0.000109412223  -0.000002374601
 -0.000009635916  -0.000027668798   0.000000597464
  0.000008979443  -0.000022043191   0.000000162980
  0.000085126165   0.000161020709  -0.000000091908
   16    2  0.0000  0.0080  0.0000
 -0.000342618663  -0.000067876736  -0.000000668897
  0.001243447667  -0.000510301832   0.000013315895
 -0.000171049072  -0.001591284303  -0.000003581108
  0.000476885113  -0.001156118463  -0.000007438086
  0.000269632274   0.000178221440   0.000000269689
  0.000050270177  -0.000244191078   0.000001092714
 -0.085814078078   0.190908734955  -0.000742655418
  0.000394191805  -0.000078379979   0.000003656532
  0.003318490293   0.001566959095  -0.000004931922
 -0.011599087248   0.016751108071  -0.000092961670
 -0.001598514311  -0.000791671482   0.000004131024
  0.000297547519  -0.000067488374   0.000001520738
  0.000016749465  -0.000089957606   0.000000563055
 -0.001058148120   0.000574937978  -0.000005616500
  0.000857595399  -0.000269473935   0.000003159885
  0.093844281270  -0.205243175930   0.000831518447
 -0.000046766633  -0.000002699057  -0.000000621696
 -0.000265995351  -0.000276891008  -0.000000699404
 -0.000015350965   0.000002149838  -0.000000540865
 -0.000014340695  -0.000016159031  -0.000000090998
 -0.000106790969   0.000087628897   0.000001490449
  0.000038420651   0.000034555156  -0.000000430318
  0.000061468306  -0.000023890724   0.000000194637
  0.000163760165   0.000325264107  -0.000000676182
   16    3  0.0000  0.0000  0.0080
 -0.000000729595   0.000001518430   0.000126647496
 -0.000019330655   0.000005905215   0.002825127163
  0.000045615046  -0.000080130583  -0.002728267235
  0.000027618650  -0.000000782365  -0.004544511535
  0.000000315890  -0.000004153727  -0.000059047126
 -0.000000623172   0.000002049821   0.000098112932
  0.000475977898  -0.000751795404   0.025583075073
 -0.000002132491   0.000005228949   0.000777846349
  0.000009267649  -0.000008463770  -0.004544697814
  0.000009209994  -0.000014633293  -0.002728092738
 -0.000007154061   0.000016082975   0.002825408034
 -0.000001077391   0.000000664741   0.000126414181
 -0.000002295394   0.000001428787   0.000098076803
  0.000001922484  -0.000000721146  -0.000059152862
 -0.000001330176  -0.000000096627  -0.000195549155
 -0.000538736821   0.000825360527  -0.017419148544
  0.000000702202  -0.000000242930  -0.000175626452
  0.000001098994   0.000003932573  -0.000195562848
  0.000002266118  -0.000000904071  -0.000175488985
  0.000000288173   0.000000415716  -0.000031270542
 -0.000002087655   0.000000678414   0.000778259128
  0.000000416985  -0.000000295512  -0.000175654151
 -0.000000221562  -0.000000142865  -0.000031350532
  0.000001018889  -0.000000903856  -0.000175546640
   17    1  0.0080  0.0000  0.0000
  0.095943918180   0.087349007733   0.000003269551
  0.009961909958   0.022965065903  -0.000017170068
  0.003949461683  -0.001564396104   0.000041965577
  0.000483244033  -0.000209614017   0.000000499766
  0.000993752788  -0.002192376546   0.000021703537
 -0.008962948797  -0.011611427497   0.000006775692
 -0.000171854703   0.001123392100  -0.000002997640
 -0.000271539160  -0.000077675013  -0.000002792252
  0.000133333534  -0.000050887086   0.000001073240
  0.000451202164   0.000024418613  -0.000000937403
 -0.000084593266   0.000101332087  -0.000001047900
  0.000062444557   0.000074831482  -0.000000035646
  0.000073147191  -0.000047919875   0.000000370035
 -0.000063312344  -0.000052167148   0.000000109640
  0.000004736307  -0.000011374488   0.000000807089
  0.000030741138  -0.000045908314  -0.000003829464
 -0.100824369423  -0.095538289678  -0.000026856210
 -0.000903494844  -0.000290024351  -0.000015286021
 -0.000259010979  -0.000615028719   0.000001728587
 -0.000582200482   0.000572491988  -0.000009312139
  0.000011149641   0.000061221408   0.000000195885
  0.000017248103   0.000015164347   0.000000571494
  0.000008581608   0.000008163004   0.000000643413
 -0.000001546886   0.000012000172   0.000000551239
   17    2  0.0000  0.0080  0.0000
  0.087857959583   0.196725457415  -0.000151347353
 -0.000530058029  -0.002638307296  -0.000002864957
 -0.000663316656  -0.001235004309  -0.000017781024
 -0.000520737455  -0.000289667217   0.000000349737
 -0.003231690561   0.002128686841  -0.000026506586
  0.011762767157   0.015030241827  -0.000004784512
  0.000061546595   0.000105172481  -0.000000847314
  0.000175262467   0.000033245165   0.000001784829
 -0.000109368045   0.000024540497  -0.000000784402
  0.000012035261  -0.000130615512   0.000002176141
  0.000020291879   0.000041984523   0.000000044494
  0.000038491480  -0.000040069394  -0.000000094144
 -0.000024548867   0.000029969546  -0.000000205028
  0.000045081119   0.000005340644  -0.000000118202
  0.000007670279  -0.000003712837  -0.000000029150
  0.000016396092   0.000001108504  -0.000000516989
 -0.095581645792  -0.209200402577   0.000182941579
  0.000278020897  -0.000624886968   0.000013288715
  0.000590128392   0.000818775130  -0.000000551250
 -0.000199327959  -0.000783823157   0.000006314930
 -0.000018123947  -0.000021821591  -0.000000189308
  0.000009543010   0.000005436455  -0.000000096493
  0.000007848884   0.000011658943  -0.000000055576
 -0.000004225783   0.000006692886  -0.000000128136
   17    3  0.0000  0.0000  0.0080
  0.000016825442  -0.000101331804   0.027229845319
  0.000017013789   0.000107087903  -0.002991407669
  0.000021679487  -0.000079940644  -0.006947983445
 -0.000024252839  -0.000079811452   0.000559605206
 -0.000006742999  -0.000088490426  -0.003531671986
 -0.000042056139  -0.000130170933  -0.001922863557
 -0.000017130208  -0.000036804320  -0.000236555915
 -0.000032805384   0.000005545205   0.000499099489
  0.000029039816  -0.000008150837  -0.000085826230
  0.000017297204  -0.000052419549   0.000702629310
  0.000019764811  -0.000018352667   0.000070135983
  0.000019427771   0.000003699132  -0.000080303270
  0.000036763566   0.000029705856   0.000020379584
  0.000029266746   0.000048164451  -0.000062227329
 -0.000003949762   0.000012425613   0.000008426943
 -0.000010946078   0.000016591185  -0.000178050331
 -0.000016217461   0.000223346949  -0.018699850927
 -0.000029918262   0.000041218212   0.003956258965
 -0.000015612547   0.000007078371  -0.000131494815
  0.000014680606   0.000014102758   0.001854215930
 -0.000018497258   0.000032684166  -0.000034345558
  0.000000293831   0.000011366534  -0.000011489029
  0.000000832914   0.000013367682   0.000014271034
 -0.000004757044   0.000029088615  -0.000000797703
   18    1  0.0080  0.0000  0.0000
  0.009858473536  -0.022821804857   0.000112921231
  0.095310111590  -0.086486167697   0.000473100207
 -0.007939515818   0.010271462473  -0.000047649901
  0.001094737124   0.002012537599   0.000009930234
  0.000295621244   0.000362678469  -0.000003272024
  0.003848307081   0.001558205319   0.000031572822
 -0.000782022977   0.000955870725  -0.000012807842
 -0.000306519903   0.000516973539  -0.000002329655
 -0.000183927104   0.000057392921  -0.000000680817
 -0.000159255035  -0.000290638734  -0.000000335882
  0.000069633972  -0.000010331990   0.000000908152
 -0.000029635048  -0.000062809015   0.000000368366
 -0.000040511945   0.000031654259   0.000000130050
  0.000034419266   0.000032869921   0.000000450949
  0.000005177096   0.000005286550   0.000000382623
  0.000057517868  -0.000261815827   0.000001645667
 -0.000908862243   0.000278195261  -0.000020734744
 -0.100778784402   0.094869594160  -0.000547526527
 -0.000070473778  -0.000099153522  -0.000002979456
  0.000543497855  -0.001065713160   0.000005302060
  0.000082478597   0.000167301028   0.000000546391
 -0.000007049903  -0.000005370888   0.000000285774
 -0.000003753713  -0.000003141513   0.000000350082
  0.000010336641  -0.000013075020   0.000000422240
   18    2  0.0000  0.0080  0.0000
  0.000677519280  -0.002646005298   0.000000580253
 -0.086861585146   0.194036145721  -0.000752645647
 -0.011418398297   0.016202012328  -0.000089400706
  0.003278629778   0.001599545917  -0.000002752223
  0.000525933693  -0.000079966072   0.000003952314
  0.000277561936  -0.001336930213  -0.000012607123
 -0.001515770311  -0.000785075571   0.000002023922
 -0.001061273782   0.000561108489  -0.000005471400
 -0.000032759998  -0.000107337370   0.000000324075
  0.000398985550  -0.000143349125   0.000002145104
 -0.000069313718   0.000055799994  -0.000000691731
  0.000008019694   0.000052626253  -0.000000158225
  0.000072973158   0.000040585077   0.000000135320
  0.000055356702  -0.000082809809   0.000000342677
  0.000027536138  -0.000002255742   0.000000055346
  0.000845956140  -0.000264193547   0.000003080826
 -0.000289917060  -0.000620625792   0.000011291655
  0.094891158478  -0.206894425386   0.000838953895
 -0.000104301040   0.000050339404   0.000001848771
  0.000138517522   0.000012894902   0.000000058258
  0.000155713167   0.000337034270  -0.000000896253
  0.000008974352   0.000007810277  -0.000000001600
  0.000009361975   0.000009179520  -0.000000027592
 -0.000018878212  -0.000002108228  -0.000000139913
   18    3  0.0000  0.0000  0.0080
  0.000075728249  -0.000047880175  -0.003255403768
  0.000473342032  -0.000724691476   0.026600268807
  0.000015594547  -0.000063069060  -0.002241134404
  0.000000248294  -0.000090736315  -0.003607704021
 -0.000018381693  -0.000046133644   0.000731453729
  0.000049377936  -0.000036726280  -0.006365676712
 -0.000026170973  -0.000012268048   0.001955866148
 -0.000020659818  -0.000011015619  -0.000047076045
  0.000022851529  -0.000029424903   0.000071607444
  0.000004711647  -0.000068745862   0.000140231527
  0.000000503131  -0.000032647251  -0.000090469589
  0.000012560751  -0.000010937112   0.000000344810
  0.000033706374   0.000032298421   0.000017662779
  0.000014782295   0.000043204955  -0.000014235078
 -0.000011476887   0.000018290124  -0.000005617490
 -0.000021275339   0.000031705452  -0.000198030737
 -0.000010687814   0.000045316261   0.003957450313
 -0.000559410434   0.000867858728  -0.018205407467
 -0.000018120454   0.000020030075   0.000874447342
  0.000010820437   0.000006532864  -0.000130215932
 -0.000021592450   0.000037561779  -0.000178182328
  0.000002354551   0.000012438919   0.000008682192
  0.000001729790   0.000022159814  -0.000000713601
 -0.000010535702   0.000036878354  -0.000018147918
   20    1  0.0080  0.0000  0.0000
  0.009410256129   0.001537910508   0.000032520518
 -0.000475033913  -0.002434036405   0.000004824698
 -0.000443593489  -0.000023718054  -0.000006790076
 -0.000963197140   0.002066647327   0.000014475806
  0.009836537194  -0.000507197772   0.000046117864
  0.247433389824   0.003610615442   0.000754112042
  0.000002733389   0.000010622924  -0.000003386385
  0.000529453494  -0.000331463430   0.000004033540
  0.000016226985   0.000260503343  -0.000002295600
 -0.000013278665  -0.000021326784   0.000000533868
  0.000000654949   0.000015379797   0.000001253592
  0.000016381341   0.000014683943   0.000001420930
  0.000037171538   0.000058826445   0.000001807276
  0.000062998501  -0.000052785659   0.000001583819
  0.000010808095  -0.000014497031   0.000001679609
  0.000007057617  -0.000023484826   0.000001177799
 -0.000579451539  -0.000198789826  -0.000006897190
  0.000549423031   0.000130981909   0.000003491203
 -0.000693592329   0.000155988507  -0.000015006695
 -0.264770084956  -0.004311439379  -0.000841528896
 -0.000007532739   0.000035658220   0.000001942080
  0.000018549561   0.000000875064   0.000001647547
  0.000018424634   0.000007696169   0.000001730681
 -0.000004301512   0.000012349569   0.000001551972
   20    2  0.0000  0.0080  0.0000
 -0.021841869773  -0.003355052669  -0.000072044741
 -0.001402300020   0.003565465262  -0.000023912808
  0.000288180008   0.000608011363   0.000000741841
  0.001146725362   0.003664399748  -0.000024532520
  0.023012589958  -0.002553749099   0.000078776709
  0.003090825690   0.045337489563  -0.000038136541
 -0.000225310309  -0.000248592439   0.000001273333
  0.000720412255  -0.000604138019   0.000003519029
  0.000267712878   0.000302492657   0.000002000891
  0.000042856401   0.000175455434  -0.000000551747
 -0.000070335339  -0.000044479681  -0.000000290475
 -0.000006830931   0.000095333609  -0.000000204871
  0.000096898329  -0.000010412691   0.000000144911
  0.000025100373  -0.000101048547   0.000000545016
  0.000008873541  -0.000002253602   0.000000081294
  0.000067986388  -0.000016888500   0.000000192604
  0.000573333845  -0.000783038862   0.000009107455
 -0.001065688571   0.000006497020  -0.000004088831
 -0.000401758760  -0.000838303821   0.000011514557
 -0.004316178124  -0.045239097389   0.000056456788
 -0.000024885687   0.000035804515  -0.000000661966
  0.000002674875   0.000001249809   0.000000045421
  0.000015646742   0.000001402538   0.000000022479
 -0.000004659132   0.000003453801   0.000000002172
   20    3  0.0000  0.0000  0.0080
  0.000090339780   0.000014127169  -0.001918942522
  0.000014484056  -0.000025314558  -0.003527534054
 -0.000012083840   0.000003602211   0.000561001705
  0.000008395807  -0.000023701824  -0.006942213095
 -0.000006266414  -0.000007921868  -0.002985245328
  0.000759968063  -0.000045160995   0.027227051310
 -0.000002772442   0.000000502549   0.000496918417
 -0.000004026832  -0.000001571713  -0.000236533530
 -0.000007299400   0.000003376537   0.000701243345
 -0.000000597606  -0.000000571962  -0.000087613851
  0.000004258349  -0.000001448428  -0.000064130726
  0.000004090711   0.000000549409   0.000017913158
  0.000001835856   0.000002825260  -0.000083089374
 -0.000001347639   0.000003473718   0.000067663519
  0.000001579246  -0.000000974816  -0.000002736834
  0.000001053995  -0.000001478829  -0.000036003291
 -0.000006949660   0.000008936471   0.001853678237
  0.000006344171  -0.000000502420  -0.000132605361
 -0.000015263700   0.000012720751   0.003956634157
 -0.000839754279   0.000058628440  -0.018690655165
  0.000001148558  -0.000001324235  -0.000179888538
  0.000001468495   0.000000052846   0.000012178022
  0.000001077462   0.000000705512  -0.000013551403
  0.000000317262   0.000000470774   0.000006461201
