#  T(K)     E(eV/cell)    F(eV/cell)    Fc(eV/cell)   S(kB/cell)    Cv(kB/cell)
    0.00           NaN   10.81516115           NaN           NaN           NaN
   10.00   10.81527836   10.81512383    0.58330305    0.17932584    0.57815676
   20.00   10.81708016   10.81451100    0.99458069    1.49068035    4.06302865
   30.00   10.82261114   10.81219612    1.34092842    4.02868364    8.74415368
   40.00   10.83191568   10.80741544    1.64511057    7.10779135   12.66726109
   50.00   10.84413223   10.79992778    1.91793869   10.25936394   15.52364593
   60.00   10.85843460   10.78977261    2.16578063   13.27974180   17.55938276
   70.00   10.87424276   10.77709714    2.39284405   16.10458912   19.06092272
   80.00   10.89119452   10.76207431    2.60211953   18.72960833   20.24266390
   90.00   10.90907986   10.74486931    2.79584309   21.17303092   21.24627345
  100.00   10.92778677   10.72562819    2.97575036   23.45938614   22.16098611
  110.00   10.94726441   10.70447570    3.14322785   25.61299015   23.04229747
  120.00   10.96750016   10.68151662    3.29940883   27.65567473   23.92499967
  130.00   10.98850545   10.65683820    3.44523697   29.60627125   24.83129812
  140.00   11.01030728   10.63051272    3.58151027   31.48075749   25.77556482
  150.00   11.03294264   10.60259980    3.70891245   33.29260590   26.76703284
  160.00   11.05645485   10.57314840    3.82803582   35.05315233   27.81131767
  170.00   11.08089084   10.54219848    3.93939850   36.77192430   28.91130906
  180.00   11.10629906   10.50978252    4.04345754   38.45691620   30.06774237
  190.00   11.13272784   10.47592664    4.14061915   40.11481616   31.27961394
  200.00   11.16022400   10.44065172    4.23124667   41.75119395   32.54452055
  210.00   11.18883181   10.40397426    4.31566710   43.37065841   33.85895744
  220.00   11.21859213   10.36590715    4.39417624   44.97699146   35.21858710
  230.00   11.24954181   10.32646033    4.46704299   46.57326358   36.61848081
  240.00   11.28171329   10.28564137    4.53451280   48.16193448   38.05333211
  250.00   11.31513432   10.24345596    4.59681070   49.74494128   39.51764095
  260.00   11.34982791   10.19990830    4.65414368   51.32377605   41.00586828
  270.00   11.38581230   10.15500148    4.70670277   52.89955403   42.51256212
  280.00   11.42310113   10.10873777    4.75466489   54.47307347   44.03245713
  290.00   11.46170359   10.06111887    4.79819428   56.04486816   45.56055013
