 10.          1.27777535 
 20.          1.27777953 
 30.          1.27783823 
 40.          1.27802408 
 50.         1.2783603 
 60.          1.27884551 
 70.          1.27947825 
 80.          1.28026209 
 90.          1.28120454 
 100.           1.28231546 
 110.           1.28360569 
 120.           1.28508611 
 130.           1.28676693 
 140.           1.28865721 
 150.           1.29076452 
 160.           1.29309484 
 170.           1.29565255 
 180.           1.29844048 
 190.           1.30146007 
 200.           1.30471158 
 210.           1.30819423 
 220.           1.31190637 
 230.           1.31584572 
 240.           1.32000939 
 250.           1.32439413 
 260.           1.32899631 
 270.          1.3338121 
 280.           1.33883745 
 290.           1.34406823 
 300.           1.34950019 
