1 0.0011005182482246988
1 0.0004224695212733146
1 0.00027584979953941254
1 3.1194222369792543e-06
1 1.4069136734382135e-06
1 1.2719848281281852e-06
0 0.01398896584239401
0 0.032304998268336056
0 0.0487021421314186
0 0.054134281362032015
0 0.06617317853596583
0 0.08018146362622727
0 0.08295668488855579
0 0.08398232614196706
0 0.09455140129714378
0 0.09801202707612776
0 0.13778664836458124
0 0.1425364383870278
0 0.15903702596166874
0 0.1679399313002748
0 0.211755292023059
0 0.2160098049892786
0 0.43272880192872876
0 0.43276928389565755
