    3    9   27
 12.011  1.000 14.001
    1    1  0.0080  0.0000  0.0000
 -0.392576415686  -0.025962586498   0.102832075123
  0.121353332723   0.046383171332   0.009736524188
 -0.030619405536   0.017158639517   0.025192170567
  0.002195157952   0.000718037722  -0.001883917773
  0.005826983157   0.011939735156   0.009035581825
  0.046434764474  -0.019721492175  -0.028148387562
 -0.001933519021   0.001787367364   0.001161877166
  0.035087229248  -0.024648062754  -0.040979012732
  0.214231872688  -0.007654809664  -0.076946910802
    1    2  0.0000  0.0080  0.0000
 -0.026065470982  -0.388297875375  -0.246739864514
  0.064405488581   0.128370565635   0.044535821850
 -0.016918660298   0.026697890408   0.038298170295
 -0.001225991575  -0.000761139877   0.003117941335
 -0.002315514854  -0.001836761919  -0.002428505031
 -0.016104305662   0.142494529567   0.114777470532
  0.001951211308   0.003435397273   0.004869688925
 -0.014999318567   0.022560347734   0.034533537992
  0.011272562049   0.067337046554   0.009035738617
    1    3  0.0000  0.0000  0.0080
  0.102763681935  -0.246788842329  -0.365699183201
  0.025835955858   0.052314145155   0.083363254034
 -0.005366448878   0.023568924661   0.015514101109
 -0.003625726048   0.002278125765  -0.000044242756
 -0.003734449466  -0.008569147715  -0.004072906232
 -0.024918380574   0.116355685906   0.137074149196
  0.001312710021   0.004944966788   0.000923496611
 -0.032330906003   0.038715895972   0.039863282090
 -0.059936436845   0.017180245796   0.093078049148
    2    1  0.0080  0.0000  0.0000
  0.121355407290   0.064379782983   0.025840638486
 -0.581339847121  -0.077052517834   0.145046031742
  0.128950947205  -0.046896458793  -0.077480949965
 -0.009250872611   0.003312700140   0.006559359678
  0.241561875295   0.039927885497  -0.060230502173
 -0.007268808909  -0.005144834948  -0.001733524205
  0.003263983739   0.003805658561   0.001006984384
  0.053632278119   0.009256642791  -0.019100503332
  0.049095036992   0.008411141603  -0.019907534615
    2    2  0.0000  0.0080  0.0000
  0.046375302123   0.128364990622   0.052317131466
 -0.077024535694  -0.272957505704  -0.134780930893
 -0.032778416805   0.111575028044   0.072247552852
 -0.009496321727   0.002194016984   0.006858053339
  0.038510476495   0.039694575919   0.001740742287
  0.008276456493   0.004733448505   0.001206163451
  0.003238508532   0.000269883237   0.000867729324
 -0.020776343630  -0.006875359256   0.011642629890
  0.043674874213  -0.006999078352  -0.012099071717
    2    3  0.0000  0.0000  0.0080
  0.009706443665   0.044524232279   0.083312039860
  0.144980866629  -0.134752047426  -0.268623685091
 -0.064828443482   0.078332942114   0.144833696992
 -0.004893889063   0.001337465959   0.002423672946
 -0.061422936314   0.001147400701   0.046726221254
  0.010287804804   0.007000062302   0.001232180391
  0.000512763084   0.000625991601  -0.001916952512
 -0.046020328972  -0.001333690922   0.008795038920
  0.011677719650   0.003117643392  -0.016782212760
    3    1  0.0080  0.0000  0.0000
 -0.030625342515  -0.016922108344  -0.005343132156
  0.128924352372  -0.032788336704  -0.064859671190
 -0.387436576165  -0.083918698597   0.054725295544
  0.052626150772   0.043509296739   0.024224207727
  0.004379349465  -0.012604083587  -0.012651865577
  0.002808533853   0.002468830243  -0.000464640424
  0.006991830862   0.005097524267   0.004138251395
  0.192373938605   0.060265703820  -0.012717674801
  0.029957762750   0.034891872163   0.012949229482
    3    2  0.0000  0.0080  0.0000
  0.017185618070   0.026697214336   0.023565871782
 -0.046861526150   0.111563826603   0.078329103917
 -0.083972661069  -0.417221944809  -0.260052921523
  0.039216511521   0.165262908732   0.114619493988
  0.002576774877  -0.004652701618  -0.006371858087
  0.003353735495   0.000264913967   0.001821736963
 -0.010533126469  -0.004419624855  -0.004803756740
  0.059723586286   0.089210456880   0.020243078045
  0.019311087440   0.033294950765   0.032649251656
    3    3  0.0000  0.0000  0.0080
  0.025154373529   0.038279522616   0.015532143545
 -0.077502628069   0.072266032330   0.144855737613
  0.054759142423  -0.260096681038  -0.343063702788
  0.020374416774   0.112739132658   0.110623796479
  0.000942367413   0.000171879781   0.000971057100
  0.000329384154   0.002208532518  -0.001544065310
 -0.009869232896  -0.011546287684  -0.000063421902
 -0.013193053221   0.020059331075   0.061500352111
 -0.000994770108   0.025918537744   0.011188103152
    4    1  0.0080  0.0000  0.0000
  0.002153972725  -0.001263983342  -0.003615051110
 -0.009221005449  -0.009519116372  -0.004897008980
  0.052632413226   0.039188073413   0.020320224980
 -0.049833170059  -0.048147395532  -0.028043949405
  0.000271114125   0.000181044252   0.000921223510
 -0.000877049426  -0.000375406266  -0.000236730520
 -0.000030948611  -0.000570901065  -0.000015811635
  0.001494731933   0.018362381917   0.017041734250
  0.003409941538   0.002145302995  -0.001474631090
    4    2  0.0000  0.0080  0.0000
  0.000740736061  -0.000746815459   0.002265822416
  0.003315733883   0.002158195727   0.001286739744
  0.043496431787   0.165303206167   0.112799400013
 -0.048158173298  -0.172095175300  -0.120052472195
 -0.000555728249   0.000844116036  -0.000844975231
  0.000327529891  -0.000127506081   0.000288006698
  0.000073551801   0.000611733732  -0.000515213923
 -0.000542764917   0.005923904832   0.003021082832
  0.001302683041  -0.001871659655   0.001751609647
    4    3  0.0000  0.0000  0.0080
 -0.001817747097   0.003144928259  -0.000030885951
  0.006577591107   0.006808994853   0.002383507604
  0.024210152482   0.114626095889   0.110660581960
 -0.028041301620  -0.120036050836  -0.110295228211
  0.000278141700  -0.001154256107   0.000901150861
  0.000410633423   0.000598970174  -0.000247532384
  0.000576904596  -0.000234305694   0.000691325518
  0.000041990810  -0.005135806838  -0.001810856226
 -0.002236365402   0.001381430300  -0.002252063171
    5    1  0.0080  0.0000  0.0000
  0.005793414285  -0.002351699663  -0.003730649860
  0.241590435563   0.038525435753  -0.061474719934
  0.004332177509   0.002568709581   0.000962476004
  0.000285733150  -0.000550427438   0.000253712059
 -0.253313169205  -0.041234126680   0.065425683217
  0.000158207416  -0.000069299029   0.000484960338
 -0.000101165394   0.000474324316  -0.000234247229
  0.000177704411   0.000815844210  -0.000831401555
  0.001076662265   0.001821238950  -0.000855813039
    5    2  0.0000  0.0080  0.0000
  0.011867384855  -0.001839893340  -0.008581227656
  0.039883142757   0.039728669236   0.001142048689
 -0.012573599527  -0.004627083919   0.000158212067
  0.000184155263   0.000836121639  -0.001165241136
 -0.041227023990  -0.034655750687   0.001254875253
 -0.000809402309   0.000500107059  -0.000471587449
 -0.000244112187  -0.001137208478   0.000553723861
 -0.001355763007   0.000657326213   0.004265830949
  0.004275218143   0.000537712276   0.002843365421
    5    3  0.0000  0.0000  0.0080
  0.008991559796  -0.002430278879  -0.004037947595
 -0.060165100481   0.001760467529   0.046771328699
 -0.012582390375  -0.006381218746   0.000963729762
  0.000913657445  -0.000850308515   0.000892376814
  0.065395066610   0.001235281774  -0.043296349163
 -0.000193954447  -0.000793897307   0.000788655566
 -0.000891765384   0.000237820906  -0.001038606776
 -0.002793786537   0.003316969181   0.000726308475
  0.001326713373   0.003905164057  -0.001769495781
    6    1  0.0080  0.0000  0.0000
  0.046486585356  -0.016097830826  -0.024882978145
 -0.007248147377   0.008235215198   0.010281239578
  0.002818729135   0.003337303445   0.000329988405
 -0.000870715283   0.000313959256   0.000381637658
  0.000140596055  -0.000826006411  -0.000227853314
 -0.046810084399   0.023980454294   0.033900814772
 -0.000591109732  -0.000717098500  -0.001110190347
  0.003914441738  -0.000565940018  -0.004286664571
  0.002159704508  -0.017660056436  -0.014385994035
    6    2  0.0000  0.0080  0.0000
 -0.019714505022   0.142513301607   0.116329873248
 -0.005149038599   0.004708061262   0.006956254053
  0.002418710974   0.000283346306   0.002224238500
 -0.000391546840  -0.000137220445   0.000596832239
 -0.000082724590   0.000506080739  -0.000780437309
  0.023961975484  -0.145009960944  -0.124182004623
  0.000357991020  -0.000819422718   0.000591390037
  0.001382775758  -0.003105444962   0.000991453252
 -0.002783638184   0.001061259157  -0.002727599398
    6    3  0.0000  0.0000  0.0080
 -0.028168248462   0.114764393091   0.137087752774
 -0.001730192647   0.001207893123   0.001250091051
 -0.000499486293   0.001815805671  -0.001522800129
 -0.000244674450   0.000294441035  -0.000242273596
  0.000480499765  -0.000455421435   0.000805091232
  0.033923229792  -0.124204092753  -0.143801972699
 -0.000140659854   0.001059623889  -0.000638352788
 -0.002545560141   0.001839713831  -0.002135013546
 -0.001074907710   0.003677643548   0.009197477701
    7    1  0.0080  0.0000  0.0000
 -0.001951635127   0.001954028356   0.001323977522
  0.003292491362   0.003204124543   0.000479626106
  0.006943028928  -0.010577445667  -0.009872471746
 -0.000000703454   0.000040494729   0.000529596183
 -0.000101466430  -0.000276868012  -0.000909773886
 -0.000571358757   0.000352334293  -0.000173855940
 -0.233713916024   0.051084521876   0.143074004085
  0.232297570907  -0.043917086633  -0.139406649544
 -0.006194011405  -0.001864103484   0.004955547220
    7    2  0.0000  0.0080  0.0000
  0.001733924186   0.003440698752   0.004955076169
  0.003827075137   0.000251009862   0.000598514154
  0.005081529005  -0.004396541830  -0.011526386306
 -0.000572426547   0.000589309303  -0.000247427445
  0.000484052649  -0.001141272524   0.000235692469
 -0.000708824747  -0.000829389234   0.001043042933
  0.051063704085  -0.050874834115  -0.060215322953
 -0.040653903833   0.046752012120   0.059051448690
 -0.020255129936   0.006209007666   0.006105362289
    7    3  0.0000  0.0000  0.0080
  0.001109122924   0.004855897607   0.000937308834
  0.001034452248   0.000882421551  -0.001924214372
  0.004168143556  -0.004757940319  -0.000043846720
 -0.000029039193  -0.000508116739   0.000697362983
 -0.000235570716   0.000570830907  -0.001026351312
 -0.001111560710   0.000595252183  -0.000640842966
  0.143023571451  -0.060225912922  -0.123841065339
 -0.136444738546   0.060449923002   0.113399427090
 -0.011514381013  -0.001862355271   0.012442221801
    8    1  0.0080  0.0000  0.0000
  0.035084454473  -0.015002274910  -0.032349099809
  0.053635312090  -0.020777171403  -0.046010833266
  0.192402553419   0.059801341973  -0.013152743548
  0.001519458826  -0.000462867413   0.000120635058
  0.000232133444  -0.001301509364  -0.002777002495
  0.003910438023   0.001350091784  -0.002606575837
  0.232388282189  -0.040665782937  -0.136601204261
 -0.593258580096  -0.018262510374   0.214800013089
  0.074085947632   0.035320682645   0.018576811069
    8    2  0.0000  0.0080  0.0000
 -0.024629067288   0.022579163623   0.038707231512
  0.009282264876  -0.006875264524  -0.001325936169
  0.060189948161   0.089185343227   0.020038996010
  0.018379781982   0.005970485394  -0.005070063173
  0.000814948356   0.000639920307   0.003340792980
 -0.000535781480  -0.003096981357   0.001857488196
 -0.043892156139   0.046718465973   0.060505179185
 -0.018190634293  -0.265866235132  -0.178627821763
 -0.001419304174   0.110745102488   0.060574133222
    8    3  0.0000  0.0000  0.0080
 -0.040960171371   0.034562563220   0.039870069614
 -0.019095400694   0.011646066223   0.008807068223
 -0.012688173893   0.020258916567   0.061458769361
  0.017010103855   0.003063811335  -0.001811089294
 -0.000871639283   0.004253641601   0.000712494559
 -0.004281514535   0.001046476540  -0.002119736189
 -0.139478395953   0.059108566319   0.113433029011
  0.214700348849  -0.178638065068  -0.310397814926
 -0.014335156974   0.044698023263   0.090047209642
    9    1  0.0080  0.0000  0.0000
  0.214120738236   0.011247101661  -0.059986312653
  0.049114323748   0.043691140668   0.011669749493
  0.029918636700   0.019312374011  -0.000979226247
  0.003414482414   0.001322192991  -0.002214294727
  0.001086428879   0.004256354632   0.001314095172
  0.002194295574  -0.002759604571  -0.001079070216
 -0.006177480559  -0.020255883615  -0.011527337759
  0.074125336543  -0.001479125080  -0.014408902512
 -0.367796761534  -0.055334550699   0.077211299450
    9    2  0.0000  0.0080  0.0000
 -0.007629705045   0.067335470266   0.017207834469
  0.008399133800  -0.006989558888   0.003134309694
  0.034849723970   0.033315382219   0.025942883006
  0.002139397941  -0.001859992054   0.001411793083
  0.001851342327   0.000561449894   0.003916518284
 -0.017701341807   0.001041778818   0.003721273747
 -0.001908170800   0.006200713400  -0.001806513396
  0.035371078474   0.110739687411   0.044645334175
 -0.055371458861  -0.210344931065  -0.098173433061
    9    3  0.0000  0.0000  0.0080
 -0.076823669997   0.009095198075   0.093084277139
 -0.019943299461  -0.012123531955  -0.016776637892
  0.012957300413   0.032670312332   0.011239716392
 -0.001476032012   0.001759673401  -0.002231263712
 -0.000840603125   0.002861899030  -0.001753766645
 -0.014462847934  -0.002738371582   0.009222603586
  0.004904642948   0.006101656325   0.012505493604
  0.018549405490   0.060487965558   0.090007977857
  0.077135103678  -0.098114801185  -0.195298400329
