#  T(K)     E(eV/cell)    F(eV/cell)    Fc(eV/cell)   S(kB/cell)    Cv(kB/cell)
   10.00   15.38509159   15.38484596    0.85994520    0.28504515    0.90530257
   20.00   15.38756984   15.38394694    1.46185567    2.10208914    5.38608992
   30.00   15.39500300   15.38076309    1.96637253    5.50821114   12.04988889
   40.00   15.40838137   15.37416318    2.40764185    9.92708209   18.90080786
   50.00   15.42729121   15.36352575    2.80188072   14.79925937   24.78452853
   60.00   15.45074173   15.34863672    3.15864082   19.74787094   29.44403607
   70.00   15.47772823   15.32952863    3.48423356   24.56820673   33.02985256
   80.00   15.50743055   15.30635828    3.78314472   29.16665643   35.78841731
   90.00   15.53923765   15.27933368    4.05872831   33.51157650   37.94982666
  100.00   15.57271906   15.24867465    4.31358773   37.60356352   39.70201146
  110.00   15.60758809   15.21459281    4.54980272   41.45902821   41.19170617
  120.00   15.64366915   15.17728220    4.76907318   45.10135694   42.53122315
  130.00   15.68087105   15.13691550    4.97281457   48.55618165   43.80516854
  140.00   15.71916562   15.09364329    5.16222391   51.84886440   45.07596530
  150.00   15.75857050   15.04759489    5.33832672   55.00319460   46.38826348
  160.00   15.79913550   14.99888006    5.50201148   58.04076445   47.77250691
  170.00   15.84093159   14.94759097    5.65405536   60.98073093   49.24787103
  180.00   15.88404230   14.89380438    5.79514393   63.83979972   50.82470942
  190.00   15.92855703   14.83758363    5.92588647   66.63233484   52.50659459
  200.00   15.97456598   14.77898066    6.04682802   69.37053576   54.29201030
  210.00   16.02215634   14.71803774    6.15845905   72.06464649   56.17574002
  220.00   16.07140961   14.65478909    6.26122327   74.72317438   58.14999104
  230.00   16.12239981   14.58926226    6.35552399   77.35310505   60.20529079
  240.00   16.17519233   14.52147936    6.44172944   79.96010562   62.33118972
  250.00   16.22984334   14.45145812    6.52017711   82.54871164   64.51680262
  260.00   16.28639958   14.37921279    6.59117748   85.12249599   66.75121663
  270.00   16.34489849   14.30475491    6.65501714   87.68421918   69.02379114
  280.00   16.40536855   14.22809391    6.71196141   90.23596156   71.32437097
  290.00   16.46782972   14.14923772    6.76225667   92.77923857   73.64343096
  300.00   16.53229409   14.06819314    6.80613230   95.31510040   75.97216702
