#  T(K)     E(eV/cell)    F(eV/cell)    Fc(eV/cell)   S(kB/cell)    Cv(kB/cell)
   10.00   12.94643339   12.94636731    0.66316629    0.07667757    0.29025934
   20.00   12.94758847   12.94602360    1.13997134    0.90797092    2.73922429
   30.00   12.95125730   12.94455117    1.54643550    2.59403370    5.65370427
   40.00   12.95706212   12.94148881    1.90722020    4.51799334    7.67133825
   50.00   12.96427819   12.93678400    2.23403795    6.38109774    8.99142115
   60.00   12.97245759   12.93053063    2.53378729    8.10898608    9.95522956
   70.00   12.98139891   12.92284587    2.81102652    9.70679525   10.78699815
   80.00   12.99104514   12.91383114    3.06899544   11.20032235   11.60403828
   90.00   13.00140866   12.90356472    3.31011642   12.61583062   12.45635294
  100.00   13.01252792   12.89210432    3.53626971   13.97449330   13.35883153
  110.00   13.02444675   12.87949178    3.74895738   15.29202174   14.31152784
  120.00   13.03720676   12.86575739    3.94940714   16.57979358   15.31038254
  130.00   13.05084607   12.85092302    4.13864130   17.84612742   16.35187236
  140.00   13.06540060   12.83500434    4.31752438   19.09729524   17.43437736
  150.00   13.08090564   12.81801220    4.48679704   20.33822039   18.55804539
  160.00   13.09739715   12.79995366    4.64710097   21.57292075   19.72413130
  170.00   13.11491239   12.78083258    4.79899748   22.80477391   20.93428045
  180.00   13.13348998   12.76065014    4.94298169   24.03666877   22.18994512
  190.00   13.15316958   12.73940520    5.07949366   25.27108933   23.49198352
  200.00   13.17399122   12.71709466    5.20892703   26.51016086   24.84043003
  210.00   13.19599458   12.69371369    5.33163604   27.75567699   26.23440402
  220.00   13.21921819   12.66925610    5.44794114   29.00911884   27.67212055
  230.00   13.24369867   12.64371452    5.55813362   30.27167194   29.15097011
  240.00   13.26947009   12.61708069    5.66247943   31.54424392   30.66764040
  250.00   13.29656340   12.58934567    5.76122231   32.82748411   32.21825935
  260.00   13.32500604   12.56050008    5.85458651   34.12180495   33.79854418
  270.00   13.35482163   12.53053428    5.94277900   35.42740506   35.40394572
  280.00   13.38602980   12.49943852    6.02599142   36.74429307   37.02978111
  290.00   13.41864613   12.46720313    6.10440171   38.07231174   38.67135064
  300.00   13.45268219   12.43381865    6.17817551   39.41116154   40.32403678
