    3   12   36
 12.011  1.000 16.000
    1    1  0.0080  0.0000  0.0000
 -0.276104436800  -0.070983274455  -0.046757274315
  0.025400325962   0.036127781616   0.009754627776
 -0.024077727556  -0.009336678026   0.009618630843
 -0.001981752339  -0.000537166477   0.000390877523
  0.048318633579  -0.017848713307   0.044763337419
  0.053731919648   0.059361630070  -0.007721645875
  0.000881945223   0.003798088121   0.000142645044
  0.001865718336   0.001592454914  -0.000490173257
 -0.001747302619  -0.006547915886   0.000013950022
  0.102517428365   0.002735407486   0.013671098912
  0.017455776472  -0.009939002379  -0.010669573499
  0.053739471730   0.011577388324  -0.012716500594
    1    2  0.0000  0.0080  0.0000
 -0.071005515232  -0.492672058008   0.062312530706
  0.037675846295  -0.003580057929  -0.004139297818
 -0.002444918215   0.037514566799   0.029278723482
  0.001792308600   0.005292380821   0.000194949996
 -0.015963215020   0.079429989474  -0.062845647998
  0.054931218912   0.221448360949  -0.032359739043
  0.002269073284   0.002970925559  -0.000603537999
 -0.001206386675  -0.002119773373   0.001752084767
  0.001254967147   0.000655769630   0.000965093695
 -0.008295651634   0.077339568165  -0.004674113277
 -0.008773840412  -0.000608190260   0.003835855273
  0.009766112949   0.074328518174   0.006283098216
    1    3  0.0000  0.0000  0.0080
 -0.046777310225   0.062320161456  -0.348931661599
  0.000270744303  -0.010595231648  -0.005708181282
  0.013220158250   0.020679140240   0.002660479980
  0.000185470547   0.000528442313  -0.000455471924
  0.043480090823  -0.066238559936   0.153906274536
 -0.004591861217  -0.024379082559   0.043627380043
 -0.000202670340  -0.002379178581  -0.000998880610
 -0.001991072932  -0.005782585473  -0.000629640833
 -0.001960629803  -0.000433580948   0.000206662781
  0.024283868553   0.001782826519   0.049402602211
 -0.011491604189   0.001741625644   0.005584290626
 -0.014425183769   0.022756022972   0.101336146070
    2    1  0.0080  0.0000  0.0000
  0.025381424279   0.037658211341   0.000232026617
 -0.512072505639   0.021603829367  -0.040885077630
  0.025267083235  -0.021803188714  -0.030763951348
  0.237985575679  -0.017341608881   0.032885162402
 -0.001468588539   0.001146777455  -0.000912522375
  0.004748307625  -0.000847928594  -0.000327370787
  0.004756202580   0.000756804676   0.000507188621
 -0.001461991625   0.000105783155  -0.001456958564
  0.063816675634  -0.022037262701   0.042173307223
  0.078816484275   0.000978508486  -0.000638627946
  0.078805600905  -0.000032888011  -0.001129342119
 -0.004574268409  -0.000187037578   0.000316165907
    2    2  0.0000  0.0080  0.0000
  0.036142096209  -0.003577803598  -0.010615488349
  0.021558591822  -0.256723107479   0.066265249743
 -0.028736308900  -0.011836577340   0.001753697496
 -0.012872539389   0.037250576287  -0.004632811578
 -0.006661733243   0.000378162490   0.000328665638
 -0.003184434250  -0.001433716258  -0.000299397974
  0.002272318694  -0.000891023854  -0.000354591790
  0.002889864681   0.001214690218   0.001085394667
 -0.023935998551   0.063934178182  -0.064621945109
  0.012092402255   0.101025487205  -0.014436278066
  0.001758755461   0.049266505348   0.014189060744
 -0.001323014789   0.021392628799   0.011338444579
    2    3  0.0000  0.0000  0.0080
  0.009764202613  -0.004146066711  -0.005716304005
 -0.040882939452   0.066259234472  -0.348965743540
 -0.024097974531  -0.004725278187   0.002681717032
  0.024315033243  -0.004623509258   0.043611221601
  0.001118911509   0.001667568566   0.000208654428
 -0.000564388790   0.000022707106  -0.000452339393
  0.002278264349  -0.000673564585  -0.000992138562
  0.006103125066  -0.000253427652  -0.000627478908
  0.045814493272  -0.064646394317   0.153913354926
 -0.010526912889  -0.021953613441   0.049428887363
 -0.015882689953   0.021746043239   0.101323006211
  0.002560875563   0.011326300770   0.005587162847
    3    1  0.0080  0.0000  0.0000
 -0.024072596352  -0.002428962516   0.013230020758
  0.025274437660  -0.028723312414  -0.024095526290
 -0.275806503227   0.078800843598   0.031275502626
 -0.001986448722  -0.000001376381   0.000680007381
  0.001859891715  -0.000508032642  -0.001595208486
  0.000866020701  -0.002286358339  -0.003030807656
  0.053568531343  -0.027524242424  -0.052907428518
  0.048291751029  -0.026530534832   0.040233947195
 -0.001750453383   0.003741136284   0.005377761234
  0.017461119351   0.014436843744   0.002070979231
  0.102552678672  -0.012884745686   0.005525720793
  0.053741571213   0.003908741607  -0.016764968268
    3    2  0.0000  0.0080  0.0000
 -0.009335864405   0.037525975309   0.020702791192
 -0.021801762139  -0.011867327601  -0.004751914153
  0.078757371805  -0.337658841136  -0.045960991040
 -0.001162002613   0.001776327625   0.002992397390
  0.002322086858  -0.002998446426  -0.005156252350
 -0.001123247427  -0.001078546233   0.000467424675
 -0.027531912665   0.075204662360   0.077658840700
 -0.026540187500   0.069084364487  -0.058982853553
  0.000902922673   0.000605565026  -0.000402013745
  0.014428354567   0.006147781226  -0.002992562301
 -0.015258680385   0.057246470423   0.015833921258
  0.006342921231   0.106012014942   0.000591211926
    3    3  0.0000  0.0000  0.0080
  0.009622034856   0.029272802935   0.002662549826
 -0.030766196429   0.001746710774   0.002678021799
  0.031260271574  -0.045957717121  -0.504150282648
 -0.001353679723   0.002656769276   0.003074776507
 -0.000147204925   0.002368752479   0.000258644979
 -0.001974567477   0.002235053059   0.003076159869
 -0.047492372805   0.069709352642   0.189982175843
  0.037973882181  -0.055642664788   0.164268146964
 -0.002148081356   0.001003589303   0.000256740435
  0.000612556599  -0.000906023881  -0.001203108230
  0.020670085092   0.009363854350   0.069540900817
 -0.016256727587  -0.015850479029   0.069555273838
    4    1  0.0080  0.0000  0.0000
 -0.002006803008   0.001803270756   0.000190929701
  0.237993979621  -0.012872530000   0.024317625746
 -0.002000794172  -0.001187299136  -0.001309033499
 -0.257907280674   0.011868801911  -0.022364101682
 -0.000068892020  -0.000066733788   0.000032471244
  0.000428093768  -0.000109437873  -0.000085266638
  0.000424505214   0.000138362264   0.000045212228
 -0.000065502595   0.000011827057   0.000079016328
  0.003957658967  -0.000820665123   0.001566747614
  0.009619708163   0.005811568225   0.001443414642
  0.009574830752  -0.004519399817  -0.003980627476
  0.000050495984  -0.000057764475   0.000063611792
    4    2  0.0000  0.0080  0.0000
 -0.000545877022   0.005291699125   0.000534698711
 -0.017344765520   0.037292290706  -0.004619659645
 -0.000003793102   0.001768547837   0.002656747107
  0.011845538753  -0.047041713692  -0.001299868999
  0.000271483504  -0.000092644623   0.000136057953
  0.001360105614  -0.000072246388  -0.000053234424
 -0.000837134006  -0.000180112589   0.000149003019
  0.000279682621  -0.000091676296   0.000094428464
 -0.009967256757  -0.001927269738  -0.001588076987
  0.030807873846   0.005053736413   0.003058402566
 -0.015946352516   0.001439329658   0.001712538321
  0.000080494585  -0.001439940413  -0.000781036087
    4    3  0.0000  0.0000  0.0080
  0.000395617102   0.000194413194  -0.000454065964
  0.032866020176  -0.004666596231   0.043617413173
  0.000680565152   0.002998253435   0.003078713380
 -0.022358481184  -0.001286254858  -0.045183634748
 -0.000518588145   0.000095368803  -0.000249033819
  0.000084172445   0.000065245820  -0.000241013073
 -0.001061310688   0.000023550473  -0.000128521321
 -0.000513195663   0.000135572578  -0.000248164397
  0.019100006571  -0.001611909224   0.000269465627
 -0.002028969912  -0.000842640847  -0.001904268939
 -0.026500426595   0.005670309984   0.001789150585
 -0.000145409257  -0.000775313126  -0.000346040503
    5    1  0.0080  0.0000  0.0000
  0.048341421468  -0.015967502970   0.043435262515
 -0.001468338615  -0.006670153745   0.001133613381
  0.001862162820   0.002325027243  -0.000146617923
 -0.000078418366   0.000264413833  -0.000517629384
 -0.064714263560   0.026111316408  -0.048102476339
 -0.004824440408   0.002603436238  -0.005472320574
  0.000007324089  -0.000038907854   0.000055520324
  0.000000857342  -0.000158016535   0.000589687067
 -0.000591685166   0.001192212642  -0.000911791030
  0.027801792059  -0.008840177016   0.021775218960
 -0.001179914393   0.001063013994   0.000611908884
 -0.005156497270  -0.001884662238  -0.012450375880
    5    2  0.0000  0.0080  0.0000
 -0.018120967324   0.079316629393  -0.066061635421
  0.001172698226   0.000467293577   0.001686447336
 -0.000495527336  -0.003093075757   0.002361753231
 -0.000035848094  -0.000073496409   0.000073115993
  0.026200314315  -0.074911022289   0.065392491388
 -0.006549218653   0.006833779339  -0.018356583255
 -0.000025741938   0.000013442241  -0.000180681690
 -0.000380901543  -0.000466536065  -0.000514212816
 -0.000088600640  -0.000996177441   0.000048372788
 -0.003612615457  -0.003800284719  -0.000704322993
  0.000430541744   0.000223425182  -0.000736504491
  0.001505866701  -0.003513977053   0.016991759929
    5    3  0.0000  0.0000  0.0080
  0.044797053825  -0.062823955160   0.153948784396
 -0.000922853480   0.000332253313   0.000218137394
 -0.001584663646  -0.005181275038   0.000252395415
  0.000035069743   0.000134028958  -0.000240921451
 -0.048125081901   0.065444870301  -0.179459904950
  0.000914127936  -0.002057506165   0.000288292800
 -0.000251416950   0.000398079918  -0.000426375201
  0.000478386896   0.001424820460  -0.001115566816
  0.000271242749   0.000879788873   0.000027489639
  0.004422222446  -0.002180421383  -0.002879605107
  0.001021965293   0.000348225720  -0.000374543139
 -0.001056052913   0.003281090203   0.029761817020
    6    1  0.0080  0.0000  0.0000
  0.053785722792   0.054872748729  -0.004616731311
  0.004737864079  -0.003188437636  -0.000552502586
  0.000881771929  -0.001116610968  -0.001972225380
  0.000409359195   0.001363312900   0.000086982609
 -0.004820887837  -0.006528560292   0.000812553004
 -0.067123688973  -0.062945036569   0.009387598652
 -0.000335485780  -0.000542884593  -0.000154751883
  0.000015707872   0.000240910847  -0.000098008262
 -0.000019814057   0.000244913857  -0.000117900716
  0.018137768006   0.027444277784  -0.003375760782
 -0.001222002210   0.000594054499   0.000696959745
 -0.004446315017  -0.010438688558  -0.000096213088
    6    2  0.0000  0.0080  0.0000
  0.059429780998   0.221497518618  -0.024334560738
 -0.000855213902  -0.001453022706   0.000010745497
 -0.002319099514  -0.001139377051   0.002228564986
 -0.000085321615  -0.000053602219   0.000065303952
  0.002621505563   0.006845811046  -0.002046477128
 -0.062955553949  -0.237719059227   0.020404684882
  0.000437541794   0.000598172344   0.000029509732
 -0.000012855646  -0.000164667694  -0.000041025032
 -0.000084846282  -0.000128783490   0.000015831713
  0.002364557107  -0.003498389741  -0.000214366476
  0.000459937188  -0.000163156303  -0.000355154308
  0.000999568257   0.015378556423   0.004236942919
    6    3  0.0000  0.0000  0.0080
 -0.007722012087  -0.032338068573   0.043705548392
 -0.000323021230  -0.000290495296  -0.000453878135
 -0.003033845691   0.000461312158   0.003073750584
 -0.000090115446  -0.000048111356  -0.000244355697
 -0.005480844946  -0.018358753010   0.000276284064
  0.009380051468   0.020385596160  -0.045229554199
  0.000369978749   0.001004539823  -0.000132540284
  0.000065764987   0.000532887197  -0.000251088261
  0.000105347704   0.000522857792  -0.000250395326
  0.001539952818   0.001595054361  -0.001898822593
  0.000784458154  -0.000141221965  -0.000351224925
  0.004404285519   0.026674402709   0.001756276382
    7    1  0.0080  0.0000  0.0000
  0.000868715646   0.002266985046  -0.000231157244
  0.004759262212   0.002268227545   0.002276873348
  0.053585389763  -0.027521324103  -0.047455622568
  0.000423241394  -0.000844573362  -0.001060817265
  0.000013211046  -0.000039406935  -0.000260939003
 -0.000341988250   0.000431434168   0.000371110987
 -0.066886983242   0.028196319193   0.056790887367
 -0.004809520180   0.003000708757   0.005889746200
 -0.000022757190  -0.000027712302  -0.000280324527
 -0.001230506985  -0.000908298255  -0.000079057318
  0.018084880589  -0.012950378769  -0.024485861742
 -0.004442944802   0.006128019016   0.008525161765
    7    2  0.0000  0.0080  0.0000
  0.003797526236   0.002972456844  -0.002364761400
  0.000739635737  -0.000913843435  -0.000675297508
 -0.027454971303   0.075287513522   0.069641867395
  0.000124157634  -0.000181621805   0.000031628224
 -0.000049492917   0.000004906644   0.000405729859
 -0.000555934876   0.000576380728   0.001010342661
  0.028155654639  -0.089104529430  -0.083339823577
  0.003002957385  -0.007156699240  -0.008618966663
 -0.000037563893   0.000034212962   0.000401987163
 -0.000891384996  -0.000508433135   0.000122718894
 -0.002736523199  -0.001745119579   0.000463737203
 -0.004094060448   0.020734775924   0.022920837747
    7    3  0.0000  0.0000  0.0080
  0.000137286937  -0.000605821322  -0.000985548200
  0.000509667642  -0.000349607464  -0.000984910582
 -0.052909973441   0.077669363461   0.189979504180
  0.000029603323   0.000148913669  -0.000115994038
  0.000045350741  -0.000157985934  -0.000421457184
 -0.000149817925   0.000025833047  -0.000116336934
  0.056816102701  -0.083383562430  -0.194034092084
 -0.005253809283   0.007713288473   0.014285992457
  0.000129693129  -0.000100467609  -0.000421215348
  0.000071141950  -0.000103377106   0.000029109106
 -0.001154137843  -0.001400786511  -0.003599657321
  0.001728892068   0.000544209727  -0.003615394052
    8    1  0.0080  0.0000  0.0000
  0.001841758125  -0.001180041447  -0.001889706555
 -0.001426214555   0.002843913133   0.006012611723
  0.048134005522  -0.026482938353   0.037896168717
 -0.000079551655   0.000296691015  -0.000516591432
  0.000007522696  -0.000361326949   0.000478736528
  0.000012708722   0.000027530559   0.000078921485
 -0.004819976527   0.003062530909  -0.005180485126
 -0.064648099290   0.024571901625  -0.048893829283
 -0.000600203255   0.000104887477  -0.001503480395
 -0.001187709308  -0.001121456034  -0.000528869581
  0.028005897033  -0.012844269474   0.019671555106
 -0.005240137509   0.011082577538  -0.005625031187
    8    2  0.0000  0.0080  0.0000
  0.001599591886  -0.002130030742  -0.005790053371
  0.000092198556   0.001204935401  -0.000251615494
 -0.026492566904   0.069133530621  -0.055605887844
  0.000006686636  -0.000086641248   0.000131434530
 -0.000167602087  -0.000461692803   0.001423049137
  0.000230427659  -0.000175924470   0.000523424733
  0.002992617155  -0.007160660422   0.007693567153
  0.024530780338  -0.083977758430   0.071681943872
 -0.000166333415   0.000132267569   0.000085570542
 -0.001112088528  -0.000323855856   0.000762607794
 -0.001589459881  -0.004529701434  -0.001699847451
  0.000075748587   0.028375531814  -0.018954193602
    8    3  0.0000  0.0000  0.0080
 -0.000491499464   0.001733895122  -0.000624624218
 -0.001429521685   0.001089385364  -0.000636979795
  0.040232760051  -0.058906757654   0.164331633022
  0.000075830212   0.000093142223  -0.000257211928
  0.000582286954  -0.000486205529  -0.001135255630
 -0.000117932576  -0.000039781795  -0.000255500858
  0.005894037372  -0.008635746106   0.014281071312
 -0.048939654884   0.071677221017  -0.170539316906
  0.000237953055  -0.000721104782  -0.001133484945
  0.000232759508  -0.000338812650   0.000199898635
  0.005575799504  -0.000177043604  -0.002113037165
 -0.001852818046  -0.005288191606  -0.002117191523
    9    1  0.0080  0.0000  0.0000
 -0.001718960998   0.001240577135  -0.001983553075
  0.063859304942  -0.023943750366   0.045799881811
 -0.001707604188   0.000907000652  -0.002134224918
  0.003934778277  -0.009981630676   0.019102514347
 -0.000594125753  -0.000099686231   0.000256576245
 -0.000029383547  -0.000095950472   0.000095425066
 -0.000030632100  -0.000027894529   0.000139285374
 -0.000599731539  -0.000147173888   0.000207243181
 -0.055944336440   0.022658043333  -0.043396055549
 -0.003860913952   0.008718469707  -0.007278360238
 -0.003900746791   0.000981396602  -0.011257617061
  0.000592352089  -0.000209401265   0.000448884817
    9    2  0.0000  0.0080  0.0000
 -0.006561234453   0.000644609488  -0.000424556785
 -0.022024789080   0.064012636659  -0.064443493770
  0.003725199406   0.000594012474   0.000969553549
 -0.000848450339  -0.001902357305  -0.001585898726
  0.001167359520  -0.001011618296   0.000867424062
  0.000226895005  -0.000153418619   0.000512700587
 -0.000052323823   0.000037101437  -0.000108392668
  0.000064239930   0.000133282304  -0.000747737231
  0.022629080177  -0.083830870391   0.068637964518
  0.003578764319   0.027875686633  -0.020523069875
 -0.002278855821  -0.004888345682   0.017676476143
  0.000374115158  -0.001510718703  -0.000830969804
    9    3  0.0000  0.0000  0.0080
  0.000017227600   0.000970156245   0.000214692752
  0.042201592331  -0.064608374936   0.153950789671
  0.005395685507  -0.000406618103   0.000253816113
  0.001579159529  -0.001597415689   0.000283109539
 -0.000921219923   0.000071390859   0.000019040180
 -0.000140542410   0.000015940413  -0.000244722369
 -0.000281607030   0.000383671202  -0.000427666196
 -0.001504441452   0.000080341581  -0.001121267642
 -0.043416957451   0.068668502198  -0.179456392207
  0.000430830915  -0.004943142502  -0.002869689653
 -0.002642660251   0.002195151982   0.029761825061
 -0.000717067364  -0.000829603248  -0.000363535251
   10    1  0.0080  0.0000  0.0000
  0.102575688484  -0.008285259733   0.024265177606
  0.078809570791   0.012044745320  -0.010537789224
  0.017456690408   0.014424445715   0.000617022988
  0.009593118844   0.030850985409  -0.002060288621
  0.027822695810  -0.003678106537   0.004449045257
  0.018146641991   0.002482373067   0.001545129172
 -0.001234187777  -0.000892734790   0.000072240869
 -0.001196881531  -0.001103799331   0.000208995495
 -0.003862390061   0.003580934433   0.000441816302
 -0.252298238959  -0.022319822801  -0.001633377133
 -0.023722107691   0.002382103217   0.009733621637
  0.027909399691  -0.029485863970  -0.027101594347
   10    2  0.0000  0.0080  0.0000
  0.002723117638   0.077334532417   0.001777760430
  0.001077418330   0.101064810564  -0.021966617251
  0.014400371652   0.006146506883  -0.000911582680
  0.005841699763   0.005079379147  -0.000858964912
 -0.008846244600  -0.003819498651  -0.002205681516
  0.027494686595  -0.003475327606   0.001596011897
 -0.000899805771  -0.000521977810  -0.000100871292
 -0.001111640146  -0.000318355259  -0.000305252120
  0.008750791609   0.027863381474  -0.004961812280
 -0.022319063645  -0.234853967717   0.002440855745
 -0.009216486903   0.038572387292   0.025304991671
 -0.017894844522  -0.013071870734   0.000191162306
   10    3  0.0000  0.0000  0.0080
  0.013677615164  -0.004651501037   0.049404935646
 -0.000660026399  -0.014490087774   0.049399570442
  0.002011257127  -0.002977972824  -0.001202514296
  0.001456148696   0.003059646392  -0.001917617507
  0.021790004494  -0.000733669158  -0.002886822314
 -0.003391890181  -0.000232187447  -0.001916852957
 -0.000077854461   0.000114415575   0.000022646776
 -0.000524015110   0.000768358371   0.000209641831
 -0.007275056702  -0.020560563322  -0.002882457885
 -0.001610919189   0.002468962455  -0.088594948957
  0.003681258061   0.029772815261   0.000177985424
 -0.029076521500   0.007461783509   0.000186433797
   11    1  0.0080  0.0000  0.0000
  0.017434198363  -0.008789253917  -0.011499900307
  0.078778177172   0.001707115093  -0.015845554816
  0.102607555978  -0.015195742902   0.020659753726
  0.009541253816  -0.015963602298  -0.026476567203
 -0.001186860602   0.000457224980   0.001034823812
 -0.001225319231   0.000448022709   0.000782330534
  0.018112969269  -0.002716284658  -0.001161727652
  0.027831249648  -0.001597876033   0.005550693959
 -0.003872370017  -0.002393112651  -0.002650006791
 -0.023706790088  -0.009233116345   0.003613562525
 -0.252349918869   0.014219142421   0.017320545538
  0.028035854560   0.039057483600   0.008672046677
   11    2  0.0000  0.0080  0.0000
 -0.009957511841  -0.000622692882   0.001752928442
 -0.000060378620   0.049246551994   0.021710398382
 -0.012854670438   0.057221655020   0.009354687998
 -0.004534620566   0.001417229104   0.005674381874
  0.001059537702   0.000234731629   0.000372743228
  0.000570735452  -0.000173613535  -0.000139856249
 -0.012966534176  -0.001782002394  -0.001389856284
 -0.012868351782  -0.004569386263  -0.000200492552
  0.000963417490  -0.004812963693   0.002211935599
  0.002366679931   0.038550690742   0.029784318225
  0.014259752323  -0.134032475492  -0.067839445465
  0.034021944524  -0.000677724230  -0.001291743196
   11    3  0.0000  0.0000  0.0080
 -0.010675817593   0.003825618874   0.005590569485
 -0.001182762442   0.014188953665   0.101258765159
  0.005559290731   0.015830967269   0.069540391510
 -0.003963126560   0.001714099119   0.001781824779
  0.000608782162  -0.000712387703  -0.000366148993
  0.000690581854  -0.000371910754  -0.000351135179
 -0.024510677777   0.000449387538  -0.003586876489
  0.019689138233  -0.001716424457  -0.002153430253
 -0.011287499013   0.017815142453   0.029793389989
  0.009713554070   0.025290511952   0.000174103483
  0.017341323271  -0.067747183186  -0.189336648731
 -0.001982786938  -0.008566774771  -0.012344804759
   12    1  0.0080  0.0000  0.0000
  0.053706142494   0.009768487991  -0.014391980853
 -0.004540723749  -0.001324985670   0.002526090317
  0.053677835139   0.006309496814  -0.016234912013
  0.000039266557   0.000083374732  -0.000157030341
 -0.005171268620   0.001485044452  -0.001078921565
 -0.004461190382   0.000964217416   0.004393235965
 -0.004451950555  -0.004096753400   0.001724822413
 -0.005161431609   0.000076519952  -0.001836053558
  0.000577060052   0.000377172629  -0.000720500125
  0.027925552471  -0.017887246701  -0.029083507624
  0.028016109813   0.034018628971  -0.001927329981
 -0.140155401610  -0.029773957185   0.056786087365
   12    2  0.0000  0.0080  0.0000
  0.011491395525   0.074288650349   0.022703327955
 -0.000148737276   0.021434470062   0.011354424662
  0.004042853795   0.106125823153  -0.015834857394
 -0.000032437588  -0.001451128369  -0.000792419930
 -0.001875085914  -0.003531767924   0.003266099265
 -0.010461261165   0.015394231455   0.026718163972
  0.006164796833   0.020774732479   0.000538263550
  0.011368217248   0.028398079760  -0.005251747992
 -0.000217895336  -0.001531551988  -0.000834879591
 -0.029423102010  -0.013039162443   0.007461335430
  0.038979860342  -0.000656305359  -0.008567997251
 -0.029888604454  -0.246206071174  -0.040759712677
   12    3  0.0000  0.0000  0.0080
 -0.012742013653   0.006278179604   0.101248184046
  0.000346248845   0.011326847666   0.005566824998
 -0.016799081859   0.000555054682   0.069560442313
  0.000091496887  -0.000773799820  -0.000354795836
 -0.012449416401   0.017022766200   0.029794244180
 -0.000139136378   0.004326041566   0.001763615353
  0.008524101394   0.022979134629  -0.003591684542
 -0.005601104102  -0.018956815294  -0.002151412506
  0.000439895243  -0.000823931008  -0.000368620152
 -0.027132060762   0.000185523163   0.000179458505
  0.008703302179  -0.001298225018  -0.012359751371
  0.056757768607  -0.040820776370  -0.189286504987
