            -4.95000             0.00000
            -4.85000             0.00000
            -4.75000             0.00000
            -4.65000             0.00000
            -4.55000             0.00000
            -4.45000             0.00000
            -4.35000             0.00000
            -4.25000             0.00000
            -4.15000             0.00000
            -4.05000             0.00000
            -3.95000             0.00000
            -3.85000             0.00000
            -3.75000             0.00000
            -3.65000             0.00000
            -3.55000             0.00000
            -3.45000             0.00000
            -3.35000             0.00000
            -3.25000             0.00000
            -3.15000             0.00000
            -3.05000             0.00000
            -2.95000             0.00000
            -2.85000             0.00000
            -2.75000             0.00000
            -2.65000             0.00000
            -2.55000             0.00000
            -2.45000             0.00000
            -2.35000             0.00000
            -2.25000             0.00000
            -2.15000             0.00000
            -2.05000             0.00000
            -1.95000             0.00000
            -1.85000             0.00000
            -1.75000             0.00000
            -1.65000             0.00000
            -1.55000             0.00000
            -1.45000             0.00000
            -1.35000             0.00000
            -1.25000             0.00000
            -1.15000             0.00000
            -1.05000             0.00000
            -0.95000             0.00000
            -0.85000             0.00000
            -0.75000             0.00000
            -0.65000             0.00000
            -0.55000             0.00098
            -0.45000             0.00098
            -0.35000             0.00137
            -0.25000             0.00157
            -0.15000             0.00137
            -0.05000             0.00039
             0.05000             0.00118
             0.15000             0.00196
             0.25000             0.00490
             0.35000             0.00686
             0.45000             0.01059
             0.55000             0.01118
             0.65000             0.01490
             0.75000             0.01471
             0.85000             0.01863
             0.95000             0.01882
             1.05000             0.02196
             1.15000             0.02608
             1.25000             0.02941
             1.35000             0.03745
             1.45000             0.03373
             1.55000             0.05294
             1.65000             0.03922
             1.75000             0.04020
             1.85000             0.03529
             1.95000             0.03294
             2.05000             0.03216
             2.15000             0.03490
             2.25000             0.06294
             2.35000             0.04059
             2.45000             0.03941
             2.55000             0.05451
             2.65000             0.04784
             2.75000             0.04549
             2.85000             0.05686
             2.95000             0.07235
             3.05000             0.05510
             3.15000             0.06255
             3.25000             0.03686
             3.35000             0.03686
             3.45000             0.06588
             3.55000             0.05902
             3.65000             0.03647
             3.75000             0.06196
             3.85000             0.03078
             3.95000             0.03490
             4.05000             0.03529
             4.15000             0.01902
             4.25000             0.03490
             4.35000             0.04706
             4.45000             0.05020
             4.55000             0.05196
             4.65000             0.05784
             4.75000             0.03275
             4.85000             0.00863
             4.95000             0.00000
             5.05000             0.00000
             5.15000             0.00000
             5.25000             0.00000
             5.35000             0.00039
             5.45000             0.01765
             5.55000             0.02941
             5.65000             0.01961
             5.75000             0.01725
             5.85000             0.01745
             5.95000             0.02078
             6.05000             0.02686
             6.15000             0.04020
             6.25000             0.03745
             6.35000             0.04588
             6.45000             0.07588
             6.55000             0.04020
             6.65000             0.00314
             6.75000             0.00000
             6.85000             0.00000
             6.95000             0.00000
             7.05000             0.00000
             7.15000             0.00000
             7.25000             0.00000
             7.35000             0.00000
             7.45000             0.00000
             7.55000             0.00000
             7.65000             0.00000
             7.75000             0.00000
             7.85000             0.00000
             7.95000             0.00000
             8.05000             0.00000
             8.15000             0.00000
             8.25000             0.00000
             8.35000             0.00000
             8.45000             0.00000
             8.55000             0.00000
             8.65000             0.00000
             8.75000             0.00000
             8.85000             0.00000
             8.95000             0.00000
             9.05000             0.00000
             9.15000             0.00000
             9.25000             0.00000
             9.35000             0.00000
             9.45000             0.00000
             9.55000             0.02608
             9.65000             0.06608
             9.75000             0.06961
             9.85000             0.03314
             9.95000             0.00118
            10.05000             0.00196
            10.15000             0.01294
            10.25000             0.01922
            10.35000             0.02843
            10.45000             0.02059
            10.55000             0.01961
            10.65000             0.02098
            10.75000             0.02863
            10.85000             0.02255
            10.95000             0.01725
            11.05000             0.00392
            11.15000             0.00000
            11.25000             0.00000
            11.35000             0.03059
            11.45000             0.10451
            11.55000             0.06098
            11.65000             0.00000
            11.75000             0.00000
            11.85000             0.00000
            11.95000             0.00000
            12.05000             0.00000
            12.15000             0.00000
            12.25000             0.00000
            12.35000             0.05765
            12.45000             0.13569
            12.55000             0.00275
            12.65000             0.00000
            12.75000             0.00000
            12.85000             0.00000
            12.95000             0.00000
            13.05000             0.00000
            13.15000             0.00000
            13.25000             0.00000
            13.35000             0.00000
            13.45000             0.00000
            13.55000             0.00000
            13.65000             0.04392
            13.75000             0.05784
            13.85000             0.07078
            13.95000             0.02353
            14.05000             0.00000
            14.15000             0.00000
            14.25000             0.00000
            14.35000             0.00000
            14.45000             0.00000
            14.55000             0.00000
            14.65000             0.00000
            14.75000             0.00000
            14.85000             0.00000
            14.95000             0.12216
            15.05000             0.07392
            15.15000             0.00000
            15.25000             0.00000
            15.35000             0.09784
            15.45000             0.05216
            15.55000             0.04608
            15.65000             0.00000
            15.75000             0.00000
            15.85000             0.00000
            15.95000             0.00000
            16.05000             0.00000
            16.15000             0.00000
            16.25000             0.00000
            16.35000             0.00000
            16.45000             0.00000
            16.55000             0.00000
            16.65000             0.00000
            16.75000             0.00000
            16.85000             0.00000
            16.95000             0.00000
            17.05000             0.00000
            17.15000             0.00000
            17.25000             0.00000
            17.35000             0.00000
            17.45000             0.00000
            17.55000             0.00000
            17.65000             0.00000
            17.75000             0.19608
            17.85000             0.00000
            17.95000             0.00000
            18.05000             0.00000
            18.15000             0.00000
            18.25000             0.00000
            18.35000             0.05471
            18.45000             0.11471
            18.55000             0.02667
            18.65000             0.00000
            18.75000             0.00000
            18.85000             0.00000
            18.95000             0.00000
            19.05000             0.00000
            19.15000             0.00000
            19.25000             0.00000
            19.35000             0.02000
            19.45000             0.17608
            19.55000             0.00000
            19.65000             0.00000
            19.75000             0.00000
            19.85000             0.00000
            19.95000             0.00000
            20.05000             0.00000
            20.15000             0.00000
            20.25000             0.00000
            20.35000             0.00000
            20.45000             0.00000
            20.55000             0.01176
            20.65000             0.11588
            20.75000             0.06706
            20.85000             0.00137
            20.95000             0.00000
            21.05000             0.00000
            21.15000             0.00000
            21.25000             0.08549
            21.35000             0.05686
            21.45000             0.05373
            21.55000             0.00000
            21.65000             0.00000
            21.75000             0.00000
            21.85000             0.00000
            21.95000             0.00000
            22.05000             0.00000
            22.15000             0.00000
            22.25000             0.00000
            22.35000             0.00000
            22.45000             0.00000
            22.55000             0.00000
            22.65000             0.00000
            22.75000             0.00000
            22.85000             0.00824
            22.95000             0.11118
            23.05000             0.05431
            23.15000             0.02235
            23.25000             0.00000
            23.35000             0.01627
            23.45000             0.17980
            23.55000             0.00000
            23.65000             0.00000
            23.75000             0.00000
            23.85000             0.02059
            23.95000             0.09098
            24.05000             0.08451
            24.15000             0.00000
            24.25000             0.00000
            24.35000             0.00000
            24.45000             0.00000
            24.55000             0.00000
            24.65000             0.00000
            24.75000             0.00000
            24.85000             0.02373
            24.95000             0.08667
            25.05000             0.08569
            25.15000             0.00000
            25.25000             0.19549
            25.35000             0.00059
            25.45000             0.00000
            25.55000             0.00000
            25.65000             0.00000
            25.75000             0.00000
            25.85000             0.00000
            25.95000             0.00000
            26.05000             0.00000
            26.15000             0.00000
            26.25000             0.00000
            26.35000             0.00000
            26.45000             0.00000
            26.55000             0.00000
            26.65000             0.00000
            26.75000             0.00000
            26.85000             0.00000
            26.95000             0.00000
            27.05000             0.00000
            27.15000             0.00000
            27.25000             0.00000
            27.35000             0.00000
            27.45000             0.00000
            27.55000             0.00000
            27.65000             0.00000
            27.75000             0.14333
            27.85000             0.05275
            27.95000             0.00000
            28.05000             0.05176
            28.15000             0.14431
            28.25000             0.00000
            28.35000             0.00000
            28.45000             0.00000
            28.55000             0.00000
            28.65000             0.09804
            28.75000             0.08922
            28.85000             0.00882
            28.95000             0.00000
            29.05000             0.00000
            29.15000             0.00000
            29.25000             0.00000
            29.35000             0.00000
            29.45000             0.00000
            29.55000             0.00000
            29.65000             0.00000
            29.75000             0.00000
            29.85000             0.00000
            29.95000             0.00000
            30.05000             0.00000
            30.15000             0.10000
            30.25000             0.09608
            30.35000             0.00000
            30.45000             0.00000
            30.55000             0.00000
            30.65000             0.09392
            30.75000             0.10216
            30.85000             0.00000
            30.95000             0.00000
            31.05000             0.00000
            31.15000             0.19608
            31.25000             0.00000
            31.35000             0.00000
            31.45000             0.00000
            31.55000             0.00000
            31.65000             0.00000
            31.75000             0.00000
            31.85000             0.00000
            31.95000             0.00000
            32.05000             0.00000
            32.15000             0.00000
            32.25000             0.00000
            32.35000             0.00000
            32.45000             0.00000
            32.55000             0.00000
            32.65000             0.00000
            32.75000             0.00000
            32.85000             0.00000
            32.95000             0.00000
            33.05000             0.00000
            33.15000             0.00000
            33.25000             0.00000
            33.35000             0.00000
            33.45000             0.02216
            33.55000             0.08882
            33.65000             0.08510
            33.75000             0.00000
            33.85000             0.00000
            33.95000             0.00000
            34.05000             0.00000
            34.15000             0.00000
            34.25000             0.00000
            34.35000             0.00000
            34.45000             0.00000
            34.55000             0.00000
            34.65000             0.00000
            34.75000             0.00000
            34.85000             0.00000
            34.95000             0.00000
            35.05000             0.00000
            35.15000             0.09314
            35.25000             0.09961
            35.35000             0.00333
            35.45000             0.00000
            35.55000             0.00000
            35.65000             0.00804
            35.75000             0.08902
            35.85000             0.11294
            35.95000             0.07490
            36.05000             0.09765
            36.15000             0.00961
            36.25000             0.00000
            36.35000             0.00000
            36.45000             0.00000
            36.55000             0.00000
            36.65000             0.00000
            36.75000             0.00000
            36.85000             0.00000
            36.95000             0.00000
            37.05000             0.00000
            37.15000             0.11902
            37.25000             0.07706
            37.35000             0.00000
            37.45000             0.00000
            37.55000             0.00000
            37.65000             0.00000
            37.75000             0.00000
            37.85000             0.00000
            37.95000             0.02196
            38.05000             0.11157
            38.15000             0.06255
            38.25000             0.00000
            38.35000             0.00000
            38.45000             0.00000
            38.55000             0.00000
            38.65000             0.00000
            38.75000             0.00000
            38.85000             0.00000
            38.95000             0.00000
            39.05000             0.00000
            39.15000             0.00000
            39.25000             0.00000
            39.35000             0.06608
            39.45000             0.13000
            39.55000             0.00000
            39.65000             0.00000
            39.75000             0.00000
            39.85000             0.00000
            39.95000             0.00000
            40.05000             0.00000
            40.15000             0.00000
            40.25000             0.00000
            40.35000             0.00000
            40.45000             0.00000
            40.55000             0.00000
            40.65000             0.00000
            40.75000             0.00000
            40.85000             0.08059
            40.95000             0.11549
            41.05000             0.00000
            41.15000             0.00000
            41.25000             0.00000
            41.35000             0.00000
            41.45000             0.00000
            41.55000             0.00000
            41.65000             0.00000
            41.75000             0.00000
            41.85000             0.09667
            41.95000             0.09529
            42.05000             0.00412
            42.15000             0.00000
            42.25000             0.00000
            42.35000             0.00000
            42.45000             0.00000
            42.55000             0.00000
            42.65000             0.00000
            42.75000             0.00000
            42.85000             0.05020
            42.95000             0.14569
            43.05000             0.00020
            43.15000             0.00000
            43.25000             0.00000
            43.35000             0.00000
            43.45000             0.00000
            43.55000             0.00000
            43.65000             0.00000
            43.75000             0.00000
            43.85000             0.01902
            43.95000             0.12510
            44.05000             0.13745
            44.15000             0.11059
            44.25000             0.00000
            44.35000             0.00000
            44.45000             0.00000
            44.55000             0.00000
            44.65000             0.00000
            44.75000             0.00667
            44.85000             0.08294
            44.95000             0.07353
            45.05000             0.03176
            45.15000             0.00118
            45.25000             0.00000
            45.35000             0.00000
            45.45000             0.00000
            45.55000             0.00000
            45.65000             0.00000
            45.75000             0.05078
            45.85000             0.03784
            45.95000             0.04235
            46.05000             0.04471
            46.15000             0.02000
            46.25000             0.00039
            46.35000             0.00000
            46.45000             0.00000
            46.55000             0.00000
            46.65000             0.00000
            46.75000             0.03216
            46.85000             0.06902
            46.95000             0.07000
            47.05000             0.02451
            47.15000             0.00039
            47.25000             0.00000
            47.35000             0.00000
            47.45000             0.10961
            47.55000             0.08647
            47.65000             0.00000
            47.75000             0.00000
            47.85000             0.00000
            47.95000             0.00000
            48.05000             0.00000
            48.15000             0.00000
            48.25000             0.00000
            48.35000             0.00000
            48.45000             0.00000
            48.55000             0.00039
            48.65000             0.14431
            48.75000             0.05137
            48.85000             0.00000
            48.95000             0.00000
            49.05000             0.00000
            49.15000             0.00000
            49.25000             0.00000
            49.35000             0.00000
            49.45000             0.00000
            49.55000             0.00000
            49.65000             0.00000
            49.75000             0.00000
            49.85000             0.00000
            49.95000             0.00000
            50.05000             0.00000
            50.15000             0.00000
            50.25000             0.00000
            50.35000             0.00000
            50.45000             0.00000
            50.55000             0.00000
            50.65000             0.00000
            50.75000             0.00000
            50.85000             0.00000
            50.95000             0.00000
            51.05000             0.00000
            51.15000             0.00000
            51.25000             0.00000
            51.35000             0.00000
            51.45000             0.00000
            51.55000             0.00000
            51.65000             0.00000
            51.75000             0.00000
            51.85000             0.00000
            51.95000             0.00000
            52.05000             0.00000
            52.15000             0.00000
            52.25000             0.00000
            52.35000             0.00000
            52.45000             0.00000
            52.55000             0.00000
            52.65000             0.00000
            52.75000             0.00000
            52.85000             0.00000
            52.95000             0.00000
            53.05000             0.00000
            53.15000             0.00000
            53.25000             0.00000
            53.35000             0.00000
            53.45000             0.00000
            53.55000             0.00000
            53.65000             0.00000
            53.75000             0.00000
            53.85000             0.00000
            53.95000             0.00000
            54.05000             0.00000
            54.15000             0.00000
            54.25000             0.00000
            54.35000             0.00000
            54.45000             0.00000
            54.55000             0.00000
            54.65000             0.00000
            54.75000             0.00000
            54.85000             0.00000
            54.95000             0.00000
            55.05000             0.00000
            55.15000             0.00000
            55.25000             0.00000
            55.35000             0.00000
            55.45000             0.00000
            55.55000             0.00000
            55.65000             0.00000
            55.75000             0.00000
            55.85000             0.00000
            55.95000             0.00000
            56.05000             0.00000
            56.15000             0.00000
            56.25000             0.00000
            56.35000             0.00000
            56.45000             0.00000
            56.55000             0.00000
            56.65000             0.00000
            56.75000             0.00000
            56.85000             0.00000
            56.95000             0.00000
            57.05000             0.00000
            57.15000             0.00000
            57.25000             0.00000
            57.35000             0.00000
            57.45000             0.00000
            57.55000             0.00000
            57.65000             0.00000
            57.75000             0.00000
            57.85000             0.00000
            57.95000             0.00000
            58.05000             0.00000
            58.15000             0.00000
            58.25000             0.00000
            58.35000             0.00000
            58.45000             0.00000
            58.55000             0.00000
            58.65000             0.00000
            58.75000             0.00000
            58.85000             0.00000
            58.95000             0.00000
            59.05000             0.00000
            59.15000             0.00000
            59.25000             0.00000
            59.35000             0.00000
            59.45000             0.00000
            59.55000             0.00000
            59.65000             0.00000
            59.75000             0.00000
            59.85000             0.00000
            59.95000             0.00000
