#  T(K)     E(eV/cell)    F(eV/cell)    Fc(eV/cell)   S(kB/cell)    Cv(kB/cell)
   10.00   17.11159123   17.11103561    0.96105877    0.64476698    1.36022964
   20.00   17.11436748   17.10968564    1.63557041    2.71651221    5.44356008
   30.00   17.12135025   17.10602524    2.20192663    5.92794383   10.85084827
   40.00   17.13305614   17.09928083    2.69804657    9.79859375   16.24344978
   50.00   17.14916601   17.08905839    3.14193928   13.95031473   21.02830844
   60.00   17.16910031   17.07522320    3.54421188   18.15653252   25.13105950
   70.00   17.19231860   17.05778383    3.91187317   22.30288079   28.67674856
   80.00   17.21840985   17.03681604    4.24990462   26.34119790   31.82390381
   90.00   17.24709026   17.01242045    4.56203086   30.25792804   34.70483107
  100.00   17.27817412   16.98470137    4.85114292   34.05589121   37.41514240
  110.00   17.31154429   16.95375726    5.11955040   37.74473395   40.01987953
  120.00   17.34712970   16.91967714    5.36914099   41.33625656   42.56226999
  130.00   17.38488976   16.88253972    5.60148658   44.84226625   45.07082506
  140.00   17.42480395   16.84241393    5.81791645   48.27367389   47.56424438
  150.00   17.46686482   16.79935978    6.01956945   51.64018092   50.05462198
  160.00   17.51107327   16.75342947    6.20743222   54.95023614   52.54952236
  170.00   17.55743530   16.70466842    6.38236781   58.21110859   55.05334176
  180.00   17.60595964   16.65311629    6.54513756   61.42900375   57.56821915
  190.00   17.65665614   16.59880776    6.69641805   64.60918939   60.09465916
  200.00   17.70953454   16.54177337    6.83681456   67.75611593   62.63196729
  210.00   17.76460358   16.48204012    6.96687177   70.87352549   65.17856114
  220.00   17.82187033   16.41963205    7.08708238   73.96454798   67.73219947
  230.00   17.88133972   16.35457074    7.19789431   77.03178478   70.29015664
  240.00   17.94301417   16.28687574    7.29971643   80.07738114   72.84936054
  250.00   18.00689334   16.21656491    7.39292357   83.10308892   75.40650567
  260.00   18.07297398   16.14365477    7.47786049   86.11032107   77.95814842
  270.00   18.14124984   16.06816073    7.55484545   89.10019922   80.50078899
  280.00   18.21171166   15.99009735    7.62417311   92.07359533   83.03094190
  290.00   18.28434720   15.90947853    7.68611704   95.03116829   85.54519670
  300.00   18.35914134   15.82631771    7.74093198   97.97339633   88.04026921
