           -19.95000             0.00000
           -19.85000             0.00000
           -19.75000             0.00000
           -19.65000             0.00000
           -19.55000             0.00000
           -19.45000             0.00000
           -19.35000             0.00000
           -19.25000             0.00000
           -19.15000             0.00000
           -19.05000             0.00000
           -18.95000             0.00000
           -18.85000             0.00000
           -18.75000             0.00000
           -18.65000             0.00000
           -18.55000             0.00000
           -18.45000             0.00000
           -18.35000             0.00000
           -18.25000             0.00000
           -18.15000             0.00000
           -18.05000             0.00000
           -17.95000             0.00000
           -17.85000             0.00000
           -17.75000             0.00000
           -17.65000             0.00000
           -17.55000             0.00000
           -17.45000             0.00000
           -17.35000             0.00000
           -17.25000             0.00000
           -17.15000             0.00000
           -17.05000             0.00000
           -16.95000             0.00000
           -16.85000             0.00000
           -16.75000             0.00000
           -16.65000             0.00000
           -16.55000             0.00000
           -16.45000             0.00000
           -16.35000             0.00000
           -16.25000             0.00000
           -16.15000             0.00000
           -16.05000             0.00000
           -15.95000             0.00000
           -15.85000             0.00000
           -15.75000             0.00000
           -15.65000             0.00000
           -15.55000             0.00000
           -15.45000             0.00000
           -15.35000             0.00000
           -15.25000             0.00000
           -15.15000             0.00000
           -15.05000             0.00000
           -14.95000             0.00000
           -14.85000             0.00000
           -14.75000             0.00000
           -14.65000             0.00000
           -14.55000             0.00000
           -14.45000             0.00000
           -14.35000             0.00000
           -14.25000             0.00000
           -14.15000             0.00000
           -14.05000             0.00000
           -13.95000             0.00000
           -13.85000             0.00000
           -13.75000             0.00000
           -13.65000             0.00000
           -13.55000             0.00000
           -13.45000             0.00000
           -13.35000             0.00000
           -13.25000             0.00000
           -13.15000             0.00000
           -13.05000             0.00000
           -12.95000             0.00000
           -12.85000             0.00000
           -12.75000             0.00000
           -12.65000             0.00000
           -12.55000             0.00000
           -12.45000             0.00000
           -12.35000             0.00000
           -12.25000             0.00000
           -12.15000             0.00000
           -12.05000             0.00000
           -11.95000             0.00000
           -11.85000             0.00000
           -11.75000             0.00000
           -11.65000             0.00000
           -11.55000             0.00000
           -11.45000             0.00000
           -11.35000             0.00000
           -11.25000             0.00000
           -11.15000             0.00000
           -11.05000             0.00000
           -10.95000             0.00000
           -10.85000             0.00000
           -10.75000             0.00000
           -10.65000             0.00000
           -10.55000             0.00000
           -10.45000             0.00000
           -10.35000             0.00000
           -10.25000             0.00000
           -10.15000             0.00000
           -10.05000             0.00000
            -9.95000             0.00000
            -9.85000             0.00000
            -9.75000             0.00000
            -9.65000             0.00000
            -9.55000             0.00000
            -9.45000             0.00000
            -9.35000             0.00000
            -9.25000             0.00000
            -9.15000             0.00000
            -9.05000             0.00000
            -8.95000             0.00000
            -8.85000             0.00000
            -8.75000             0.00000
            -8.65000             0.00000
            -8.55000             0.00000
            -8.45000             0.00000
            -8.35000             0.00000
            -8.25000             0.00000
            -8.15000             0.00000
            -8.05000             0.00000
            -7.95000             0.00000
            -7.85000             0.00000
            -7.75000             0.00000
            -7.65000             0.00000
            -7.55000             0.00000
            -7.45000             0.00000
            -7.35000             0.00000
            -7.25000             0.00000
            -7.15000             0.00000
            -7.05000             0.00000
            -6.95000             0.00000
            -6.85000             0.00000
            -6.75000             0.00000
            -6.65000             0.00000
            -6.55000             0.00000
            -6.45000             0.00000
            -6.35000             0.00000
            -6.25000             0.00000
            -6.15000             0.00000
            -6.05000             0.00000
            -5.95000             0.00000
            -5.85000             0.00000
            -5.75000             0.00000
            -5.65000             0.00000
            -5.55000             0.00000
            -5.45000             0.00000
            -5.35000             0.00000
            -5.25000             0.00000
            -5.15000             0.00000
            -5.05000             0.00000
            -4.95000             0.00000
            -4.85000             0.00000
            -4.75000             0.00000
            -4.65000             0.00000
            -4.55000             0.00000
            -4.45000             0.00000
            -4.35000             0.00000
            -4.25000             0.00000
            -4.15000             0.00000
            -4.05000             0.00000
            -3.95000             0.00000
            -3.85000             0.00000
            -3.75000             0.00000
            -3.65000             0.00000
            -3.55000             0.00000
            -3.45000             0.00000
            -3.35000             0.00000
            -3.25000             0.00000
            -3.15000             0.00000
            -3.05000             0.00000
            -2.95000             0.00000
            -2.85000             0.00000
            -2.75000             0.00000
            -2.65000             0.00000
            -2.55000             0.00000
            -2.45000             0.00000
            -2.35000             0.00000
            -2.25000             0.00000
            -2.15000             0.00000
            -2.05000             0.00000
            -1.95000             0.00000
            -1.85000             0.00000
            -1.75000             0.00000
            -1.65000             0.00000
            -1.55000             0.00000
            -1.45000             0.00035
            -1.35000             0.00131
            -1.25000             0.00171
            -1.15000             0.00212
            -1.05000             0.00239
            -0.95000             0.00267
            -0.85000             0.00278
            -0.75000             0.00273
            -0.65000             0.00271
            -0.55000             0.00292
            -0.45000             0.00282
            -0.35000             0.00282
            -0.25000             0.00255
            -0.15000             0.00191
            -0.05000             0.00087
             0.05000             0.00095
             0.15000             0.00287
             0.25000             0.00491
             0.35000             0.00626
             0.45000             0.00912
             0.55000             0.01072
             0.65000             0.01288
             0.75000             0.01661
             0.85000             0.01912
             0.95000             0.02289
             1.05000             0.02789
             1.15000             0.02652
             1.25000             0.03046
             1.35000             0.03231
             1.45000             0.03711
             1.55000             0.03897
             1.65000             0.04184
             1.75000             0.04574
             1.85000             0.05145
             1.95000             0.06324
             2.05000             0.06191
             2.15000             0.05937
             2.25000             0.07905
             2.35000             0.08716
             2.45000             0.08610
             2.55000             0.08591
             2.65000             0.09456
             2.75000             0.11576
             2.85000             0.12068
             2.95000             0.13357
             3.05000             0.10851
             3.15000             0.05660
             3.25000             0.04150
             3.35000             0.04418
             3.45000             0.07539
             3.55000             0.10088
             3.65000             0.09246
             3.75000             0.07422
             3.85000             0.09007
             3.95000             0.08299
             4.05000             0.07847
             4.15000             0.08014
             4.25000             0.06827
             4.35000             0.06378
             4.45000             0.06164
             4.55000             0.01162
             4.65000             0.00000
             4.75000             0.01433
             4.85000             0.11122
             4.95000             0.09280
             5.05000             0.01704
             5.15000             0.00000
             5.25000             0.00000
             5.35000             0.00000
             5.45000             0.01346
             5.55000             0.04751
             5.65000             0.03918
             5.75000             0.06847
             5.85000             0.07966
             5.95000             0.10817
             6.05000             0.16749
             6.15000             0.07965
             6.25000             0.07191
             6.35000             0.06332
             6.45000             0.07415
             6.55000             0.06332
             6.65000             0.05303
             6.75000             0.01223
             6.85000             0.00000
             6.95000             0.00000
             7.05000             0.00000
             7.15000             0.00000
             7.25000             0.00000
             7.35000             0.00000
             7.45000             0.00000
             7.55000             0.00000
             7.65000             0.00000
             7.75000             0.00000
             7.85000             0.00000
             7.95000             0.00000
             8.05000             0.00000
             8.15000             0.00000
             8.25000             0.00000
             8.35000             0.00000
             8.45000             0.00000
             8.55000             0.00000
             8.65000             0.00000
             8.75000             0.00000
             8.85000             0.00000
             8.95000             0.00000
             9.05000             0.00000
             9.15000             0.00000
             9.25000             0.00000
             9.35000             0.00000
             9.45000             0.00000
             9.55000             0.00000
             9.65000             0.00000
             9.75000             0.00000
             9.85000             0.00000
             9.95000             0.00000
            10.05000             0.00000
            10.15000             0.00000
            10.25000             0.00000
            10.35000             0.00000
            10.45000             0.00000
            10.55000             0.00000
            10.65000             0.00000
            10.75000             0.00000
            10.85000             0.00000
            10.95000             0.00000
            11.05000             0.00000
            11.15000             0.00000
            11.25000             0.00000
            11.35000             0.00000
            11.45000             0.00000
            11.55000             0.00000
            11.65000             0.00000
            11.75000             0.00000
            11.85000             0.03047
            11.95000             0.05614
            12.05000             0.07690
            12.15000             0.04816
            12.25000             0.02589
            12.35000             0.06903
            12.45000             0.09403
            12.55000             0.06439
            12.65000             0.00575
            12.75000             0.00000
            12.85000             0.07015
            12.95000             0.06540
            13.05000             0.04569
            13.15000             0.04582
            13.25000             0.04357
            13.35000             0.05281
            13.45000             0.06893
            13.55000             0.04357
            13.65000             0.02812
            13.75000             0.00670
            13.85000             0.00000
            13.95000             0.00000
            14.05000             0.00000
            14.15000             0.00000
            14.25000             0.00000
            14.35000             0.00000
            14.45000             0.00000
            14.55000             0.00000
            14.65000             0.00000
            14.75000             0.00000
            14.85000             0.00000
            14.95000             0.00000
            15.05000             0.00000
            15.15000             0.00000
            15.25000             0.00000
            15.35000             0.00000
            15.45000             0.00000
            15.55000             0.00000
            15.65000             0.00463
            15.75000             0.09976
            15.85000             0.07761
            15.95000             0.07083
            16.05000             0.12838
            16.15000             0.08957
            16.25000             0.00000
            16.35000             0.01948
            16.45000             0.18058
            16.55000             0.03533
            16.65000             0.00000
            16.75000             0.11466
            16.85000             0.16745
            16.95000             0.11404
            17.05000             0.11595
            17.15000             0.11755
            17.25000             0.07652
            17.35000             0.00000
            17.45000             0.00000
            17.55000             0.00000
            17.65000             0.00000
            17.75000             0.00000
            17.85000             0.00000
            17.95000             0.00000
            18.05000             0.00000
            18.15000             0.00000
            18.25000             0.00000
            18.35000             0.00000
            18.45000             0.00000
            18.55000             0.00000
            18.65000             0.00000
            18.75000             0.00000
            18.85000             0.00000
            18.95000             0.00000
            19.05000             0.00000
            19.15000             0.00000
            19.25000             0.00000
            19.35000             0.00000
            19.45000             0.00000
            19.55000             0.00000
            19.65000             0.00000
            19.75000             0.00000
            19.85000             0.00000
            19.95000             0.00000
            20.05000             0.00000
            20.15000             0.00000
            20.25000             0.00000
            20.35000             0.00000
            20.45000             0.00000
            20.55000             0.00000
            20.65000             0.00000
            20.75000             0.00000
            20.85000             0.00000
            20.95000             0.00000
            21.05000             0.00000
            21.15000             0.00000
            21.25000             0.19568
            21.35000             0.26835
            21.45000             0.00675
            21.55000             0.00000
            21.65000             0.00000
            21.75000             0.00000
            21.85000             0.14128
            21.95000             0.24532
            22.05000             0.08418
            22.15000             0.00000
            22.25000             0.00000
            22.35000             0.00000
            22.45000             0.00000
            22.55000             0.00000
            22.65000             0.00000
            22.75000             0.11764
            22.85000             0.12290
            22.95000             0.09104
            23.05000             0.12867
            23.15000             0.01052
            23.25000             0.00000
            23.35000             0.00000
            23.45000             0.00000
            23.55000             0.00000
            23.65000             0.00000
            23.75000             0.00000
            23.85000             0.00000
            23.95000             0.00000
            24.05000             0.00000
            24.15000             0.01136
            24.25000             0.04315
            24.35000             0.04959
            24.45000             0.06334
            24.55000             0.05293
            24.65000             0.07476
            24.75000             0.12271
            24.85000             0.10649
            24.95000             0.12921
            25.05000             0.08122
            25.15000             0.07531
            25.25000             0.08602
            25.35000             0.08266
            25.45000             0.08204
            25.55000             0.09470
            25.65000             0.07593
            25.75000             0.05280
            25.85000             0.03536
            25.95000             0.01527
            26.05000             0.01733
            26.15000             0.02503
            26.25000             0.02754
            26.35000             0.00759
            26.45000             0.00000
            26.55000             0.00000
            26.65000             0.00000
            26.75000             0.00000
            26.85000             0.00000
            26.95000             0.00000
            27.05000             0.00000
            27.15000             0.00000
            27.25000             0.00000
            27.35000             0.00000
            27.45000             0.00000
            27.55000             0.00000
            27.65000             0.00000
            27.75000             0.00000
            27.85000             0.00000
            27.95000             0.00000
            28.05000             0.00000
            28.15000             0.00000
            28.25000             0.00000
            28.35000             0.00000
            28.45000             0.00000
            28.55000             0.00000
            28.65000             0.00000
            28.75000             0.00000
            28.85000             0.00000
            28.95000             0.12515
            29.05000             0.14607
            29.15000             0.09513
            29.25000             0.06758
            29.35000             0.03127
            29.45000             0.18994
            29.55000             0.24153
            29.65000             0.04487
            29.75000             0.00000
            29.85000             0.05294
            29.95000             0.06076
