10.          1.53509267
20.          1.53509653
30.          1.53515686
40.          1.53538173
50.         1.5358676]
60.          1.53667801
70.          1.53784299
80.          1.53936878
90.          1.54124985
100.           1.543477
110.         1.546044]
120.           1.548943
130.           1.552173
140.           1.555731
150.           1.559614
160.           1.563822
170.           1.568352
180.           1.573201
190.           1.578366
200.           1.583844
210.          1.5896298
220.           1.595718
230.           1.602104
240.           1.608782
250.           1.615748
260.           1.622993
270.           1.630514
280.          1.6383045
290.           1.646357
300.           1.654667
