1 0.0006079283572631537
1 1.4459143133785016e-05
1 5.304396230060276e-06
0 1.476141137026294e-05
0 0.00032940534640970334
0 0.00034786976557526047
0 0.014172287608175616
0 0.023673100324867948
0 0.024000038984658054
0 0.031805766894391345
0 0.032699038747863514
0 0.05475616236382201
0 0.05896428631510405
0 0.06970964228487
0 0.07082495565033158
0 0.07372404567222347
0 0.07698586564834793
0 0.09507731831623878
0 0.09509761771252868
0 0.11002929832593483
0 0.11688636129052891
0 0.12581562528299575
0 0.15650154657186707
0 0.161586673445042
0 0.1675884087612496
0 0.19601838421377085
0 0.21304303514450862
0 0.2163780260986054
0 0.4405446420003367
0 0.44361118371007374
