          55
 -0.4500000000000000 -0.4500000000000000 -0.4500000000000000  8.000000
 -0.4500000000000000 -0.4500000000000000 -0.3500000000000000 16.000000
 -0.4500000000000000 -0.4500000000000000 -0.2500000000000000 16.000000
 -0.4500000000000000 -0.4500000000000000 -0.1500000000000000 16.000000
 -0.4500000000000000 -0.4500000000000000 -0.0500000000000000 16.000000
 -0.4500000000000000 -0.3500000000000000 -0.4500000000000000  8.000000
 -0.4500000000000000 -0.3500000000000000 -0.3500000000000000 24.000000
 -0.4500000000000000 -0.3500000000000000 -0.2500000000000000 24.000000
 -0.4500000000000000 -0.3500000000000000 -0.1500000000000000 24.000000
 -0.4500000000000000 -0.3500000000000000 -0.0500000000000000 24.000000
 -0.4500000000000000 -0.2500000000000000 -0.4500000000000000  8.000000
 -0.4500000000000000 -0.2500000000000000 -0.3500000000000000 24.000000
 -0.4500000000000000 -0.2500000000000000 -0.2500000000000000 24.000000
 -0.4500000000000000 -0.2500000000000000 -0.1500000000000000 24.000000
 -0.4500000000000000 -0.2500000000000000 -0.0500000000000000 24.000000
 -0.4500000000000000 -0.1500000000000000 -0.4500000000000000  8.000000
 -0.4500000000000000 -0.1500000000000000 -0.3500000000000000 24.000000
 -0.4500000000000000 -0.1500000000000000 -0.2500000000000000 24.000000
 -0.4500000000000000 -0.1500000000000000 -0.1500000000000000 24.000000
 -0.4500000000000000 -0.1500000000000000 -0.0500000000000000 24.000000
 -0.4500000000000000 -0.0500000000000000 -0.4500000000000000  8.000000
 -0.4500000000000000 -0.0500000000000000 -0.3500000000000000 24.000000
 -0.4500000000000000 -0.0500000000000000 -0.2500000000000000 24.000000
 -0.4500000000000000 -0.0500000000000000 -0.1500000000000000 24.000000
 -0.4500000000000000 -0.0500000000000000 -0.0500000000000000 24.000000
 -0.3500000000000000 -0.3500000000000000 -0.3500000000000000  8.000000
 -0.3500000000000000 -0.3500000000000000 -0.2500000000000000 16.000000
 -0.3500000000000000 -0.3500000000000000 -0.1500000000000000 16.000000
 -0.3500000000000000 -0.3500000000000000 -0.0500000000000000 16.000000
 -0.3500000000000000 -0.2500000000000000 -0.3500000000000000  8.000000
 -0.3500000000000000 -0.2500000000000000 -0.2500000000000000 24.000000
 -0.3500000000000000 -0.2500000000000000 -0.1500000000000000 24.000000
 -0.3500000000000000 -0.2500000000000000 -0.0500000000000000 24.000000
 -0.3500000000000000 -0.1500000000000000 -0.3500000000000000  8.000000
 -0.3500000000000000 -0.1500000000000000 -0.2500000000000000 24.000000
 -0.3500000000000000 -0.1500000000000000 -0.1500000000000000 24.000000
 -0.3500000000000000 -0.1500000000000000 -0.0500000000000000 24.000000
 -0.3500000000000000 -0.0500000000000000 -0.3500000000000000  8.000000
 -0.3500000000000000 -0.0500000000000000 -0.2500000000000000 24.000000
 -0.3500000000000000 -0.0500000000000000 -0.1500000000000000 24.000000
 -0.3500000000000000 -0.0500000000000000 -0.0500000000000000 24.000000
 -0.2500000000000000 -0.2500000000000000 -0.2500000000000000  8.000000
 -0.2500000000000000 -0.2500000000000000 -0.1500000000000000 16.000000
 -0.2500000000000000 -0.2500000000000000 -0.0500000000000000 16.000000
 -0.2500000000000000 -0.1500000000000000 -0.2500000000000000  8.000000
 -0.2500000000000000 -0.1500000000000000 -0.1500000000000000 24.000000
 -0.2500000000000000 -0.1500000000000000 -0.0500000000000000 24.000000
 -0.2500000000000000 -0.0500000000000000 -0.2500000000000000  8.000000
 -0.2500000000000000 -0.0500000000000000 -0.1500000000000000 24.000000
 -0.2500000000000000 -0.0500000000000000 -0.0500000000000000 24.000000
 -0.1500000000000000 -0.1500000000000000 -0.1500000000000000  8.000000
 -0.1500000000000000 -0.1500000000000000 -0.0500000000000000 16.000000
 -0.1500000000000000 -0.0500000000000000 -0.1500000000000000  8.000000
 -0.1500000000000000 -0.0500000000000000 -0.0500000000000000 24.000000
 -0.0500000000000000 -0.0500000000000000 -0.0500000000000000  8.000000
