#  T(K)     E(eV/cell)    F(eV/cell)    Fc(eV/cell)   S(kB/cell)    Cv(kB/cell)
    0.00           NaN    5.13557808           NaN           NaN           NaN
   10.00    5.13562762    5.13555766    0.28008111    0.08118535    0.21507041
   20.00    5.13626674    5.13532541    0.47439589    0.54618302    1.47362979
   30.00    5.13843583    5.13446254    0.63633869    1.53692717    3.65363368
   40.00    5.14263404    5.13256336    0.77725908    2.92161795    6.09286651
   50.00    5.14890592    5.12936176    0.90254736    4.53598350    8.43196979
   60.00    5.15709976    5.12471352    1.01537834    6.26373982   10.54191587
   70.00    5.16699752    5.11855537    1.11784981    8.03063408   12.38464230
   80.00    5.17836899    5.11087514    1.21145279    9.79036051   13.96558450
   90.00    5.19099990    5.10169204    1.29730208   11.51520332   15.31363893
  100.00    5.20470598    5.09104343    1.37626301   13.18991065   16.46773055
  110.00    5.21933747    5.07897601    1.44902685   14.80742911   17.46786255
  120.00    5.23477764    5.06554015    1.51615861   16.36589629   18.35013840
  130.00    5.25093838    5.05078638    1.57812878   17.86656439   19.14470006
  140.00    5.26775482    5.03476329    1.63533522   19.31241386   19.87544755
  150.00    5.28518022    5.01751653    1.68811880   20.70726202   20.56066100
  160.00    5.30318152    4.99908827    1.73677482   22.05521321   21.21396155
  170.00    5.32173572    4.97951717    1.78156162   23.36033625   21.84529945
  180.00    5.34082716    4.95883846    1.82270706   24.62648786   22.46182585
  190.00    5.36044538    4.93708415    1.86041366   25.85722683   23.06860124
  200.00    5.38058358    4.91428336    1.89486257   27.05578241   23.66914321
  210.00    5.40123751    4.89046254    1.92621683   28.22505378   24.26583692
  220.00    5.42240455    4.86564579    1.95462391   29.36762615   24.86023695
  230.00    5.44408317    4.83985511    1.98021787   30.48579474   25.45328734
  240.00    5.46627246    4.81311064    2.00312109   31.58159180   26.04548184
  250.00    5.48897177    4.78543087    2.02344577   32.65681366   26.63698161
  260.00    5.51218047    4.75683283    2.04129509   33.71304648   27.22770256
  270.00    5.53589779    4.72733226    2.05676431   34.75169009   27.81738156
  280.00    5.56012268    4.69694378    2.06994162   35.77397947   28.40562729
  290.00    5.58485369    4.66568100    2.08090891   36.78100421   28.99196016
