#  T(K)     E(eV/cell)    F(eV/cell)    Fc(eV/cell)   S(kB/cell)    Cv(kB/cell)
   10.00   10.81288965   10.81269143    0.58283320    0.23002960    0.69832849
   20.00   10.81486596   10.81197684    0.99364065    1.67633290    4.31529902
   30.00   10.82061704   10.80945411    1.33951804    4.31798696    8.99067846
   40.00   10.83011702   10.80439369    1.64322978    7.46262523   12.87285384
   50.00   10.84249277   10.79658110    1.91558741   10.65559103   15.68859929
   60.00   10.85692253   10.78607205    2.16295881   13.70301168   17.69148093
   70.00   10.87283325   10.77302343    2.38955166   16.54625512   19.16806436
   80.00   10.88986894   10.75761408    2.59835652   19.18430701   20.33123578
   90.00   10.90782439   10.74001291    2.79160944   21.63732748   21.32109588
  100.00   10.92659116   10.72036840    2.97104603   23.93101250   22.22563311
  110.00   10.94612112   10.69880690    3.13805282   26.09040754   23.09943435
  120.00   10.96640360   10.67543431    3.29376308   28.13781544   23.97664437
  130.00   10.98745161   10.65033866    3.43912047   30.09238102   24.87900049
  140.00   11.00929329   10.62359278    3.57492301   31.97029550   25.82052377
  150.00   11.03196655   10.59525667    3.70185441   33.78517910   26.81017292
  160.00   11.05551541   10.56537959    3.82050698   35.54847085   27.85334188
  170.00   11.07998732   10.53400174    3.93139884   37.26977044   28.95273816
  180.00   11.10543113   10.50115574    4.03498705   38.95712255   30.10894679
  190.00   11.13189541   10.46686784    4.13167781   40.61725006   31.32084120
  200.00   11.15942717   10.43115904    4.22183448   42.25574643   32.58591925
  210.00   11.18807075   10.39404591    4.30578404   43.87723646   33.90059847
  220.00   11.21786706   10.35554141    4.38382230   45.48551256   35.26048204
  230.00   11.24885295   10.31565557    4.45621814   47.08365206   36.66059763
  240.00   11.28106079   10.27439601    4.52321705   48.67411907   38.09560831
  250.00   11.31451830   10.23176848    4.58504404   50.25885353   39.55999418
  260.00   11.34924838   10.18777724    4.64190608   51.83934942   41.04820484
  270.00   11.38526921   10.14242544    4.69399424   53.41672334   42.55478353
  280.00   11.42259434   10.09571541    4.74148541   54.99177471   44.07446500
  290.00   11.46123287   10.04764889    4.78454384   56.56503840   45.60224972
  300.00   11.50118975    9.99822728    4.82332245   58.13683056   47.13345736
