            -0.45000             0.00310
            -0.35000             0.00285
            -0.25000             0.00265
            -0.15000             0.00136
            -0.05000             0.00033
             0.05000             0.00054
             0.15000             0.00145
             0.25000             0.00256
             0.35000             0.00372
             0.45000             0.00558
             0.55000             0.00728
             0.65000             0.00943
             0.75000             0.01224
             0.85000             0.01497
             0.95000             0.02129
             1.05000             0.02874
             1.15000             0.03601
             1.25000             0.03440
             1.35000             0.03758
             1.45000             0.05904
             1.55000             0.07711
             1.65000             0.09737
             1.75000             0.09262
             1.85000             0.07955
             1.95000             0.08311
             2.05000             0.09072
             2.15000             0.10184
             2.25000             0.10535
             2.35000             0.10531
             2.45000             0.09415
             2.55000             0.09737
             2.65000             0.12772
             2.75000             0.13727
             2.85000             0.13694
             2.95000             0.14992
             3.05000             0.15447
             3.15000             0.15087
             3.25000             0.15848
             3.35000             0.20359
             3.45000             0.18432
             3.55000             0.17560
             3.65000             0.16010
             3.75000             0.12214
             3.85000             0.11891
             3.95000             0.09121
             4.05000             0.13438
             4.15000             0.07509
             4.25000             0.06839
             4.35000             0.07434
             4.45000             0.06359
             4.55000             0.04370
             4.65000             0.01356
             4.75000             0.01968
             4.85000             0.07066
             4.95000             0.09683
             5.05000             0.19598
             5.15000             0.13599
             5.25000             0.04478
             5.35000             0.00000
             5.45000             0.01691
             5.55000             0.04093
             5.65000             0.04246
             5.75000             0.05363
             5.85000             0.06148
             5.95000             0.06479
             6.05000             0.07356
             6.15000             0.08906
             6.25000             0.11437
             6.35000             0.16448
             6.45000             0.14724
             6.55000             0.15269
             6.65000             0.09799
             6.75000             0.07885
             6.85000             0.07922
             6.95000             0.09758
             7.05000             0.11296
             7.15000             0.10337
             7.25000             0.07248
             7.35000             0.04536
             7.45000             0.05284
             7.55000             0.05673
             7.65000             0.05822
             7.75000             0.06487
             7.85000             0.08178
             7.95000             0.08509
             8.05000             0.04561
             8.15000             0.03126
             8.25000             0.02022
             8.35000             0.01435
             8.45000             0.01017
             8.55000             0.00219
             8.65000             0.00000
             8.75000             0.00000
             8.85000             0.00000
             8.95000             0.00000
             9.05000             0.00000
             9.15000             0.00000
             9.25000             0.00000
             9.35000             0.00000
             9.45000             0.00000
             9.55000             0.00000
             9.65000             0.00000
             9.75000             0.00000
             9.85000             0.00000
             9.95000             0.00000
            10.05000             0.00000
            10.15000             0.00000
            10.25000             0.00000
            10.35000             0.00000
            10.45000             0.00000
            10.55000             0.00000
            10.65000             0.00000
            10.75000             0.00000
            10.85000             0.00000
            10.95000             0.00000
            11.05000             0.00000
            11.15000             0.00000
            11.25000             0.00000
            11.35000             0.00000
            11.45000             0.00000
            11.55000             0.00000
            11.65000             0.00000
            11.75000             0.00000
            11.85000             0.00000
            11.95000             0.00000
            12.05000             0.00000
            12.15000             0.00000
            12.25000             0.00000
            12.35000             0.00000
            12.45000             0.00000
            12.55000             0.00000
            12.65000             0.00000
            12.75000             0.00000
            12.85000             0.00000
            12.95000             0.00000
            13.05000             0.00000
            13.15000             0.00000
            13.25000             0.00000
            13.35000             0.00000
            13.45000             0.00000
            13.55000             0.00000
            13.65000             0.00000
            13.75000             0.00000
            13.85000             0.00000
            13.95000             0.00000
            14.05000             0.00000
            14.15000             0.00000
            14.25000             0.00000
            14.35000             0.00000
            14.45000             0.00000
            14.55000             0.00000
            14.65000             0.00000
            14.75000             0.00000
            14.85000             0.00000
            14.95000             0.00000
            15.05000             0.00000
            15.15000             0.00000
            15.25000             0.00000
            15.35000             0.00000
            15.45000             0.00000
            15.55000             0.00000
            15.65000             0.00000
            15.75000             0.00000
            15.85000             0.00000
            15.95000             0.00000
            16.05000             0.00000
            16.15000             0.00000
            16.25000             0.00000
            16.35000             0.00000
            16.45000             0.00000
            16.55000             0.00000
            16.65000             0.00000
            16.75000             0.00000
            16.85000             0.00000
            16.95000             0.00000
            17.05000             0.00000
            17.15000             0.00000
            17.25000             0.00000
            17.35000             0.00000
            17.45000             0.00000
            17.55000             0.00000
            17.65000             0.00000
            17.75000             0.00000
            17.85000             0.00000
            17.95000             0.00000
            18.05000             0.00000
            18.15000             0.02791
            18.25000             0.06959
            18.35000             0.08596
            18.45000             0.10684
            18.55000             0.15166
            18.65000             0.08861
            18.75000             0.03440
            18.85000             0.06268
            18.95000             0.12623
            19.05000             0.15336
            19.15000             0.12913
            19.25000             0.14223
            19.35000             0.07955
            19.45000             0.03692
            19.55000             0.04267
            19.65000             0.04838
            19.75000             0.04416
            19.85000             0.05330
            19.95000             0.05015
            20.05000             0.04164
            20.15000             0.03957
            20.25000             0.03593
            20.35000             0.03626
            20.45000             0.03324
            20.55000             0.03527
            20.65000             0.03399
            20.75000             0.03519
            20.85000             0.03862
            20.95000             0.04321
            21.05000             0.04879
            21.15000             0.03965
            21.25000             0.03341
            21.35000             0.03258
            21.45000             0.02357
            21.55000             0.02530
            21.65000             0.03167
            21.75000             0.02750
            21.85000             0.02047
            21.95000             0.01815
            22.05000             0.01476
            22.15000             0.01025
            22.25000             0.00000
            22.35000             0.00000
            22.45000             0.00000
            22.55000             0.00000
            22.65000             0.00000
            22.75000             0.00000
            22.85000             0.00000
            22.95000             0.00000
            23.05000             0.00000
            23.15000             0.00000
            23.25000             0.00000
            23.35000             0.00000
            23.45000             0.00000
            23.55000             0.00000
            23.65000             0.00000
            23.75000             0.00000
            23.85000             0.00070
            23.95000             0.01505
            24.05000             0.02779
            24.15000             0.05160
            24.25000             0.06487
            24.35000             0.05751
            24.45000             0.05631
            24.55000             0.06198
            24.65000             0.07041
            24.75000             0.10022
            24.85000             0.07298
            24.95000             0.02807
            25.05000             0.10564
            25.15000             0.27239
            25.25000             0.09555
            25.35000             0.03527
            25.45000             0.00000
            25.55000             0.00000
            25.65000             0.00000
            25.75000             0.00000
            25.85000             0.00000
            25.95000             0.00000
            26.05000             0.00000
            26.15000             0.00000
            26.25000             0.00000
            26.35000             0.00000
            26.45000             0.00000
            26.55000             0.00000
            26.65000             0.00000
            26.75000             0.00000
            26.85000             0.00000
            26.95000             0.00000
            27.05000             0.00000
            27.15000             0.00000
            27.25000             0.00000
            27.35000             0.00000
            27.45000             0.00000
            27.55000             0.00000
            27.65000             0.00000
            27.75000             0.00000
            27.85000             0.00000
            27.95000             0.00000
            28.05000             0.00000
            28.15000             0.00000
            28.25000             0.00000
            28.35000             0.00000
            28.45000             0.00000
            28.55000             0.00000
            28.65000             0.00000
            28.75000             0.00000
            28.85000             0.00000
            28.95000             0.00000
            29.05000             0.00000
            29.15000             0.00000
            29.25000             0.00000
            29.35000             0.00000
            29.45000             0.00000
            29.55000             0.00000
            29.65000             0.00000
            29.75000             0.00000
            29.85000             0.00000
            29.95000             0.00000
