12
1 0.00040000 0.00000000 0.00000000
   -0.52482500      0.42184700      0.41251100
    0.26395500     -0.21495200     -0.21005100
    0.26086900     -0.20689500     -0.20246000
1 0.00000000 0.00040000 0.00000000
    0.42185900     -0.52527700     -0.41260400
   -0.20674100      0.26093400      0.20221600
   -0.21511800      0.26434400      0.21038800
1 0.00000000 0.00000000 0.00040000
    0.41245300     -0.41258300     -0.50654500
   -0.20245600      0.20246200      0.25217500
   -0.20999700      0.21012100      0.25437000
2 0.00040000 0.00000000 0.00000000
    0.26055100     -0.20682500     -0.20214700
   -0.26399400      0.23578000      0.23054200
    0.00344400     -0.02895500     -0.02839500
2 0.00000000 0.00040000 0.00000000
   -0.21494000      0.26447400      0.21034300
    0.24392800     -0.26735700     -0.23846000
   -0.02898800      0.00288400      0.02811600
2 0.00000000 0.00000000 0.00040000
   -0.20994100      0.21010900      0.25493800
    0.23823300     -0.23839400     -0.25626900
   -0.02829300      0.02828500      0.00133100
1 -0.00040000 0.00000000 0.00000000
    0.52487300     -0.42187400     -0.41241700
   -0.26075800      0.20670600      0.20214900
   -0.26411500      0.21516700      0.21026800
1 0.00000000 -0.00040000 0.00000000
   -0.42180400      0.52527200      0.41269500
    0.21493000     -0.26421100     -0.21013700
    0.20687400     -0.26106100     -0.20255800
1 0.00000000 0.00000000 -0.00040000
   -0.41243200      0.41259800      0.50667600
    0.21017000     -0.21024400     -0.25473200
    0.20226200     -0.20235500     -0.25194400
2 -0.00040000 0.00000000 0.00000000
   -0.26426900      0.21504500      0.21027000
    0.26707100     -0.24397500     -0.23836400
   -0.00280200      0.02893100      0.02809400
2 0.00000000 -0.00040000 0.00000000
    0.20677900     -0.26075200     -0.20222000
   -0.23578500      0.26421200      0.23062100
    0.02900600     -0.00346100     -0.02840100
2 0.00000000 0.00000000 -0.00040000
    0.20240800     -0.20244000     -0.25165700
   -0.23090900      0.23095600      0.25425000
    0.02850100     -0.02851600     -0.00259300
