12
1 0.00040000 0.00000000 0.00000000
   -0.52483600      0.42186100      0.41252400
    0.26416400     -0.21516300     -0.21025700
    0.26067100     -0.20669800     -0.20226700
1 0.00000000 0.00040000 0.00000000
    0.42187300     -0.52528800     -0.41261700
   -0.20654300      0.26073400      0.20202200
   -0.21533000      0.26455400      0.21059500
1 0.00000000 0.00000000 0.00040000
    0.41246500     -0.41259600     -0.50655400
   -0.20225800      0.20226400      0.25198000
   -0.21020700      0.21033200      0.25457400
2 0.00040000 0.00000000 0.00000000
    0.26055600     -0.20683200     -0.20215300
   -0.26379400      0.23558200      0.23034700
    0.00323800     -0.02875000     -0.02819400
2 0.00000000 0.00040000 0.00000000
   -0.21494800      0.26447900      0.21035000
    0.24414000     -0.26756700     -0.23866700
   -0.02919200      0.00308800      0.02831700
2 0.00000000 0.00000000 0.00040000
   -0.20994600      0.21011400      0.25494000
    0.23844500     -0.23860700     -0.25647400
   -0.02850000      0.02849200      0.00153300
1 -0.00040000 -0.00000000 -0.00000000
    0.52488400     -0.42188700     -0.41243000
   -0.26056000      0.20650900      0.20195600
   -0.26432400      0.21537800      0.21047400
1 -0.00000000 -0.00040000 -0.00000000
   -0.42181800      0.52528300      0.41270900
    0.21514200     -0.26442100     -0.21034400
    0.20667600     -0.26086200     -0.20236400
1 -0.00000000 -0.00000000 -0.00040000
   -0.41244300      0.41261000      0.50668500
    0.21038000     -0.21045400     -0.25493600
    0.20206300     -0.20215600     -0.25174900
2 -0.00040000 -0.00000000 -0.00000000
   -0.26427500      0.21505200      0.21027700
    0.26728300     -0.24418900     -0.23857300
   -0.00300700      0.02913600      0.02829600
2 -0.00000000 -0.00040000 -0.00000000
    0.20678600     -0.26075700     -0.20222700
   -0.23558800      0.26401300      0.23042800
    0.02880200     -0.00325600     -0.02820100
2 -0.00000000 -0.00000000 -0.00040000
    0.20241500     -0.20244800     -0.25166300
   -0.23071200      0.23076000      0.25405600
    0.02829700     -0.02831300     -0.00239300
