         250
 -0.4500000000000000 -0.4500000000000000 -0.4500000000000000  4.000000
 -0.4500000000000000 -0.4500000000000000 -0.3500000000000000  4.000000
 -0.4500000000000000 -0.4500000000000000 -0.2500000000000000  4.000000
 -0.4500000000000000 -0.4500000000000000 -0.1500000000000000  4.000000
 -0.4500000000000000 -0.4500000000000000 -0.0500000000000000  4.000000
 -0.4500000000000000 -0.3500000000000000 -0.4500000000000000  4.000000
 -0.4500000000000000 -0.3500000000000000 -0.3500000000000000  4.000000
 -0.4500000000000000 -0.3500000000000000 -0.2500000000000000  4.000000
 -0.4500000000000000 -0.3500000000000000 -0.1500000000000000  4.000000
 -0.4500000000000000 -0.3500000000000000 -0.0500000000000000  4.000000
 -0.4500000000000000 -0.2500000000000000 -0.4500000000000000  4.000000
 -0.4500000000000000 -0.2500000000000000 -0.3500000000000000  4.000000
 -0.4500000000000000 -0.2500000000000000 -0.2500000000000000  4.000000
 -0.4500000000000000 -0.2500000000000000 -0.1500000000000000  4.000000
 -0.4500000000000000 -0.2500000000000000 -0.0500000000000000  4.000000
 -0.4500000000000000 -0.1500000000000000 -0.4500000000000000  4.000000
 -0.4500000000000000 -0.1500000000000000 -0.3500000000000000  4.000000
 -0.4500000000000000 -0.1500000000000000 -0.2500000000000000  4.000000
 -0.4500000000000000 -0.1500000000000000 -0.1500000000000000  4.000000
 -0.4500000000000000 -0.1500000000000000 -0.0500000000000000  4.000000
 -0.4500000000000000 -0.0500000000000000 -0.4500000000000000  4.000000
 -0.4500000000000000 -0.0500000000000000 -0.3500000000000000  4.000000
 -0.4500000000000000 -0.0500000000000000 -0.2500000000000000  4.000000
 -0.4500000000000000 -0.0500000000000000 -0.1500000000000000  4.000000
 -0.4500000000000000 -0.0500000000000000 -0.0500000000000000  4.000000
 -0.4500000000000000  0.0500000000000000 -0.4500000000000000  4.000000
 -0.4500000000000000  0.0500000000000000 -0.3500000000000000  4.000000
 -0.4500000000000000  0.0500000000000000 -0.2500000000000000  4.000000
 -0.4500000000000000  0.0500000000000000 -0.1500000000000000  4.000000
 -0.4500000000000000  0.0500000000000000 -0.0500000000000000  4.000000
 -0.4500000000000000  0.1500000000000000 -0.4500000000000000  4.000000
 -0.4500000000000000  0.1500000000000000 -0.3500000000000000  4.000000
 -0.4500000000000000  0.1500000000000000 -0.2500000000000000  4.000000
 -0.4500000000000000  0.1500000000000000 -0.1500000000000000  4.000000
 -0.4500000000000000  0.1500000000000000 -0.0500000000000000  4.000000
 -0.4500000000000000  0.2500000000000000 -0.4500000000000000  4.000000
 -0.4500000000000000  0.2500000000000000 -0.3500000000000000  4.000000
 -0.4500000000000000  0.2500000000000000 -0.2500000000000000  4.000000
 -0.4500000000000000  0.2500000000000000 -0.1500000000000000  4.000000
 -0.4500000000000000  0.2500000000000000 -0.0500000000000000  4.000000
 -0.4500000000000000  0.3500000000000000 -0.4500000000000000  4.000000
 -0.4500000000000000  0.3500000000000000 -0.3500000000000000  4.000000
 -0.4500000000000000  0.3500000000000000 -0.2500000000000000  4.000000
 -0.4500000000000000  0.3500000000000000 -0.1500000000000000  4.000000
 -0.4500000000000000  0.3500000000000000 -0.0500000000000000  4.000000
 -0.4500000000000000  0.4500000000000000 -0.4500000000000000  4.000000
 -0.4500000000000000  0.4500000000000000 -0.3500000000000000  4.000000
 -0.4500000000000000  0.4500000000000000 -0.2500000000000000  4.000000
 -0.4500000000000000  0.4500000000000000 -0.1500000000000000  4.000000
 -0.4500000000000000  0.4500000000000000 -0.0500000000000000  4.000000
 -0.3500000000000000 -0.4500000000000000 -0.4500000000000000  4.000000
 -0.3500000000000000 -0.4500000000000000 -0.3500000000000000  4.000000
 -0.3500000000000000 -0.4500000000000000 -0.2500000000000000  4.000000
 -0.3500000000000000 -0.4500000000000000 -0.1500000000000000  4.000000
 -0.3500000000000000 -0.4500000000000000 -0.0500000000000000  4.000000
 -0.3500000000000000 -0.3500000000000000 -0.4500000000000000  4.000000
 -0.3500000000000000 -0.3500000000000000 -0.3500000000000000  4.000000
 -0.3500000000000000 -0.3500000000000000 -0.2500000000000000  4.000000
 -0.3500000000000000 -0.3500000000000000 -0.1500000000000000  4.000000
 -0.3500000000000000 -0.3500000000000000 -0.0500000000000000  4.000000
 -0.3500000000000000 -0.2500000000000000 -0.4500000000000000  4.000000
 -0.3500000000000000 -0.2500000000000000 -0.3500000000000000  4.000000
 -0.3500000000000000 -0.2500000000000000 -0.2500000000000000  4.000000
 -0.3500000000000000 -0.2500000000000000 -0.1500000000000000  4.000000
 -0.3500000000000000 -0.2500000000000000 -0.0500000000000000  4.000000
 -0.3500000000000000 -0.1500000000000000 -0.4500000000000000  4.000000
 -0.3500000000000000 -0.1500000000000000 -0.3500000000000000  4.000000
 -0.3500000000000000 -0.1500000000000000 -0.2500000000000000  4.000000
 -0.3500000000000000 -0.1500000000000000 -0.1500000000000000  4.000000
 -0.3500000000000000 -0.1500000000000000 -0.0500000000000000  4.000000
 -0.3500000000000000 -0.0500000000000000 -0.4500000000000000  4.000000
 -0.3500000000000000 -0.0500000000000000 -0.3500000000000000  4.000000
 -0.3500000000000000 -0.0500000000000000 -0.2500000000000000  4.000000
 -0.3500000000000000 -0.0500000000000000 -0.1500000000000000  4.000000
 -0.3500000000000000 -0.0500000000000000 -0.0500000000000000  4.000000
 -0.3500000000000000  0.0500000000000000 -0.4500000000000000  4.000000
 -0.3500000000000000  0.0500000000000000 -0.3500000000000000  4.000000
 -0.3500000000000000  0.0500000000000000 -0.2500000000000000  4.000000
 -0.3500000000000000  0.0500000000000000 -0.1500000000000000  4.000000
 -0.3500000000000000  0.0500000000000000 -0.0500000000000000  4.000000
 -0.3500000000000000  0.1500000000000000 -0.4500000000000000  4.000000
 -0.3500000000000000  0.1500000000000000 -0.3500000000000000  4.000000
 -0.3500000000000000  0.1500000000000000 -0.2500000000000000  4.000000
 -0.3500000000000000  0.1500000000000000 -0.1500000000000000  4.000000
 -0.3500000000000000  0.1500000000000000 -0.0500000000000000  4.000000
 -0.3500000000000000  0.2500000000000000 -0.4500000000000000  4.000000
 -0.3500000000000000  0.2500000000000000 -0.3500000000000000  4.000000
 -0.3500000000000000  0.2500000000000000 -0.2500000000000000  4.000000
 -0.3500000000000000  0.2500000000000000 -0.1500000000000000  4.000000
 -0.3500000000000000  0.2500000000000000 -0.0500000000000000  4.000000
 -0.3500000000000000  0.3500000000000000 -0.4500000000000000  4.000000
 -0.3500000000000000  0.3500000000000000 -0.3500000000000000  4.000000
 -0.3500000000000000  0.3500000000000000 -0.2500000000000000  4.000000
 -0.3500000000000000  0.3500000000000000 -0.1500000000000000  4.000000
 -0.3500000000000000  0.3500000000000000 -0.0500000000000000  4.000000
 -0.3500000000000000  0.4500000000000000 -0.4500000000000000  4.000000
 -0.3500000000000000  0.4500000000000000 -0.3500000000000000  4.000000
 -0.3500000000000000  0.4500000000000000 -0.2500000000000000  4.000000
 -0.3500000000000000  0.4500000000000000 -0.1500000000000000  4.000000
 -0.3500000000000000  0.4500000000000000 -0.0500000000000000  4.000000
 -0.2500000000000000 -0.4500000000000000 -0.4500000000000000  4.000000
 -0.2500000000000000 -0.4500000000000000 -0.3500000000000000  4.000000
 -0.2500000000000000 -0.4500000000000000 -0.2500000000000000  4.000000
 -0.2500000000000000 -0.4500000000000000 -0.1500000000000000  4.000000
 -0.2500000000000000 -0.4500000000000000 -0.0500000000000000  4.000000
 -0.2500000000000000 -0.3500000000000000 -0.4500000000000000  4.000000
 -0.2500000000000000 -0.3500000000000000 -0.3500000000000000  4.000000
 -0.2500000000000000 -0.3500000000000000 -0.2500000000000000  4.000000
 -0.2500000000000000 -0.3500000000000000 -0.1500000000000000  4.000000
 -0.2500000000000000 -0.3500000000000000 -0.0500000000000000  4.000000
 -0.2500000000000000 -0.2500000000000000 -0.4500000000000000  4.000000
 -0.2500000000000000 -0.2500000000000000 -0.3500000000000000  4.000000
 -0.2500000000000000 -0.2500000000000000 -0.2500000000000000  4.000000
 -0.2500000000000000 -0.2500000000000000 -0.1500000000000000  4.000000
 -0.2500000000000000 -0.2500000000000000 -0.0500000000000000  4.000000
 -0.2500000000000000 -0.1500000000000000 -0.4500000000000000  4.000000
 -0.2500000000000000 -0.1500000000000000 -0.3500000000000000  4.000000
 -0.2500000000000000 -0.1500000000000000 -0.2500000000000000  4.000000
 -0.2500000000000000 -0.1500000000000000 -0.1500000000000000  4.000000
 -0.2500000000000000 -0.1500000000000000 -0.0500000000000000  4.000000
 -0.2500000000000000 -0.0500000000000000 -0.4500000000000000  4.000000
 -0.2500000000000000 -0.0500000000000000 -0.3500000000000000  4.000000
 -0.2500000000000000 -0.0500000000000000 -0.2500000000000000  4.000000
 -0.2500000000000000 -0.0500000000000000 -0.1500000000000000  4.000000
 -0.2500000000000000 -0.0500000000000000 -0.0500000000000000  4.000000
 -0.2500000000000000  0.0500000000000000 -0.4500000000000000  4.000000
 -0.2500000000000000  0.0500000000000000 -0.3500000000000000  4.000000
 -0.2500000000000000  0.0500000000000000 -0.2500000000000000  4.000000
 -0.2500000000000000  0.0500000000000000 -0.1500000000000000  4.000000
 -0.2500000000000000  0.0500000000000000 -0.0500000000000000  4.000000
 -0.2500000000000000  0.1500000000000000 -0.4500000000000000  4.000000
 -0.2500000000000000  0.1500000000000000 -0.3500000000000000  4.000000
 -0.2500000000000000  0.1500000000000000 -0.2500000000000000  4.000000
 -0.2500000000000000  0.1500000000000000 -0.1500000000000000  4.000000
 -0.2500000000000000  0.1500000000000000 -0.0500000000000000  4.000000
 -0.2500000000000000  0.2500000000000000 -0.4500000000000000  4.000000
 -0.2500000000000000  0.2500000000000000 -0.3500000000000000  4.000000
 -0.2500000000000000  0.2500000000000000 -0.2500000000000000  4.000000
 -0.2500000000000000  0.2500000000000000 -0.1500000000000000  4.000000
 -0.2500000000000000  0.2500000000000000 -0.0500000000000000  4.000000
 -0.2500000000000000  0.3500000000000000 -0.4500000000000000  4.000000
 -0.2500000000000000  0.3500000000000000 -0.3500000000000000  4.000000
 -0.2500000000000000  0.3500000000000000 -0.2500000000000000  4.000000
 -0.2500000000000000  0.3500000000000000 -0.1500000000000000  4.000000
 -0.2500000000000000  0.3500000000000000 -0.0500000000000000  4.000000
 -0.2500000000000000  0.4500000000000000 -0.4500000000000000  4.000000
 -0.2500000000000000  0.4500000000000000 -0.3500000000000000  4.000000
 -0.2500000000000000  0.4500000000000000 -0.2500000000000000  4.000000
 -0.2500000000000000  0.4500000000000000 -0.1500000000000000  4.000000
 -0.2500000000000000  0.4500000000000000 -0.0500000000000000  4.000000
 -0.1500000000000000 -0.4500000000000000 -0.4500000000000000  4.000000
 -0.1500000000000000 -0.4500000000000000 -0.3500000000000000  4.000000
 -0.1500000000000000 -0.4500000000000000 -0.2500000000000000  4.000000
 -0.1500000000000000 -0.4500000000000000 -0.1500000000000000  4.000000
 -0.1500000000000000 -0.4500000000000000 -0.0500000000000000  4.000000
 -0.1500000000000000 -0.3500000000000000 -0.4500000000000000  4.000000
 -0.1500000000000000 -0.3500000000000000 -0.3500000000000000  4.000000
 -0.1500000000000000 -0.3500000000000000 -0.2500000000000000  4.000000
 -0.1500000000000000 -0.3500000000000000 -0.1500000000000000  4.000000
 -0.1500000000000000 -0.3500000000000000 -0.0500000000000000  4.000000
 -0.1500000000000000 -0.2500000000000000 -0.4500000000000000  4.000000
 -0.1500000000000000 -0.2500000000000000 -0.3500000000000000  4.000000
 -0.1500000000000000 -0.2500000000000000 -0.2500000000000000  4.000000
 -0.1500000000000000 -0.2500000000000000 -0.1500000000000000  4.000000
 -0.1500000000000000 -0.2500000000000000 -0.0500000000000000  4.000000
 -0.1500000000000000 -0.1500000000000000 -0.4500000000000000  4.000000
 -0.1500000000000000 -0.1500000000000000 -0.3500000000000000  4.000000
 -0.1500000000000000 -0.1500000000000000 -0.2500000000000000  4.000000
 -0.1500000000000000 -0.1500000000000000 -0.1500000000000000  4.000000
 -0.1500000000000000 -0.1500000000000000 -0.0500000000000000  4.000000
 -0.1500000000000000 -0.0500000000000000 -0.4500000000000000  4.000000
 -0.1500000000000000 -0.0500000000000000 -0.3500000000000000  4.000000
 -0.1500000000000000 -0.0500000000000000 -0.2500000000000000  4.000000
 -0.1500000000000000 -0.0500000000000000 -0.1500000000000000  4.000000
 -0.1500000000000000 -0.0500000000000000 -0.0500000000000000  4.000000
 -0.1500000000000000  0.0500000000000000 -0.4500000000000000  4.000000
 -0.1500000000000000  0.0500000000000000 -0.3500000000000000  4.000000
 -0.1500000000000000  0.0500000000000000 -0.2500000000000000  4.000000
 -0.1500000000000000  0.0500000000000000 -0.1500000000000000  4.000000
 -0.1500000000000000  0.0500000000000000 -0.0500000000000000  4.000000
 -0.1500000000000000  0.1500000000000000 -0.4500000000000000  4.000000
 -0.1500000000000000  0.1500000000000000 -0.3500000000000000  4.000000
 -0.1500000000000000  0.1500000000000000 -0.2500000000000000  4.000000
 -0.1500000000000000  0.1500000000000000 -0.1500000000000000  4.000000
 -0.1500000000000000  0.1500000000000000 -0.0500000000000000  4.000000
 -0.1500000000000000  0.2500000000000000 -0.4500000000000000  4.000000
 -0.1500000000000000  0.2500000000000000 -0.3500000000000000  4.000000
 -0.1500000000000000  0.2500000000000000 -0.2500000000000000  4.000000
 -0.1500000000000000  0.2500000000000000 -0.1500000000000000  4.000000
 -0.1500000000000000  0.2500000000000000 -0.0500000000000000  4.000000
 -0.1500000000000000  0.3500000000000000 -0.4500000000000000  4.000000
 -0.1500000000000000  0.3500000000000000 -0.3500000000000000  4.000000
 -0.1500000000000000  0.3500000000000000 -0.2500000000000000  4.000000
 -0.1500000000000000  0.3500000000000000 -0.1500000000000000  4.000000
 -0.1500000000000000  0.3500000000000000 -0.0500000000000000  4.000000
 -0.1500000000000000  0.4500000000000000 -0.4500000000000000  4.000000
 -0.1500000000000000  0.4500000000000000 -0.3500000000000000  4.000000
 -0.1500000000000000  0.4500000000000000 -0.2500000000000000  4.000000
 -0.1500000000000000  0.4500000000000000 -0.1500000000000000  4.000000
 -0.1500000000000000  0.4500000000000000 -0.0500000000000000  4.000000
 -0.0500000000000000 -0.4500000000000000 -0.4500000000000000  4.000000
 -0.0500000000000000 -0.4500000000000000 -0.3500000000000000  4.000000
 -0.0500000000000000 -0.4500000000000000 -0.2500000000000000  4.000000
 -0.0500000000000000 -0.4500000000000000 -0.1500000000000000  4.000000
 -0.0500000000000000 -0.4500000000000000 -0.0500000000000000  4.000000
 -0.0500000000000000 -0.3500000000000000 -0.4500000000000000  4.000000
 -0.0500000000000000 -0.3500000000000000 -0.3500000000000000  4.000000
 -0.0500000000000000 -0.3500000000000000 -0.2500000000000000  4.000000
 -0.0500000000000000 -0.3500000000000000 -0.1500000000000000  4.000000
 -0.0500000000000000 -0.3500000000000000 -0.0500000000000000  4.000000
 -0.0500000000000000 -0.2500000000000000 -0.4500000000000000  4.000000
 -0.0500000000000000 -0.2500000000000000 -0.3500000000000000  4.000000
 -0.0500000000000000 -0.2500000000000000 -0.2500000000000000  4.000000
 -0.0500000000000000 -0.2500000000000000 -0.1500000000000000  4.000000
 -0.0500000000000000 -0.2500000000000000 -0.0500000000000000  4.000000
 -0.0500000000000000 -0.1500000000000000 -0.4500000000000000  4.000000
 -0.0500000000000000 -0.1500000000000000 -0.3500000000000000  4.000000
 -0.0500000000000000 -0.1500000000000000 -0.2500000000000000  4.000000
 -0.0500000000000000 -0.1500000000000000 -0.1500000000000000  4.000000
 -0.0500000000000000 -0.1500000000000000 -0.0500000000000000  4.000000
 -0.0500000000000000 -0.0500000000000000 -0.4500000000000000  4.000000
 -0.0500000000000000 -0.0500000000000000 -0.3500000000000000  4.000000
 -0.0500000000000000 -0.0500000000000000 -0.2500000000000000  4.000000
 -0.0500000000000000 -0.0500000000000000 -0.1500000000000000  4.000000
 -0.0500000000000000 -0.0500000000000000 -0.0500000000000000  4.000000
 -0.0500000000000000  0.0500000000000000 -0.4500000000000000  4.000000
 -0.0500000000000000  0.0500000000000000 -0.3500000000000000  4.000000
 -0.0500000000000000  0.0500000000000000 -0.2500000000000000  4.000000
 -0.0500000000000000  0.0500000000000000 -0.1500000000000000  4.000000
 -0.0500000000000000  0.0500000000000000 -0.0500000000000000  4.000000
 -0.0500000000000000  0.1500000000000000 -0.4500000000000000  4.000000
 -0.0500000000000000  0.1500000000000000 -0.3500000000000000  4.000000
 -0.0500000000000000  0.1500000000000000 -0.2500000000000000  4.000000
 -0.0500000000000000  0.1500000000000000 -0.1500000000000000  4.000000
 -0.0500000000000000  0.1500000000000000 -0.0500000000000000  4.000000
 -0.0500000000000000  0.2500000000000000 -0.4500000000000000  4.000000
 -0.0500000000000000  0.2500000000000000 -0.3500000000000000  4.000000
 -0.0500000000000000  0.2500000000000000 -0.2500000000000000  4.000000
 -0.0500000000000000  0.2500000000000000 -0.1500000000000000  4.000000
 -0.0500000000000000  0.2500000000000000 -0.0500000000000000  4.000000
 -0.0500000000000000  0.3500000000000000 -0.4500000000000000  4.000000
 -0.0500000000000000  0.3500000000000000 -0.3500000000000000  4.000000
 -0.0500000000000000  0.3500000000000000 -0.2500000000000000  4.000000
 -0.0500000000000000  0.3500000000000000 -0.1500000000000000  4.000000
 -0.0500000000000000  0.3500000000000000 -0.0500000000000000  4.000000
 -0.0500000000000000  0.4500000000000000 -0.4500000000000000  4.000000
 -0.0500000000000000  0.4500000000000000 -0.3500000000000000  4.000000
 -0.0500000000000000  0.4500000000000000 -0.2500000000000000  4.000000
 -0.0500000000000000  0.4500000000000000 -0.1500000000000000  4.000000
 -0.0500000000000000  0.4500000000000000 -0.0500000000000000  4.000000
