#  T(K)     E(eV/cell)    F(eV/cell)    Fc(eV/cell)   S(kB/cell)    Cv(kB/cell)
    0.00           NaN    4.00269128           NaN           NaN           NaN
   10.00    4.00270068    4.00268829    0.19084852    0.01438490    0.04624113
   20.00    4.00288594    4.00263347    0.32435513    0.14648396    0.49194212
   30.00    4.00373664    4.00236120    0.43621838    0.53204255    1.56979580
   40.00    4.00568867    4.00164226    0.53402641    1.17390915    2.98939918
   50.00    4.00890510    4.00028497    0.62138308    2.00063670    4.47131559
   60.00    4.01337509    3.99816137    0.70041100    2.94244741    5.88730828
   70.00    4.01902218    3.99519502    0.77251274    3.95001457    7.20141834
   80.00    4.02575713    3.99134388    0.83868515    4.99183490    8.41327888
   90.00    4.03349537    3.98658759    0.89967358    6.04820939    9.53146457
  100.00    4.04216002    3.98091938    0.95605657    7.10663740   10.56471822
  110.00    4.05168109    3.97434124    1.00829629    8.15896558   11.52019166
  120.00    4.06199415    3.96686093    1.05677049    9.19973719   12.40372883
  130.00    4.07303944    3.95849010    1.10179375   10.22524497   13.22045363
  140.00    4.08476149    3.94924306    1.14363205   11.23297487   13.97519624
  150.00    4.09710893    3.93913591    1.18251331   12.22126419   14.67270795
  160.00    4.11003449    3.92818588    1.21863495   13.18907898   15.31772237
  170.00    4.12349495    3.91641088    1.25216969   14.13585975   15.91492955
  180.00    4.13745109    3.90382915    1.28326989   15.06140866   16.46891261
  190.00    4.15186759    3.89045897    1.31207093   15.96580358   16.98407764
  200.00    4.16671281    3.87631845    1.33869394   16.84933069   17.46459261
  210.00    4.18195859    3.86142540    1.36324791   17.71243108   17.91434201
  220.00    4.19757996    3.84579719    1.38583146   18.55565790   18.33689816
  230.00    4.21355493    3.82945068    1.40653419   19.37964224   18.73550752
  240.00    4.22986415    3.81240215    1.42543795   20.18506586   19.11308942
  250.00    4.24649062    3.79466730    1.44261774   20.97263972   19.47224421
  260.00    4.26341948    3.77626120    1.45814254   21.74308715   19.81526817
  270.00    4.28063773    3.75719830    1.47207605   22.49713083   20.14417319
  280.00    4.29813395    3.73749242    1.48447723   23.23548297   20.46070910
  290.00    4.31589817    3.71715679    1.49540083   23.95883797   20.76638755
  300.00    4.33392160    3.69620403    1.50489782   24.66786716   21.06250625
