    4   12   36
 12.011  1.000 14.001 16.000
    1    1  0.0080  0.0000  0.0000
 -0.465957978274  -0.122934160266  -0.000020678119
  0.015552849432   0.060234303569  -0.000018602043
  0.020169714949  -0.007364954392   0.000006053144
 -0.038920531911  -0.017861031501  -0.000002417708
  0.010811545913   0.000537684450   0.000001356584
  0.011964319193  -0.026831884615   0.000010068170
  0.001362905440  -0.001639665797   0.000000407083
  0.001751708585   0.004965713456  -0.000001108657
  0.130250805584  -0.007003512447   0.000019122463
  0.164787956115  -0.026873557598   0.000033096341
 -0.010073682071  -0.012573738519   0.000002737870
  0.158300387045   0.157344803659  -0.000030035128
    1    2  0.0000  0.0080  0.0000
 -0.122954125468  -0.609710226627   0.000130296604
  0.020068881783  -0.029204157476   0.000016125921
 -0.014348141390   0.003384758428  -0.000004492466
  0.009490989189   0.042400004880  -0.000011505656
 -0.026570200678  -0.008260586773  -0.000002715934
  0.001447562632  -0.009795612222   0.000003272160
 -0.000700479529   0.000276801092  -0.000000841870
  0.000735616968  -0.000985103581  -0.000001013964
 -0.031491105505   0.116338491869  -0.000030510714
  0.007250956441   0.110444821554  -0.000022063918
  0.000777067436   0.008546100338  -0.000004851046
  0.156292978121   0.376564708517  -0.000071699116
    1    3  0.0000  0.0000  0.0080
 -0.000024313458   0.000133326886  -0.142881097093
 -0.000015347115   0.000006543538   0.010827711024
  0.000001238994  -0.000014512313  -0.000193922740
 -0.000013572290  -0.000032001619   0.002071536232
  0.000004369467  -0.000004649137   0.001221252454
 -0.000004308104  -0.000011460617   0.001129082227
 -0.000005863109  -0.000012167262   0.000009421988
 -0.000004201613  -0.000011653318  -0.002823628149
  0.000059621977  -0.000038412926   0.041441335878
  0.000028650662   0.000004477961   0.038447196675
 -0.000008414396  -0.000016458437  -0.005293978586
 -0.000017861016  -0.000003032755   0.056045090090
    2    1  0.0080  0.0000  0.0000
  0.015523587035   0.020071491432   0.000027018857
 -0.639517578024   0.056195500404  -0.000115814905
  0.086292025832  -0.029913201537   0.000021748242
  0.030738742180  -0.020168237150   0.000016222141
 -0.015040275012  -0.015161787771   0.000006779696
  0.000433351231   0.000144041352   0.000004616237
 -0.009070425337   0.011305191216   0.000000981244
  0.002763268037   0.000991880330   0.000007683732
 -0.004113995940  -0.005275327652  -0.000012812107
  0.083330732430   0.001948230522  -0.000001344078
  0.451470422083  -0.015825345985   0.000090862114
 -0.002809854515  -0.004312435161  -0.000045941172
    2    2  0.0000  0.0080  0.0000
  0.060223890302  -0.029182627738   0.000025201271
  0.056217592236  -0.362862604499   0.000070283108
 -0.018969054001   0.142795382150  -0.000030271562
 -0.033151127553  -0.033596848798   0.000004791326
  0.010315767982   0.016889495053  -0.000002697764
 -0.001538230709   0.001576946147   0.000000362830
 -0.012927470152   0.013639149693  -0.000006025788
  0.003526044825   0.000094084471  -0.000001077460
 -0.001676757247   0.037301318025  -0.000010137643
 -0.024931128762   0.137545705057  -0.000036367221
 -0.018990255188   0.077144884055  -0.000010211019
 -0.018099271734  -0.001344883616  -0.000003850078
    2    3  0.0000  0.0000  0.0080
 -0.000016170884   0.000031836884   0.010832729684
 -0.000096285964   0.000083858639  -0.140323591805
  0.000006833312  -0.000049954699   0.054918010248
  0.000010842323  -0.000001592599  -0.001797344318
 -0.000008316298  -0.000005261402  -0.000436540829
  0.000001305885   0.000002611350   0.000483226075
  0.000005792912   0.000000487841  -0.000666345650
  0.000001378260  -0.000001559598  -0.008633189134
 -0.000004211892   0.000000446197   0.003750508447
  0.000028878855  -0.000040848230   0.035174355166
  0.000070839513  -0.000014456723   0.052198234172
 -0.000000886021  -0.000005567659  -0.005500052056
    3    1  0.0080  0.0000  0.0000
  0.020166302033  -0.014339014793   0.000010997649
  0.086305759902  -0.018938662730   0.000019759530
 -0.564956760926  -0.076069465539  -0.000071045689
  0.325268804095   0.004846606145   0.000050967695
  0.001503756496   0.003465974286  -0.000000233017
 -0.002574684920   0.000493922054   0.000000436297
  0.084209579620   0.086168909179  -0.000015786683
  0.010320980047   0.001424590463   0.000002077813
  0.022754530280   0.040911525893  -0.000009586442
 -0.025029601656   0.001955352789  -0.000000934698
  0.046788068903  -0.032468382156   0.000016111623
 -0.004756733876   0.002548644408  -0.000002764079
    3    2  0.0000  0.0080  0.0000
 -0.007373879057   0.003395207943  -0.000002505094
 -0.029888277644   0.142785452969  -0.000033563596
 -0.076040054112  -0.490657426838   0.000117296138
  0.025374897152   0.100983643932  -0.000014343295
  0.002774900527   0.002178031699  -0.000001107355
  0.001539094270   0.004451572450  -0.000001916582
  0.086055056226   0.219325688073  -0.000045836803
 -0.019691273339  -0.006230740409  -0.000003757061
  0.035690207333  -0.003410867196   0.000005493561
 -0.003115449479   0.034250932279  -0.000014368848
 -0.018310242411  -0.008125654001  -0.000005888551
  0.002985020534   0.001054159097   0.000000497486
    3    3  0.0000  0.0000  0.0080
 -0.000004228493   0.000002063011  -0.000197267508
  0.000032814234  -0.000063444319   0.054932139211
 -0.000063510952   0.000141821182  -0.075961851040
  0.000045277602  -0.000018637426   0.041106869776
 -0.000002541330   0.000000268267  -0.002867492249
 -0.000000484579  -0.000002273103  -0.002389177883
 -0.000021025449  -0.000049417323   0.020422001442
  0.000006250589  -0.000000097284  -0.005995237493
  0.000000653211  -0.000003882346  -0.008123047453
  0.000003718647   0.000003019915  -0.006083436216
  0.000008161234  -0.000014611200  -0.015631022063
 -0.000005084713   0.000005190626   0.000787521476
    4    1  0.0080  0.0000  0.0000
 -0.038920673977   0.009496507897  -0.000011498842
  0.030766215428  -0.033144989738   0.000009973243
  0.325320054426   0.025448887385   0.000058536451
 -0.607084693958   0.042881007006  -0.000126789047
  0.000426670665   0.000823706228   0.000004136701
  0.005554487189   0.025654781445  -0.000003397044
  0.007427978506  -0.000372314519   0.000008176016
  0.128586878646  -0.099819396477   0.000055184152
  0.132531076485   0.027117575796   0.000006185801
  0.015907465080   0.006089886106  -0.000005079423
 -0.007850259888   0.003162370818  -0.000005761528
  0.007334801399  -0.007338021948   0.000010333520
    4    2  0.0000  0.0080  0.0000
 -0.017857137744   0.042429000060  -0.000016177414
 -0.020131773658  -0.033622604934   0.000007013696
  0.004791775516   0.100954085755  -0.000017289475
  0.042926371078  -0.481902643079   0.000123611783
  0.000779803503   0.000376680301   0.000000822896
  0.000364414033  -0.002551606280   0.000003016485
  0.022522435601  -0.002054352118   0.000005808001
 -0.104890059014   0.170590859506  -0.000064738022
  0.058240037566   0.189656319436  -0.000039425213
  0.015337434192   0.007627296521   0.000001045978
 -0.006452293525   0.010301560118  -0.000004696069
  0.004368992451  -0.001804595285   0.000001007353
    4    3  0.0000  0.0000  0.0080
 -0.000002552196  -0.000007350958   0.002066404563
  0.000018587095  -0.000007733088  -0.001801153732
  0.000051512527  -0.000014508857   0.041100660660
 -0.000112330429   0.000137688314  -0.099902527795
  0.000000193639   0.000003835202   0.000525567411
 -0.000000316922   0.000008695612   0.005150875065
 -0.000003707107   0.000005282610   0.000649086382
  0.000056958238  -0.000063723146   0.029979664064
 -0.000007876799  -0.000071750071   0.028608793771
 -0.000000325503   0.000013081289  -0.000447013503
 -0.000002852330  -0.000004989226  -0.002568460407
  0.000002709786   0.000001472319  -0.003361896479
    5    1  0.0080  0.0000  0.0000
  0.010793218013  -0.026556136308   0.000004438693
 -0.015013513029   0.010315070260  -0.000009809991
  0.001508235954   0.002774695388   0.000002410442
  0.000436249280   0.000764518290   0.000001814276
 -0.133292579304   0.131488450245  -0.000068136675
  0.000333332231  -0.001172859276  -0.000004054585
 -0.000522749530   0.000619688159  -0.000005640988
 -0.000045509616  -0.000064312775   0.000008966401
  0.004732580992   0.001987477600   0.000033378712
  0.132566506726  -0.119652639062   0.000048265376
  0.001412124470  -0.002348164203  -0.000002703475
 -0.002907896189   0.001844211682  -0.000008928186
    5    2  0.0000  0.0080  0.0000
  0.000521081936  -0.008241365485   0.000002799326
 -0.015147997004   0.016898814357  -0.000008702408
  0.003460131741   0.002180594920  -0.000001268631
  0.000822479993   0.000376843201  -0.000000077372
  0.131536795654  -0.251217459914   0.000103857776
  0.000271148245  -0.000469136106  -0.000000351642
 -0.000698974044   0.000607406199  -0.000000710579
 -0.000050332738  -0.000008745298  -0.000000192796
  0.002293869932  -0.001372450189  -0.000000435710
 -0.123697201062   0.243675621807  -0.000096915512
  0.000128494612  -0.003848379747   0.000001825363
  0.000560502733   0.001418256254   0.000000172186
    5    3  0.0000  0.0000  0.0080
 -0.000000693561   0.000001854894   0.001237115871
 -0.000001627376   0.000000040137  -0.000446685982
 -0.000005555618   0.000014762941  -0.002892994724
 -0.000016169503   0.000014472203   0.000508095244
 -0.000068350313   0.000084260625  -0.011689932431
 -0.000006626818   0.000007023502  -0.000811506294
 -0.000008072089   0.000008866987  -0.000233042247
 -0.000006629675   0.000008401373   0.000357339138
 -0.000018471309   0.000014583182  -0.003223289436
  0.000134711755  -0.000143984665   0.011736408293
  0.000001565164  -0.000003467050   0.002870339769
 -0.000004080657  -0.000006814130   0.002588152800
    6    1  0.0080  0.0000  0.0000
  0.011949393197   0.001451122356   0.000006624954
  0.000468793188  -0.001523922064   0.000000504191
 -0.002545314824   0.001531318420  -0.000007494014
  0.005582440058   0.000379992606  -0.000006142302
  0.000345521845   0.000268614085  -0.000033691771
 -0.344049671105  -0.019369740139  -0.000061166950
  0.000153714524  -0.000171920399  -0.000008351465
 -0.000723845102  -0.000089577700  -0.000009615581
  0.330961787811   0.017470287890   0.000051585374
 -0.000096160797  -0.002016429093   0.000076000334
 -0.000732080518   0.000464146597  -0.000006509354
 -0.001314578276   0.001606107440  -0.000001743416
    6    2  0.0000  0.0080  0.0000
 -0.026815571743  -0.009772204511  -0.000001215489
  0.000156413916   0.001567172823   0.000000380519
  0.000530055013   0.004434819717  -0.000001413567
  0.025663323515  -0.002553346440   0.000008230101
 -0.001152152875  -0.000469798779   0.000000350499
 -0.019368177198  -0.052550278305   0.000002826371
  0.000993696746  -0.000150879868   0.000000410646
 -0.000255923775  -0.000379629340   0.000001135049
  0.018663022741   0.055511092189  -0.000011786536
 -0.002019011359   0.004980736139  -0.000001964885
 -0.000029977205  -0.000484722571   0.000000811946
  0.003634302224  -0.000132961055   0.000002235346
    6    3  0.0000  0.0000  0.0080
  0.000019170687   0.000000458080   0.001134078216
 -0.000000960175  -0.000003405769   0.000451792031
  0.000004350544  -0.000007741213  -0.002404211311
 -0.000014786587   0.000002353290   0.005159654806
 -0.000000752455  -0.000001337071  -0.000807559370
 -0.000044345525  -0.000013990996  -0.008663470241
  0.000001491040  -0.000000750461  -0.001483771553
 -0.000003202098   0.000002271077   0.001268257574
  0.000045268243   0.000039846076   0.004971561657
 -0.000002842354  -0.000003216262  -0.002256681893
 -0.000003542707  -0.000000989067   0.000174540016
  0.000000151388  -0.000013497685   0.002455810068
    7    1  0.0080  0.0000  0.0000
  0.001364055961  -0.000687874726   0.000000535707
 -0.009050014108  -0.012892635008  -0.000003718536
  0.084262852632   0.085940323881  -0.000016975588
  0.007416560766   0.022500854793  -0.000002842004
 -0.000520562392  -0.000696992565  -0.000004065579
  0.000142686983   0.000981254064  -0.000014472803
 -0.087219020352  -0.092830560204   0.000013104472
 -0.000759771849  -0.000129208890  -0.000005415800
  0.003744140251  -0.000996672211   0.000045724477
  0.001684341511  -0.002831170248  -0.000002795073
 -0.000635490144   0.001423467314  -0.000007303364
 -0.000429779260   0.000219213801  -0.000001775910
    7    2  0.0000  0.0080  0.0000
 -0.001626588469   0.000302946881  -0.000000547477
  0.011263300097   0.013650644519  -0.000002505726
  0.086227384462   0.219281775715  -0.000045829075
 -0.000338541326  -0.002054682635   0.000000640493
  0.000629184586   0.000606022314  -0.000000395085
 -0.000173911963  -0.000143290487  -0.000000592850
 -0.092897392091  -0.229833109904   0.000050680160
  0.000286826732  -0.000361795302   0.000001297233
 -0.000874407827  -0.001893495272  -0.000001590232
 -0.002399507342   0.002674773754  -0.000002184195
 -0.000515550745  -0.002057820659   0.000000914366
  0.000419203885  -0.000171968922   0.000000112388
    7    3  0.0000  0.0000  0.0080
  0.000003573041   0.000007637748  -0.000005472720
 -0.000016080470  -0.000006454174  -0.000627846258
 -0.000026320461  -0.000064912172   0.020500870562
  0.000015834558   0.000011746952   0.000667548273
  0.000000594249   0.000000158029  -0.000224217043
 -0.000004104088   0.000001711548  -0.001478611425
  0.000014181887   0.000026576518  -0.016810217244
 -0.000004326095   0.000008151421   0.004101659539
  0.000010644561   0.000000452552  -0.005899004747
  0.000008659944   0.000015155809  -0.001991952711
 -0.000002240015   0.000000800308   0.001406743251
 -0.000000417111  -0.000001024538   0.000360500523
    8    1  0.0080  0.0000  0.0000
  0.001744605000   0.000747972453  -0.000006382328
  0.002801684293   0.003519554436   0.000014366678
  0.010324524342  -0.019661568545   0.000058427837
  0.128629684652  -0.104773037601   0.000062598719
 -0.000047029264  -0.000048010792  -0.000006202145
 -0.000719702782  -0.000267199482  -0.000006453094
 -0.000761972223   0.000285517253  -0.000023242487
 -0.131886298775   0.107808172060  -0.000066674437
 -0.010312949358   0.012961629495  -0.000008205819
 -0.000742718517  -0.000191074474  -0.000007099886
  0.001213874955  -0.001420762561  -0.000002457785
 -0.000243702324   0.001038807757  -0.000008675252
    8    2  0.0000  0.0080  0.0000
  0.004962367965  -0.000955733906  -0.000000727117
  0.000986023553   0.000081016866  -0.000003734783
  0.001368982236  -0.006203933235  -0.000000738920
 -0.099777935825   0.170622744660  -0.000064927566
 -0.000053177537  -0.000010181587  -0.000000964980
 -0.000091921593  -0.000385555122  -0.000000550542
 -0.000131430357  -0.000365020307   0.000000257103
  0.107814654243  -0.185387188023   0.000085858406
 -0.014142778514   0.021711690194  -0.000011469384
 -0.000534085813  -0.000617649769  -0.000000838288
  0.000164838415  -0.000344675038  -0.000000360763
 -0.000565536772   0.001854485267  -0.000001803167
    8    3  0.0000  0.0000  0.0080
  0.000000885512   0.000006345510  -0.002820580044
  0.000003154340  -0.000004496025  -0.008649711524
 -0.000016396427   0.000006001660  -0.005982206815
  0.000061991265  -0.000064243350   0.030001885407
  0.000002586942  -0.000001312434   0.000373132286
 -0.000001779622   0.000000980054   0.001280803486
  0.000000733751   0.000003347500   0.004109835964
 -0.000058642969   0.000068146657  -0.018703137029
  0.000005183218  -0.000011041602  -0.002196954797
 -0.000001219149   0.000004546183   0.000391154809
  0.000006927078  -0.000003834236   0.001972481991
 -0.000003423939  -0.000004439917   0.000223296265
    9    1  0.0080  0.0000  0.0000
  0.130250888901  -0.031422908203   0.000025803472
 -0.004117956681  -0.001684368559  -0.000003889869
  0.022737562945   0.035668362428  -0.000007203106
  0.132560699591   0.058177557862   0.000000929999
  0.004720050030   0.002296562673   0.000000151206
  0.331042522669   0.018781948218   0.000059619826
  0.003745704257  -0.000894751940   0.000001607235
 -0.010313299774  -0.014166831374   0.000010625543
 -0.623145084373  -0.045211362842  -0.000097211183
  0.032172650405  -0.030375109193   0.000015356927
  0.004230015446   0.001480375981  -0.000000549271
 -0.023883753414   0.007350524949  -0.000005240780
    9    2  0.0000  0.0080  0.0000
 -0.007052400751   0.116327130183  -0.000024738400
 -0.005302234852   0.037292264171  -0.000011628002
  0.040886502288  -0.003416152686   0.000006276884
  0.027091018537   0.189626843353  -0.000046856622
  0.002001764437  -0.001370551559  -0.000000442133
  0.017465212865   0.055400751062  -0.000012695231
 -0.001021076800  -0.001901429215  -0.000001702494
  0.013054825127   0.021733170042  -0.000005188022
 -0.045126935198  -0.460522706037   0.000127206710
 -0.033722850184  -0.012821767228  -0.000004481302
  0.003061444705  -0.008756217601   0.000002934495
 -0.011335270174   0.068408665516  -0.000028685882
    9    3  0.0000  0.0000  0.0080
  0.000008065048  -0.000070072904   0.041422328827
  0.000013467677  -0.000007837929   0.003760423246
 -0.000001577852   0.000005028286  -0.008102408918
  0.000011093916  -0.000046305388   0.028570499800
  0.000003837687  -0.000005553206  -0.003194612981
  0.000057706773  -0.000013068629   0.004810437714
  0.000001489927  -0.000002688904  -0.005876714221
 -0.000005803563  -0.000013361593  -0.002212546656
 -0.000102402896   0.000176643985  -0.039547824995
  0.000009614793  -0.000004734583  -0.005601282011
  0.000001604454   0.000002044028  -0.000020040865
  0.000002904035  -0.000020093161  -0.014008258940
   10    1  0.0080  0.0000  0.0000
  0.164786744618   0.007229699018   0.000030497679
  0.083323295202  -0.024966425464   0.000018047473
 -0.024991950709  -0.003104744025  -0.000002375527
  0.015889747786   0.015312256216  -0.000003484068
  0.132532650176  -0.123715434100   0.000062887103
 -0.000146530637  -0.002029423272   0.000003480794
  0.001685382230  -0.002402915227   0.000002158130
 -0.000756335686  -0.000525917323   0.000000813502
  0.032176337377  -0.033698767543   0.000007530178
 -0.497937188318   0.083029893254  -0.000122449962
  0.055350730389   0.051287793448  -0.000000399760
  0.038087117572   0.033583985019   0.000003294457
   10    2  0.0000  0.0080  0.0000
 -0.026945891541   0.110432934104  -0.000027787466
  0.001909576423   0.137525930219  -0.000032212037
  0.001970883496   0.034247703273  -0.000013307458
  0.006102492130   0.007603458522  -0.000001199371
 -0.119814101085   0.243631397512  -0.000095480277
 -0.002007834018   0.004975980234  -0.000002541144
 -0.002833580797   0.002641649926  -0.000001914676
 -0.000172976328  -0.000633214331   0.000000430889
 -0.030355541468  -0.012832376656  -0.000003650147
  0.083048997618  -0.532780845781   0.000170788146
  0.034076169419  -0.003722825806   0.000003394638
  0.055021806153   0.008910208783   0.000003478903
   10    3  0.0000  0.0000  0.0080
  0.000017919961  -0.000067737891   0.038422767082
 -0.000044146469  -0.000056622253   0.035162193136
 -0.000009092456   0.000001364213  -0.006071209636
  0.000004414383   0.000014001362  -0.000431122293
  0.000069175060  -0.000097701765   0.011540751943
  0.000006667090   0.000000149940  -0.002232142950
  0.000009619248   0.000003052142  -0.001971225897
  0.000008629832   0.000002829641   0.000399248040
  0.000025371728  -0.000022975942  -0.005607599726
 -0.000153092843   0.000195675677  -0.041397747789
  0.000042594984   0.000003486998  -0.013188602451
  0.000021939481   0.000024477877  -0.014625309461
   11    1  0.0080  0.0000  0.0000
 -0.010072418534   0.000796247852  -0.000011786989
  0.451308553846  -0.019036129092   0.000074931835
  0.046793916689  -0.018274382678   0.000022876725
 -0.007824550073  -0.006443386473   0.000008083656
  0.001432296736   0.000140207440   0.000002558544
 -0.000714472167  -0.000032750347   0.000008731313
 -0.000621043031  -0.000520517753   0.000008914035
  0.001223059872   0.000151811319   0.000008909811
  0.004217983444   0.003062746978   0.000003023834
  0.055327134270   0.034062635022  -0.000053685462
 -0.546643740726   0.002135720181  -0.000085196532
  0.005573279674   0.003957797551   0.000012639229
   11    2  0.0000  0.0080  0.0000
 -0.012565310988   0.008567044843  -0.000008573034
 -0.015861257182   0.077184753252  -0.000013330431
 -0.032465688951  -0.008087083958  -0.000010441649
  0.003137952529   0.010320435044  -0.000005284859
 -0.002324139138  -0.003823928733  -0.000000005828
  0.000473892472  -0.000466050218  -0.000001501290
  0.001401392415  -0.002040880937  -0.000000325672
 -0.001408261947  -0.000323855181  -0.000001244401
  0.001479311127  -0.008739807333   0.000001292605
  0.051256309148  -0.003704772396   0.000005089501
  0.002190166444  -0.069177751488   0.000034760728
  0.004685634070   0.000291897105  -0.000000435669
   11    3  0.0000  0.0000  0.0080
  0.000016012902  -0.000003121629  -0.005290201838
  0.000090832140   0.000007796715   0.052263367550
  0.000034103015  -0.000000010352  -0.015628952518
 -0.000009661527  -0.000012018181  -0.002577661328
  0.000000590421  -0.000002007159   0.002897569924
  0.000000032166  -0.000002627784   0.000205273631
  0.000001104337  -0.000000334216   0.001409224833
  0.000000807053  -0.000001397181   0.001987040538
  0.000000498925   0.000005324222  -0.000023250373
 -0.000018372195   0.000009505332  -0.013242291639
 -0.000118840374   0.000001316995  -0.023397667302
  0.000002893137  -0.000002426761   0.001397548521
   12    1  0.0080  0.0000  0.0000
  0.158275188972   0.156106622956  -0.000028336398
 -0.002762366031  -0.018066849283   0.000009515813
 -0.004750129484   0.002983058540  -0.000002522916
  0.007332037437   0.004377532817   0.000001902353
 -0.002892658039   0.000583534891   0.000003930796
 -0.001303210314   0.003634830455   0.000002359211
 -0.000430192286   0.000417291438   0.000004213568
 -0.000241903237  -0.000564480037   0.000004080680
 -0.023871324391  -0.011304722083   0.000005629864
  0.038116026262   0.054968437559  -0.000012148408
  0.005567251730   0.004675386934  -0.000027580090
 -0.173038720620  -0.197810644187   0.000038955528
   12    2  0.0000  0.0080  0.0000
  0.157398071345   0.376421056335  -0.000070433543
 -0.004296761199  -0.001344471616  -0.000002048314
  0.002541388201   0.001037795434   0.000000467102
 -0.007335704411  -0.001772513145  -0.000001855856
  0.001857719527   0.001430198506   0.000000777753
  0.001599270386  -0.000093761868   0.000001191094
  0.000224407746  -0.000150092311   0.000000308896
  0.001023391649   0.001867493178   0.000000089172
  0.007339581531   0.068423104695  -0.000024665496
  0.033593542147   0.008897866125  -0.000000672838
  0.003954849714   0.000264611762   0.000001129298
 -0.197899756636  -0.454981287094   0.000095712732
   12    3  0.0000  0.0000  0.0080
 -0.000032922725  -0.000061328515   0.056069860049
 -0.000004362013  -0.000023664259  -0.005489755121
 -0.000007143728  -0.000009401397   0.000789848394
 -0.000003626999  -0.000007666608  -0.003352340450
 -0.000007478936  -0.000007468152   0.002610099783
 -0.000007821146  -0.000007574262   0.002471940941
 -0.000006470254  -0.000010092506   0.000399354672
 -0.000007506434  -0.000010737612   0.000245048330
 -0.000018967851  -0.000022750291  -0.014040747524
  0.000016814679   0.000001263244  -0.014654872853
 -0.000005603504  -0.000011907582   0.001411640020
  0.000085088911   0.000171327940  -0.026460076240
