10
1 0.00082621 -0.00000000 0.00000000
    0.07839000      0.01724100     -0.08590700
    0.00026300      0.00196600     -0.00193200
    0.00026400      0.00196300     -0.00193800
    0.00025700      0.00196400     -0.00193500
    0.00024800      0.00199600     -0.00190900
    0.00026400      0.00195500     -0.00193300
    0.00026600      0.00195900     -0.00192400
    0.00026800      0.00195700     -0.00193000
   -0.00160000      0.00035100      0.00197200
   -0.00183800      0.00038500      0.00207200
   -0.00193900      0.00025500      0.00194600
   -0.00192800      0.00027100      0.00196400
   -0.00192900      0.00026500      0.00195600
   -0.00194900      0.00025800      0.00198200
   -0.00192100      0.00027000      0.00196800
   -0.00194200      0.00024700      0.00194800
    0.00094300      0.00114400      0.00111100
    0.00099300      0.00111200      0.00109800
    0.00096700      0.00111600      0.00110000
    0.00097900      0.00109700      0.00110600
    0.00098300      0.00111200      0.00108800
    0.00097000      0.00110500      0.00111400
    0.00101900      0.00108700      0.00113700
    0.00097300      0.00111200      0.00110300
   -0.00313500      0.00066500      0.00136100
   -0.00188900      0.00195600      0.00022800
   -0.00192700      0.00195600      0.00026200
   -0.00194300      0.00196800      0.00026000
   -0.00194100      0.00203800      0.00025500
   -0.00192800      0.00194800      0.00026300
   -0.00192800      0.00196000      0.00026800
   -0.00192900      0.00196100      0.00026200
    0.00182800      0.00083100     -0.00248200
    0.00196200      0.00023900     -0.00193300
    0.00197600      0.00025800     -0.00192800
    0.00195500      0.00026100     -0.00193300
    0.00196900      0.00025600     -0.00190800
    0.00197900      0.00025200     -0.00194900
    0.00197000      0.00027300     -0.00192000
    0.00196700      0.00026800     -0.00192900
    0.00216200     -0.00192600      0.00022000
    0.00196000     -0.00194600      0.00026300
    0.00195200     -0.00192900      0.00026000
    0.00196500     -0.00193200      0.00025500
    0.00206900     -0.00199100      0.00023100
    0.00195600     -0.00192600      0.00026500
    0.00197000     -0.00192400      0.00027200
    0.00196300     -0.00193800      0.00026700
    0.00118000     -0.00083900     -0.00080400
    0.00083300     -0.00064900     -0.00092300
    0.00117100     -0.00081900     -0.00082100
    0.00118600     -0.00083000     -0.00080200
    0.00117200     -0.00082100     -0.00083100
    0.00117300     -0.00082500     -0.00082400
    0.00116300     -0.00083300     -0.00082200
    0.00113400     -0.00077100     -0.00090100
   -0.00086900      0.00118100     -0.00080100
   -0.00082100      0.00117900     -0.00082100
   -0.00083400      0.00117100     -0.00082700
   -0.00081400      0.00121000     -0.00077500
   -0.00082200      0.00117500     -0.00082900
   -0.00082400      0.00117200     -0.00082600
   -0.00082700      0.00116900     -0.00082800
   -0.00018500      0.00155100     -0.00121400
    0.00110500      0.00097900      0.00113100
    0.00091500      0.00095700      0.00122100
    0.00112000      0.00098800      0.00110000
    0.00111000      0.00097800      0.00110900
    0.00111700      0.00098300      0.00108300
    0.00106000      0.00080100      0.00131100
    0.00110400      0.00097300      0.00111500
    0.00110600      0.00098100      0.00111000
    0.00720900      0.00270700     -0.00374500
    0.00027100     -0.00195500      0.00193100
    0.00025500     -0.00193900      0.00196300
    0.00026600     -0.00192700      0.00197100
    0.00025400     -0.00193600      0.00196100
    0.00026300     -0.00192500      0.00196600
    0.00027000     -0.00192300      0.00196000
    0.00025400     -0.00194700      0.00194000
    0.00105100      0.00106400      0.00096000
    0.00111600      0.00109200      0.00097900
    0.00110600      0.00111800      0.00097500
    0.00106400      0.00091400      0.00095100
    0.00110700      0.00110400      0.00095900
    0.00111700      0.00110900      0.00098000
    0.00111000      0.00110200      0.00097800
    0.00108800      0.00112700      0.00099000
   -0.00090400     -0.00075300      0.00130300
   -0.00082600     -0.00081400      0.00118700
   -0.00082500     -0.00082100      0.00117300
   -0.00082700     -0.00082900      0.00117900
   -0.00077100     -0.00075900      0.00115900
   -0.00081800     -0.00083100      0.00117400
   -0.00082200     -0.00083700      0.00115800
   -0.00085500     -0.00073600      0.00113200
   -0.07264300     -0.01702400      0.06630400
   -0.00389100     -0.00009100      0.00001100
   -0.00386400     -0.00001300     -0.00004600
   -0.00386100     -0.00007500     -0.00002300
   -0.00377900     -0.00005600     -0.00004900
   -0.00384800      0.00000200     -0.00003700
   -0.00387200     -0.00002600     -0.00001900
   -0.00384500      0.00003500     -0.00005400
    0.00046300     -0.00618300      0.00135800
   -0.00012900     -0.00370300      0.00011600
    0.00000600     -0.00380800      0.00005300
   -0.00007000     -0.00387900     -0.00005400
   -0.00001000     -0.00376500     -0.00005300
   -0.00001700     -0.00388800     -0.00003500
   -0.00001200     -0.00391100     -0.00007500
    0.00003100     -0.00382200     -0.00005100
   -0.00044900     -0.00022800     -0.00058800
   -0.00016900     -0.00029800     -0.00019200
   -0.00019800     -0.00003400     -0.00033400
   -0.00006300     -0.00022800     -0.00018800
   -0.00014200     -0.00022500     -0.00014600
   -0.00001600     -0.00015000     -0.00024000
    0.00011100     -0.00036700     -0.00006400
    0.00002400     -0.00018900     -0.00025500
   -0.00269600      0.00639000     -0.00149500
    0.00002100      0.00003300     -0.00390200
   -0.00003700     -0.00002500     -0.00382500
   -0.00000100     -0.00003700     -0.00387300
    0.00018300      0.00026500     -0.00400500
   -0.00005200     -0.00003700     -0.00384700
   -0.00001300     -0.00005000     -0.00388600
   -0.00007700     -0.00006100     -0.00385000
   -0.00024800     -0.00001100     -0.00019900
    0.00002300     -0.00054500     -0.00014100
   -0.00027600     -0.00010100     -0.00015300
   -0.00024200     -0.00005800     -0.00023100
   -0.00011500     -0.00005400     -0.00026100
    0.00178600      0.00094500      0.00129900
   -0.00014900     -0.00003900     -0.00021600
   -0.00021100     -0.00006100     -0.00020600
   -0.00022700     -0.00021500     -0.00014500
   -0.00012200     -0.00027400     -0.00005500
   -0.00024300     -0.00025400      0.00003600
   -0.00071400     -0.00002700     -0.00049700
    0.00002300      0.00000700      0.00020000
   -0.00026600     -0.00020100     -0.00006000
   -0.00020300     -0.00019200     -0.00007200
   -0.00017600     -0.00022800     -0.00012200
   -0.02438300     -0.01627000      0.02447800
   -0.00155400     -0.00164000     -0.00159500
   -0.00158700     -0.00157600     -0.00161100
   -0.00157700     -0.00156100     -0.00154600
   -0.00166700     -0.00165600     -0.00148500
   -0.00156900     -0.00156300     -0.00158700
   -0.00157100     -0.00158000     -0.00155500
   -0.00153700     -0.00160200     -0.00157600
    0.00238400     -0.00191200      0.00213600
    0.00234800     -0.00203500      0.00242200
    0.00206300     -0.00187800      0.00190200
    0.00231500     -0.00206700      0.00226900
    0.00239900     -0.00196300      0.00241100
    0.00232700     -0.00207800      0.00224500
    0.00232000     -0.00214500      0.00248500
    0.00235400     -0.00200500      0.00233600
    0.00218900      0.00197800     -0.00137100
    0.00237600      0.00234400     -0.00205100
    0.00231500      0.00240300     -0.00194000
    0.00240200      0.00238200     -0.00204300
    0.00222200      0.00150400     -0.00290400
    0.00227100      0.00231900     -0.00198200
    0.00235100      0.00238400     -0.00208700
    0.00230800      0.00232000     -0.00198900
   -0.00210500      0.00243000      0.00228300
    0.00643200      0.00989100     -0.00476800
   -0.00202100      0.00234200      0.00240800
   -0.00203800      0.00235100      0.00233800
   -0.00200600      0.00231500      0.00234000
   -0.00220500      0.00243600      0.00240900
   -0.00206100      0.00232200      0.00226500
   -0.00200200      0.00233900      0.00235100
1 0.00000000 0.00000000 0.00082621
   -0.17164800     -0.17214000      0.17214000
    0.00026400      0.00195200     -0.00194500
    0.00026200      0.00195100     -0.00195100
    0.00026700      0.00195300     -0.00194900
    0.00027100      0.00194600     -0.00194600
    0.00026700      0.00194900     -0.00195300
    0.00027200      0.00196300     -0.00196300
    0.00026400      0.00194500     -0.00195200
   -0.00154900     -0.00069000      0.00147400
   -0.00128500     -0.00048400      0.00140000
   -0.00138500     -0.00045200      0.00140600
   -0.00137600     -0.00044800      0.00138100
   -0.00137800     -0.00044300      0.00138200
   -0.00141600     -0.00045600      0.00143000
   -0.00140400     -0.00045800      0.00140200
   -0.00137900     -0.00044400      0.00140800
    0.00124700      0.00053300      0.00062600
    0.00106000      0.00096200      0.00097200
    0.00106600      0.00098800      0.00097700
    0.00106400      0.00096700      0.00097300
    0.00106700      0.00096300      0.00097800
    0.00107100      0.00097400      0.00096200
    0.00107700      0.00091400      0.00096100
    0.00106100      0.00099200      0.00096900
   -0.00098700      0.00181800     -0.00062700
   -0.00136000      0.00146700     -0.00043600
   -0.00137900      0.00138700     -0.00044500
   -0.00138000      0.00140300     -0.00044500
   -0.00142100      0.00138200     -0.00040700
   -0.00138200      0.00138800     -0.00044100
   -0.00139400      0.00140800     -0.00046300
   -0.00139100      0.00139600     -0.00045100
    0.00150300     -0.00074500     -0.00089100
    0.00155200     -0.00034500     -0.00152900
    0.00153700     -0.00034500     -0.00154600
    0.00152700     -0.00034800     -0.00151300
    0.00152700     -0.00033700     -0.00152200
    0.00156600     -0.00036300     -0.00155300
    0.00157400     -0.00032400     -0.00150600
    0.00153600     -0.00036000     -0.00152800
    0.00142800     -0.00151700     -0.00023500
    0.00153100     -0.00152500     -0.00034400
    0.00152800     -0.00151800     -0.00035000
    0.00154800     -0.00151700     -0.00034200
    0.00154000     -0.00140000     -0.00036100
    0.00153200     -0.00151000     -0.00035500
    0.00158500     -0.00150000     -0.00031800
    0.00153100     -0.00154100     -0.00035400
    0.00106100     -0.00096900     -0.00099200
    0.00124700     -0.00062600     -0.00053300
    0.00107100     -0.00096200     -0.00097400
    0.00106600     -0.00097700     -0.00098800
    0.00106400     -0.00097300     -0.00096700
    0.00106700     -0.00097800     -0.00096300
    0.00106000     -0.00097200     -0.00096200
    0.00107700     -0.00096100     -0.00091400
   -0.00136000      0.00043600     -0.00146700
   -0.00139400      0.00046300     -0.00140800
   -0.00138000      0.00044500     -0.00140300
   -0.00142100      0.00040700     -0.00138200
   -0.00138200      0.00044100     -0.00138800
   -0.00137900      0.00044500     -0.00138700
   -0.00139100      0.00045100     -0.00139600
   -0.00098700      0.00062700     -0.00181800
    0.00154800      0.00034200      0.00151700
    0.00154000      0.00036100      0.00140000
    0.00153100      0.00034400      0.00152500
    0.00158500      0.00031800      0.00150000
    0.00153100      0.00035400      0.00154100
    0.00142800      0.00023500      0.00151700
    0.00153200      0.00035500      0.00151000
    0.00152800      0.00035000      0.00151800
    0.00361200      0.00262300     -0.00262300
    0.00027200     -0.00194600      0.00195700
    0.00027500     -0.00195400      0.00195400
    0.00026300     -0.00195100      0.00194700
    0.00026800     -0.00195900      0.00195900
    0.00026300     -0.00194700      0.00195100
    0.00026600     -0.00196200      0.00196200
    0.00027200     -0.00195700      0.00194600
    0.00156600      0.00155300      0.00036300
    0.00153700      0.00154600      0.00034500
    0.00153600      0.00152800      0.00036000
    0.00150300      0.00089100      0.00074500
    0.00155200      0.00152900      0.00034500
    0.00157400      0.00150600      0.00032400
    0.00152700      0.00151300      0.00034800
    0.00152700      0.00152200      0.00033700
   -0.00128500     -0.00140000      0.00048400
   -0.00140400     -0.00140200      0.00045800
   -0.00137600     -0.00138100      0.00044800
   -0.00137800     -0.00138200      0.00044300
   -0.00141600     -0.00143000      0.00045600
   -0.00138500     -0.00140600      0.00045200
   -0.00137900     -0.00140800      0.00044400
   -0.00154900     -0.00147400      0.00069000
    0.14982300      0.15973300     -0.15973300
   -0.00388100      0.00008700      0.00011100
   -0.00380800      0.00002800     -0.00002800
   -0.00384300      0.00002800      0.00001600
   -0.00392900     -0.00003300      0.00003300
   -0.00384300     -0.00001600     -0.00002800
   -0.00396800     -0.00000400      0.00000400
   -0.00388100     -0.00011100     -0.00008700
   -0.00094400     -0.00105900     -0.00006700
   -0.00030500     -0.00169500      0.00030900
   -0.00000500     -0.00181200      0.00014200
   -0.00009200     -0.00187400      0.00010200
   -0.00014900     -0.00197700      0.00011400
   -0.00011800     -0.00197400      0.00008100
   -0.00020300     -0.00194500     -0.00006400
   -0.00021300     -0.00185200      0.00009300
   -0.00010500     -0.00033400      0.00033400
   -0.00000200      0.00009600      0.00003600
   -0.00009100     -0.00009700      0.00009700
   -0.00005900     -0.00000800      0.00002600
   -0.00010600     -0.00006800      0.00006800
   -0.00005900     -0.00002600      0.00000800
   -0.00042400      0.00013600     -0.00013600
   -0.00000200     -0.00003600     -0.00009600
   -0.00039600     -0.00321500     -0.00180200
   -0.00002700      0.00016900     -0.00192200
   -0.00013200      0.00010900     -0.00189000
   -0.00010800      0.00008800     -0.00189500
   -0.00001200      0.00016100     -0.00198300
   -0.00014700      0.00007700     -0.00187100
   -0.00016200     -0.00012700     -0.00195700
   -0.00018800      0.00008300     -0.00190000
   -0.00010800      0.00189500     -0.00008800
   -0.00001200      0.00198300     -0.00016100
   -0.00002700      0.00192200     -0.00016900
   -0.00016200      0.00195700      0.00012700
   -0.00018800      0.00190000     -0.00008300
   -0.00039600      0.00180200      0.00321500
   -0.00014700      0.00187100     -0.00007700
   -0.00013200      0.00189000     -0.00010900
   -0.00011800     -0.00008100      0.00197400
   -0.00000500     -0.00014200      0.00181200
   -0.00021300     -0.00009300      0.00185200
   -0.00094400      0.00006700      0.00105900
   -0.00030500     -0.00030900      0.00169500
   -0.00020300      0.00006400      0.00194500
   -0.00009200     -0.00010200      0.00187400
   -0.00014900     -0.00011400      0.00197700
    0.00564300     -0.00010000     -0.01202500
   -0.00178400     -0.00203800     -0.00200600
   -0.00184000     -0.00195300     -0.00195700
   -0.00179100     -0.00194700     -0.00196400
   -0.00173700     -0.00189100     -0.00198300
   -0.00178400     -0.00188700     -0.00195500
   -0.00165200     -0.00190800     -0.00190200
   -0.00171900     -0.00191800     -0.00179800
    0.00222500     -0.00203700      0.00203700
    0.00232600     -0.00217600      0.00212100
    0.00301200     -0.00237300      0.00237300
    0.00237000     -0.00226100      0.00211600
    0.00256400     -0.00214600      0.00214600
    0.00237000     -0.00211600      0.00226100
    0.00238700     -0.00208600      0.00208600
    0.00232600     -0.00212100      0.00217600
    0.00291600      0.00336100     -0.00336100
    0.00233700      0.00218600     -0.00220000
    0.00282100      0.00214300     -0.00214300
    0.00230300      0.00216200     -0.00213100
    0.00247700      0.00232600     -0.00232600
    0.00230300      0.00213100     -0.00216200
    0.00234000      0.00221400     -0.00221400
    0.00233700      0.00220000     -0.00218600
   -0.00171900      0.00179800      0.00191800
    0.00564300      0.01202500      0.00010000
   -0.00178400      0.00195500      0.00188700
   -0.00184000      0.00195700      0.00195300
   -0.00179100      0.00196400      0.00194700
   -0.00173700      0.00198300      0.00189100
   -0.00178400      0.00200600      0.00203800
   -0.00165200      0.00190200      0.00190800
97 0.00082621 -0.00000000 0.00000000
   -0.06899000     -0.01717800      0.06827800
    0.00028900      0.00206800     -0.00201500
    0.00026300      0.00194300     -0.00191900
    0.00030500      0.00195400     -0.00193600
    0.00035100      0.00193300     -0.00195800
    0.00024100      0.00194000     -0.00193200
    0.00025700      0.00202900     -0.00199400
    0.00022800      0.00189800     -0.00189000
   -0.00089300     -0.00119000      0.00085200
   -0.00191400      0.00009600      0.00242700
   -0.00194400      0.00027900      0.00213500
   -0.00193600      0.00025100      0.00190100
   -0.00192500      0.00029800      0.00194100
   -0.00182900      0.00026800      0.00187400
   -0.00192600      0.00025800      0.00197100
   -0.00198200      0.00024100      0.00188900
    0.00092900      0.00073500      0.00073500
    0.00080500      0.00092900      0.00092900
    0.00093100      0.00124100      0.00105500
    0.00101000      0.00106400      0.00114900
    0.00093100      0.00105500      0.00124100
    0.00101000      0.00114900      0.00106400
    0.00083200      0.00101200      0.00101200
    0.00112300      0.00107600      0.00107600
   -0.00089300      0.00085200     -0.00119000
   -0.00191400      0.00242700      0.00009600
   -0.00192500      0.00194100      0.00029800
   -0.00182900      0.00187400      0.00026800
   -0.00194400      0.00213500      0.00027900
   -0.00193600      0.00190100      0.00025100
   -0.00192600      0.00197100      0.00025800
   -0.00198200      0.00188900      0.00024100
    0.00318100     -0.00129600     -0.00044400
    0.00203900      0.00016500     -0.00205300
    0.00182000      0.00019100     -0.00198600
    0.00194300      0.00031000     -0.00192400
    0.00195300      0.00033000     -0.00196800
    0.00187900      0.00029500     -0.00180600
    0.00200800      0.00030800     -0.00191200
    0.00190200      0.00021800     -0.00192400
    0.00318100     -0.00044400     -0.00129600
    0.00203900     -0.00205300      0.00016500
    0.00195300     -0.00196800      0.00033000
    0.00187900     -0.00180600      0.00029500
    0.00182000     -0.00198600      0.00019100
    0.00194300     -0.00192400      0.00031000
    0.00200800     -0.00191200      0.00030800
    0.00190200     -0.00192400      0.00021800
    0.00069800     -0.00070300     -0.00070300
    0.00040800     -0.00075900     -0.00075900
    0.00115300     -0.00085800     -0.00082000
    0.00116500     -0.00081900     -0.00082900
    0.00115300     -0.00082000     -0.00085800
    0.00116500     -0.00082900     -0.00081900
    0.00115300     -0.00087600     -0.00087600
    0.00163900     -0.00077300     -0.00077300
   -0.00045300      0.00064000     -0.00060800
   -0.00086600      0.00120800     -0.00082300
   -0.00098100      0.00118300     -0.00099600
   -0.00080000      0.00117100     -0.00073200
   -0.00080700      0.00114900     -0.00084500
   -0.00082500      0.00115100     -0.00081400
   -0.00079000      0.00113000     -0.00090200
   -0.00284900     -0.00168300      0.00049800
    0.00129100      0.00103600      0.00127700
    0.00090800      0.00099300      0.00112300
    0.00090100      0.00081600      0.00090700
    0.00116400      0.00094300      0.00110700
    0.00109400      0.00097500      0.00116800
    0.00140000      0.00131500      0.00132000
    0.00112700      0.00101300      0.00107600
    0.00110900      0.00086300      0.00108900
   -0.06899000      0.06827800     -0.01717800
    0.00028900     -0.00201500      0.00206800
    0.00035100     -0.00195800      0.00193300
    0.00024100     -0.00193200      0.00194000
    0.00026300     -0.00191900      0.00194300
    0.00030500     -0.00193600      0.00195400
    0.00025700     -0.00199400      0.00202900
    0.00022800     -0.00189000      0.00189800
    0.00129100      0.00127700      0.00103600
    0.00090800      0.00112300      0.00099300
    0.00109400      0.00116800      0.00097500
    0.00140000      0.00132000      0.00131500
    0.00090100      0.00090700      0.00081600
    0.00116400      0.00110700      0.00094300
    0.00112700      0.00107600      0.00101300
    0.00110900      0.00108900      0.00086300
   -0.00045300     -0.00060800      0.00064000
   -0.00086600     -0.00082300      0.00120800
   -0.00080700     -0.00084500      0.00114900
   -0.00082500     -0.00081400      0.00115100
   -0.00098100     -0.00099600      0.00118300
   -0.00080000     -0.00073200      0.00117100
   -0.00079000     -0.00090200      0.00113000
   -0.00284900      0.00049800     -0.00168300
    0.28871700     -0.16121700     -0.16121700
   -0.00425100      0.00063900      0.00063900
   -0.00406100     -0.00004700     -0.00017900
   -0.00388000      0.00011200      0.00014600
   -0.00406100     -0.00017900     -0.00004700
   -0.00388000      0.00014600      0.00011200
   -0.00405700      0.00000000      0.00000000
   -0.00358000      0.00030500      0.00030500
   -0.02345100      0.01947100     -0.00364000
   -0.00038500     -0.00287400      0.00051300
   -0.00022800     -0.00401100     -0.00078700
    0.00010300     -0.00386200      0.00014900
   -0.00016300     -0.00420000      0.00002500
    0.00008100     -0.00349800     -0.00002300
   -0.00013700     -0.00402500     -0.00033600
    0.00037800     -0.00370500      0.00039000
   -0.00106200      0.00003800      0.00003800
    0.00111800      0.00037500      0.00037500
    0.00042900     -0.00064700      0.00004500
   -0.00011600     -0.00015400     -0.00035600
    0.00042900      0.00004500     -0.00064700
   -0.00011600     -0.00035600     -0.00015400
   -0.00203100      0.00066800      0.00066800
   -0.00025300     -0.00003400     -0.00003400
   -0.02345100     -0.00364000      0.01947100
   -0.00038500      0.00051300     -0.00287400
   -0.00016300      0.00002500     -0.00420000
    0.00008100     -0.00002300     -0.00349800
   -0.00022800     -0.00078700     -0.00401100
    0.00010300      0.00014900     -0.00386200
   -0.00013700     -0.00033600     -0.00402500
    0.00037800      0.00039000     -0.00370500
   -0.00032800      0.00050300     -0.00035100
   -0.00055500     -0.00033000      0.00034600
    0.00015300      0.00081700     -0.00009200
   -0.00040100     -0.00002200      0.00010600
   -0.00083400     -0.00005400      0.00013700
   -0.00319200     -0.00517100     -0.01207900
   -0.00037400     -0.00014400     -0.00016200
   -0.00010500      0.00023100     -0.00024700
   -0.00032800     -0.00035100      0.00050300
   -0.00055500      0.00034600     -0.00033000
   -0.00083400      0.00013700     -0.00005400
   -0.00319200     -0.01207900     -0.00517100
    0.00015300     -0.00009200      0.00081700
   -0.00040100      0.00010600     -0.00002200
   -0.00037400     -0.00016200     -0.00014400
   -0.00010500     -0.00024700      0.00023100
   -0.08661400      0.05214100      0.05214100
   -0.00110300     -0.00217100     -0.00217100
   -0.00138300     -0.00162600     -0.00115400
   -0.00162700     -0.00159400     -0.00187900
   -0.00138300     -0.00115400     -0.00162600
   -0.00162700     -0.00187900     -0.00159400
   -0.00130300     -0.00148100     -0.00148100
   -0.00226700     -0.00183900     -0.00183900
    0.00233800     -0.00291400      0.00364700
    0.00239100     -0.00202200      0.00196900
    0.00491900      0.00275900      0.01019900
    0.00269100     -0.00256800      0.00189100
    0.00281300     -0.00201800      0.00230900
    0.00180100     -0.00250100      0.00189100
    0.00241000     -0.00153800      0.00201000
    0.00227200     -0.00222100      0.00231900
    0.00233800      0.00364700     -0.00291400
    0.00239100      0.00196900     -0.00202200
    0.00281300      0.00230900     -0.00201800
    0.00180100      0.00189100     -0.00250100
    0.00491900      0.01019900      0.00275900
    0.00269100      0.00189100     -0.00256800
    0.00241000      0.00201000     -0.00153800
    0.00227200      0.00231900     -0.00222100
   -0.00110100      0.00175600      0.00175600
   -0.02137800      0.04572700      0.04572700
   -0.00198100      0.00238500      0.00201800
   -0.00184800      0.00210400      0.00260000
   -0.00198100      0.00201800      0.00238500
   -0.00184800      0.00260000      0.00210400
   -0.00258700      0.00207900      0.00207900
   -0.00169100      0.00216900      0.00216900
97 0.00000000 0.00000000 0.00082621
    0.15814900      0.17638600     -0.17638600
    0.00028200      0.00185900     -0.00197600
    0.00023900      0.00200800     -0.00200800
    0.00026800      0.00193000     -0.00198100
    0.00019200      0.00190900     -0.00190900
    0.00026800      0.00198100     -0.00193000
    0.00028300      0.00188600     -0.00188600
    0.00028200      0.00197600     -0.00185900
   -0.00415900      0.00165400     -0.00044500
   -0.00173600     -0.00072800      0.00124300
   -0.00138700     -0.00044300      0.00135400
   -0.00140900     -0.00047100      0.00140300
   -0.00137100     -0.00046800      0.00139100
   -0.00140900     -0.00043100      0.00145300
   -0.00136100     -0.00043100      0.00142200
   -0.00136900     -0.00046900      0.00136000
    0.00148100      0.00097300      0.00137000
    0.00116100      0.00105500      0.00100900
    0.00111800      0.00083400      0.00097800
    0.00104700      0.00098500      0.00094800
    0.00106700      0.00101800      0.00097000
    0.00107200      0.00095500      0.00096400
    0.00091100      0.00103500      0.00105300
    0.00122500      0.00107600      0.00102400
    0.00226300      0.00567900     -0.00389300
   -0.00140800      0.00130000     -0.00052000
   -0.00139900      0.00143200     -0.00047800
   -0.00130500      0.00125800     -0.00045400
   -0.00139100      0.00136100     -0.00046700
   -0.00136800      0.00142900     -0.00043300
   -0.00136900      0.00136400     -0.00042100
   -0.00138100      0.00142800     -0.00044300
    0.00000100      0.00117900     -0.00162200
    0.00160700     -0.00036800     -0.00160400
    0.00138400     -0.00040900     -0.00151400
    0.00153600     -0.00035700     -0.00156100
    0.00153300     -0.00046700     -0.00149400
    0.00155500     -0.00034500     -0.00151500
    0.00150300     -0.00038400     -0.00152600
    0.00157400     -0.00033100     -0.00141700
    0.00157200     -0.00266800      0.00001200
    0.00159300     -0.00151900     -0.00039100
    0.00154800     -0.00153700     -0.00040700
    0.00142200     -0.00149200     -0.00032700
    0.00202200     -0.00146600     -0.00020600
    0.00153800     -0.00152500     -0.00035300
    0.00147400     -0.00154000     -0.00039100
    0.00157400     -0.00157800     -0.00032600
    0.00122500     -0.00102400     -0.00107600
    0.00148100     -0.00137000     -0.00097300
    0.00107200     -0.00096400     -0.00095500
    0.00111800     -0.00097800     -0.00083400
    0.00104700     -0.00094800     -0.00098500
    0.00106700     -0.00097000     -0.00101800
    0.00116100     -0.00100900     -0.00105500
    0.00091100     -0.00105300     -0.00103500
   -0.00140800      0.00052000     -0.00130000
   -0.00136900      0.00042100     -0.00136400
   -0.00130500      0.00045400     -0.00125800
   -0.00139100      0.00046700     -0.00136100
   -0.00136800      0.00043300     -0.00142900
   -0.00139900      0.00047800     -0.00143200
   -0.00138100      0.00044300     -0.00142800
    0.00226300      0.00389300     -0.00567900
    0.00142200      0.00032700      0.00149200
    0.00202200      0.00020600      0.00146600
    0.00159300      0.00039100      0.00151900
    0.00147400      0.00039100      0.00154000
    0.00157400      0.00032600      0.00157800
    0.00157200     -0.00001200      0.00266800
    0.00153800      0.00035300      0.00152500
    0.00154800      0.00040700      0.00153700
   -0.01295600      0.07699200     -0.07699200
    0.00026800     -0.00190600      0.00197700
    0.00017700     -0.00199600      0.00199600
    0.00025400     -0.00197800      0.00193700
    0.00030200     -0.00192300      0.00192300
    0.00025400     -0.00193700      0.00197800
    0.00027100     -0.00189000      0.00189000
    0.00026800     -0.00197700      0.00190600
    0.00155500      0.00151500      0.00034500
    0.00138400      0.00151400      0.00040900
    0.00157400      0.00141700      0.00033100
    0.00000100      0.00162200     -0.00117900
    0.00160700      0.00160400      0.00036800
    0.00150300      0.00152600      0.00038400
    0.00153600      0.00156100      0.00035700
    0.00153300      0.00149400      0.00046700
   -0.00173600     -0.00124300      0.00072800
   -0.00136100     -0.00142200      0.00043100
   -0.00140900     -0.00140300      0.00047100
   -0.00137100     -0.00139100      0.00046800
   -0.00140900     -0.00145300      0.00043100
   -0.00138700     -0.00135400      0.00044300
   -0.00136900     -0.00136000      0.00046900
   -0.00415900      0.00044500     -0.00165400
   -0.29773500     -0.37824000      0.37824000
   -0.00379000     -0.00002900     -0.00030100
   -0.00377800     -0.00013700      0.00013700
   -0.00382500      0.00003100     -0.00006500
   -0.00351900     -0.00000800      0.00000800
   -0.00382500      0.00006500     -0.00003100
   -0.00365500      0.00008200     -0.00008200
   -0.00379000      0.00030100      0.00002900
   -0.00442800      0.00123600      0.01099900
    0.00024700     -0.00233100     -0.00030900
    0.00009400     -0.00174000      0.00012200
   -0.00010200     -0.00185500      0.00006400
   -0.00030600     -0.00152600      0.00012100
    0.00000000     -0.00195600     -0.00005700
    0.00021600     -0.00172200      0.00038900
    0.00014600     -0.00182300      0.00003600
    0.00095100      0.00024800     -0.00024800
   -0.00053900     -0.00028700     -0.00010500
   -0.00093200      0.00071300     -0.00071300
   -0.00000200     -0.00010900     -0.00002000
   -0.00014500      0.00003400     -0.00003400
   -0.00000200      0.00002000      0.00010900
    0.00188400      0.00088200     -0.00088200
   -0.00053900      0.00010500      0.00028700
    0.03015100     -0.01911000     -0.03293500
   -0.00048500      0.00007400     -0.00157200
    0.00009900     -0.00002900     -0.00164400
   -0.00022800      0.00009600     -0.00163700
    0.00021400      0.00135400     -0.00215800
   -0.00010000     -0.00000700     -0.00201400
   -0.00015500      0.00039800     -0.00187100
   -0.00016500      0.00008100     -0.00211000
   -0.00022800      0.00163700     -0.00009600
    0.00021400      0.00215800     -0.00135400
   -0.00048500      0.00157200     -0.00007400
   -0.00015500      0.00187100     -0.00039800
   -0.00016500      0.00211000     -0.00008100
    0.03015100      0.03293500      0.01911000
   -0.00010000      0.00201400      0.00000700
    0.00009900      0.00164400      0.00002900
    0.00000000      0.00005700      0.00195600
    0.00009400     -0.00012200      0.00174000
    0.00014600     -0.00003600      0.00182300
   -0.00442800     -0.01099900     -0.00123600
    0.00024700      0.00030900      0.00233100
    0.00021600     -0.00038900      0.00172200
   -0.00010200     -0.00006400      0.00185500
   -0.00030600     -0.00012100      0.00152600
    0.04849400      0.05033600     -0.06042400
   -0.00172700     -0.00170500     -0.00182900
   -0.00194100     -0.00190200     -0.00203000
   -0.00169500     -0.00189900     -0.00198100
   -0.00196500     -0.00247500     -0.00165700
   -0.00183700     -0.00189600     -0.00189900
   -0.00206200     -0.00201700     -0.00210300
   -0.00188500     -0.00230500     -0.00186700
    0.00247700     -0.00176600      0.00176600
    0.00230700     -0.00219900      0.00213800
    0.00050700     -0.00166500      0.00166500
    0.00232100     -0.00198100      0.00224000
    0.00196300     -0.00206400      0.00206400
    0.00232100     -0.00224000      0.00198100
    0.00235400     -0.00279700      0.00279700
    0.00230700     -0.00213800      0.00219900
    0.00214000      0.00038800     -0.00038800
    0.00233300      0.00233700     -0.00212900
    0.00176200      0.00227300     -0.00227300
    0.00248700      0.00222900     -0.00203600
   -0.00087700     -0.00032800      0.00032800
    0.00248700      0.00203600     -0.00222900
    0.00213600      0.00230900     -0.00230900
    0.00233300      0.00212900     -0.00233700
   -0.00188500      0.00186700      0.00230500
    0.04849400      0.06042400     -0.05033600
   -0.00183700      0.00189900      0.00189600
   -0.00194100      0.00203000      0.00190200
   -0.00169500      0.00198100      0.00189900
   -0.00196500      0.00165700      0.00247500
   -0.00172700      0.00182900      0.00170500
   -0.00206200      0.00210300      0.00201700
145 0.00082621 -0.00000000 0.00000000
   -0.01196600      0.01110000      0.00995000
    0.00025200      0.00183000     -0.00192000
    0.00027900      0.00196100     -0.00194800
    0.00023600      0.00197600     -0.00193100
    0.00021000      0.00199400     -0.00192300
    0.00029900      0.00198600     -0.00192600
    0.00027200      0.00196000     -0.00190700
    0.00027100      0.00197400     -0.00200400
   -0.02320900      0.02045800     -0.02008000
   -0.00189800      0.00047900      0.00187800
   -0.00192900      0.00026800      0.00193900
   -0.00193000      0.00028600      0.00200800
   -0.00190800      0.00025400      0.00195300
   -0.00200000      0.00027000      0.00201500
   -0.00192900      0.00027900      0.00195600
   -0.00194800      0.00023000      0.00195100
    0.00102000      0.00126900      0.00126900
    0.00132400      0.00136300      0.00136300
    0.00099100      0.00111300      0.00112600
    0.00094400      0.00114200      0.00108000
    0.00099100      0.00112600      0.00111300
    0.00094400      0.00108000      0.00114200
    0.00127700      0.00137800      0.00137800
    0.00068000      0.00106200      0.00106200
   -0.02320900     -0.02008000      0.02045800
   -0.00189800      0.00187800      0.00047900
   -0.00190800      0.00195300      0.00025400
   -0.00200000      0.00201500      0.00027000
   -0.00192900      0.00193900      0.00026800
   -0.00193000      0.00200800      0.00028600
   -0.00192900      0.00195600      0.00027900
   -0.00194800      0.00195100      0.00023000
    0.00868000     -0.00564000      0.00345900
    0.00190900      0.00030000     -0.00188900
    0.00200200      0.00028000     -0.00189700
    0.00196600      0.00023700     -0.00194900
    0.00200400      0.00033000     -0.00182800
    0.00203400      0.00023600     -0.00200900
    0.00192700      0.00024100     -0.00194000
    0.00208700      0.00034900     -0.00191200
    0.00868000      0.00345900     -0.00564000
    0.00190900     -0.00188900      0.00030000
    0.00200400     -0.00182800      0.00033000
    0.00203400     -0.00200900      0.00023600
    0.00200200     -0.00189700      0.00028000
    0.00196600     -0.00194900      0.00023700
    0.00192700     -0.00194000      0.00024100
    0.00208700     -0.00191200      0.00034900
    0.00206500     -0.00035400     -0.00035400
    0.00115500     -0.00106100     -0.00106100
    0.00118100     -0.00081300     -0.00082100
    0.00116600     -0.00083100     -0.00082600
    0.00118100     -0.00082100     -0.00081300
    0.00116600     -0.00082600     -0.00083100
    0.00106600     -0.00072900     -0.00072900
    0.00101400     -0.00063800     -0.00063800
   -0.00074500      0.00130700     -0.00046900
   -0.00078600      0.00115100     -0.00083200
   -0.00068200      0.00120000     -0.00053300
   -0.00082100      0.00117300     -0.00086900
   -0.00084800      0.00118500     -0.00082200
   -0.00080300      0.00116000     -0.00082600
   -0.00087300      0.00116700     -0.00078700
    0.00002500      0.00128800     -0.00167700
    0.00089100      0.00092000      0.00102800
    0.00121500      0.00097800      0.00107800
    0.00117600      0.00093300      0.00108400
    0.00107300      0.00099300      0.00111300
    0.00110500      0.00100800      0.00097600
    0.00107300      0.00126100      0.00077500
    0.00110400      0.00094000      0.00113700
    0.00107700      0.00099200      0.00109800
   -0.01196600      0.00995000      0.01110000
    0.00025200     -0.00192000      0.00183000
    0.00021000     -0.00192300      0.00199400
    0.00029900     -0.00192600      0.00198600
    0.00027900     -0.00194800      0.00196100
    0.00023600     -0.00193100      0.00197600
    0.00027200     -0.00190700      0.00196000
    0.00027100     -0.00200400      0.00197400
    0.00089100      0.00102800      0.00092000
    0.00121500      0.00107800      0.00097800
    0.00110500      0.00097600      0.00100800
    0.00107300      0.00077500      0.00126100
    0.00117600      0.00108400      0.00093300
    0.00107300      0.00111300      0.00099300
    0.00110400      0.00113700      0.00094000
    0.00107700      0.00109800      0.00099200
   -0.00074500     -0.00046900      0.00130700
   -0.00078600     -0.00083200      0.00115100
   -0.00084800     -0.00082200      0.00118500
   -0.00080300     -0.00082600      0.00116000
   -0.00068200     -0.00053300      0.00120000
   -0.00082100     -0.00086900      0.00117300
   -0.00087300     -0.00078700      0.00116700
    0.00002500     -0.00167700      0.00128800
   -0.05782600      0.05948800      0.05948800
   -0.00354700     -0.00070700     -0.00070700
   -0.00383300      0.00011400      0.00002000
   -0.00382300     -0.00021000     -0.00009700
   -0.00383300      0.00002000      0.00011400
   -0.00382300     -0.00009700     -0.00021000
   -0.00381000     -0.00005100     -0.00005100
   -0.00404000     -0.00004700     -0.00004700
   -0.07125900      0.04672700      0.03891200
    0.00015300     -0.00449300     -0.00020500
    0.00016800     -0.00379500      0.00028700
   -0.00019800     -0.00387400     -0.00022900
    0.00015100     -0.00354600     -0.00018200
   -0.00008400     -0.00413600      0.00000300
    0.00005300     -0.00379600      0.00016400
   -0.00021000     -0.00395500     -0.00065300
    0.00041800     -0.00006100     -0.00006100
   -0.00223800     -0.00082200     -0.00082200
   -0.00022100     -0.00003900     -0.00044200
    0.00001500     -0.00035100     -0.00001600
   -0.00022100     -0.00044200     -0.00003900
    0.00001500     -0.00001600     -0.00035100
   -0.00059700     -0.00086500     -0.00086500
    0.00080100     -0.00040300     -0.00040300
   -0.07125900      0.03891200      0.04672700
    0.00015300     -0.00020500     -0.00449300
    0.00015100     -0.00018200     -0.00354600
   -0.00008400      0.00000300     -0.00413600
    0.00016800      0.00028700     -0.00379500
   -0.00019800     -0.00022900     -0.00387400
    0.00005300      0.00016400     -0.00379600
   -0.00021000     -0.00065300     -0.00395500
   -0.00024600     -0.00053600     -0.00027200
   -0.00002400      0.00005200     -0.00053200
   -0.00050400     -0.00006300     -0.00008500
   -0.00009800     -0.00013800     -0.00044500
    0.00064600     -0.00002100     -0.00075000
   -0.00681800     -0.00262400      0.00570500
   -0.00001800      0.00001100     -0.00025300
   -0.00034400     -0.00013500     -0.00019000
   -0.00024600     -0.00027200     -0.00053600
   -0.00002400     -0.00053200      0.00005200
    0.00064600     -0.00075000     -0.00002100
   -0.00681800      0.00570500     -0.00262400
   -0.00050400     -0.00008500     -0.00006300
   -0.00009800     -0.00044500     -0.00013800
   -0.00001800     -0.00025300      0.00001100
   -0.00034400     -0.00019000     -0.00013500
    0.23418400     -0.18756800     -0.18756800
   -0.00200700     -0.00105100     -0.00105100
   -0.00173100     -0.00155800     -0.00183200
   -0.00148100     -0.00155700     -0.00129800
   -0.00173100     -0.00183200     -0.00155800
   -0.00148100     -0.00129800     -0.00155700
   -0.00173900     -0.00159600     -0.00159600
   -0.00116800     -0.00132400     -0.00132400
    0.00213500     -0.00163400      0.00176900
    0.00233900     -0.00204000      0.00266500
    0.00996700     -0.01373700     -0.00410600
    0.00174200     -0.00149200      0.00270200
    0.00198500     -0.00202500      0.00229600
    0.00292600     -0.00162900      0.00254800
    0.00231800     -0.00227800      0.00248900
    0.00234300     -0.00180100      0.00224900
    0.00213500      0.00176900     -0.00163400
    0.00233900      0.00266500     -0.00204000
    0.00198500      0.00229600     -0.00202500
    0.00292600      0.00254800     -0.00162900
    0.00996700     -0.00410600     -0.01373700
    0.00174200      0.00270200     -0.00149200
    0.00231800      0.00248900     -0.00227800
    0.00234300      0.00224900     -0.00180100
   -0.00320100      0.00306200      0.00306200
    0.00865100      0.03566700      0.03566700
   -0.00196900      0.00229100      0.00264900
   -0.00210500      0.00242900      0.00221900
   -0.00196900      0.00264900      0.00229100
   -0.00210500      0.00221900      0.00242900
   -0.00163800      0.00227600      0.00227600
   -0.00215200      0.00248000      0.00248000
1 -0.00082621 0.00000000 -0.00000000
   -0.07794300     -0.01236800      0.08213200
    0.00026600      0.00195900     -0.00193000
    0.00026800      0.00196300     -0.00193100
    0.00027300      0.00195800     -0.00193000
    0.00028500      0.00192800     -0.00195800
    0.00026700      0.00196900     -0.00193300
    0.00026400      0.00196400     -0.00194100
    0.00026600      0.00196800     -0.00193900
   -0.00223900      0.00015300      0.00195500
   -0.00202800      0.00014900      0.00185200
   -0.00192800      0.00027500      0.00197600
   -0.00193600      0.00025900      0.00195900
   -0.00193500      0.00026400      0.00196700
   -0.00191800      0.00027500      0.00194500
   -0.00194700      0.00026200      0.00195600
   -0.00192300      0.00028200      0.00197600
    0.00100800      0.00106900      0.00110000
    0.00095900      0.00110300      0.00111700
    0.00098500      0.00109900      0.00111700
    0.00097300      0.00111900      0.00111000
    0.00096800      0.00110700      0.00112600
    0.00098100      0.00111300      0.00110200
    0.00095100      0.00112000      0.00107700
    0.00097700      0.00110700      0.00111600
   -0.00072500      0.00325500     -0.00084500
   -0.00197900      0.00197100      0.00030700
   -0.00193700      0.00196800      0.00026700
   -0.00192400      0.00195900      0.00027200
   -0.00192500      0.00188600      0.00027400
   -0.00193700      0.00197600      0.00026800
   -0.00193900      0.00196400      0.00026300
   -0.00193600      0.00196200      0.00026900
    0.00209100     -0.00030600     -0.00138200
    0.00196000      0.00029200     -0.00193100
    0.00194700      0.00027200     -0.00194100
    0.00196800      0.00026900     -0.00193200
    0.00195300      0.00027400     -0.00195600
    0.00194900      0.00028000     -0.00192000
    0.00195500      0.00025900     -0.00194700
    0.00195800      0.00026300     -0.00193800
    0.00175900     -0.00192800      0.00029100
    0.00196300     -0.00191900      0.00026800
    0.00197100     -0.00193300      0.00026900
    0.00196400     -0.00193700      0.00027800
    0.00185000     -0.00188000      0.00029800
    0.00196800     -0.00193800      0.00026600
    0.00195500     -0.00194300      0.00026000
    0.00196200     -0.00192800      0.00026400
    0.00116000     -0.00081200     -0.00084800
    0.00151100     -0.00100200     -0.00072700
    0.00116800     -0.00083100     -0.00083200
    0.00115300     -0.00082200     -0.00084800
    0.00116800     -0.00083000     -0.00082000
    0.00116400     -0.00082200     -0.00083100
    0.00117700     -0.00081800     -0.00083000
    0.00122000     -0.00087500     -0.00074100
   -0.00078000      0.00115500     -0.00085000
   -0.00083100      0.00116000     -0.00082800
   -0.00081400      0.00117100     -0.00082400
   -0.00083800      0.00112700     -0.00087600
   -0.00082700      0.00116500     -0.00082200
   -0.00082600      0.00116600     -0.00082700
   -0.00082400      0.00117300     -0.00081900
   -0.00145100      0.00080700     -0.00044700
    0.00111000      0.00097400      0.00108100
    0.00130100      0.00099300      0.00100000
    0.00109800      0.00096100      0.00111700
    0.00110400      0.00097300      0.00110700
    0.00109500      0.00097000      0.00113300
    0.00116000      0.00116800      0.00090000
    0.00111400      0.00097700      0.00110300
    0.00111100      0.00096900      0.00110400
   -0.00665200     -0.00646800      0.00762600
    0.00025800     -0.00190600      0.00199300
    0.00027900     -0.00192600      0.00196000
    0.00026500     -0.00193800      0.00195300
    0.00027700     -0.00193000      0.00196400
    0.00026800     -0.00193900      0.00195600
    0.00025900     -0.00194200      0.00196300
    0.00028000     -0.00192100      0.00198500
    0.00116600      0.00114900      0.00099200
    0.00110100      0.00112900      0.00096900
    0.00110500      0.00110000      0.00097700
    0.00116600      0.00129000      0.00102400
    0.00111000      0.00111100      0.00098800
    0.00109700      0.00110700      0.00097000
    0.00110700      0.00111600      0.00097000
    0.00113000      0.00108800      0.00095900
   -0.00074200     -0.00089500      0.00103300
   -0.00082700     -0.00083400      0.00115100
   -0.00082500     -0.00082900      0.00116600
   -0.00082300     -0.00082400      0.00115800
   -0.00087400     -0.00089100      0.00118200
   -0.00083500     -0.00081700      0.00116200
   -0.00082900     -0.00081000      0.00118400
   -0.00078700     -0.00092300      0.00122800
    0.06527400      0.01569800     -0.06699500
   -0.00381900      0.00005100     -0.00005100
   -0.00384900     -0.00003400     -0.00001200
   -0.00385300      0.00002200     -0.00003300
   -0.00394000     -0.00000100     -0.00000500
   -0.00386000     -0.00005600     -0.00001900
   -0.00383800     -0.00002800     -0.00003200
   -0.00386200     -0.00009200     -0.00000400
   -0.00052800     -0.00161500     -0.00131000
    0.00007200     -0.00401800     -0.00017100
   -0.00006400     -0.00390400     -0.00011500
    0.00001600     -0.00383500     -0.00000100
   -0.00003900     -0.00394900      0.00000900
   -0.00004000     -0.00382800     -0.00002400
   -0.00005000     -0.00380200      0.00001500
   -0.00008600     -0.00388800      0.00000400
    0.00035200     -0.00019300      0.00017400
    0.00005900     -0.00012000     -0.00022500
    0.00010100     -0.00040500     -0.00006200
   -0.00004000     -0.00018900     -0.00023200
    0.00002200     -0.00017100     -0.00028900
   -0.00008500     -0.00026800     -0.00018500
   -0.00013700     -0.00006700     -0.00030900
   -0.00011700     -0.00023300     -0.00016800
    0.00258700     -0.00638600     -0.00626600
   -0.00007600     -0.00008700     -0.00382200
   -0.00001100     -0.00001200     -0.00388400
   -0.00004900     -0.00001700     -0.00384500
   -0.00024500     -0.00034400     -0.00371400
   -0.00000600     -0.00001500     -0.00386700
   -0.00004600     -0.00001200     -0.00382600
    0.00002400      0.00001200     -0.00386000
   -0.00017300     -0.00009500     -0.00022500
   -0.00045600      0.00044000     -0.00025500
   -0.00013500     -0.00000800     -0.00026900
   -0.00018600     -0.00005500     -0.00017300
   -0.00032600     -0.00005100     -0.00014200
   -0.00216400     -0.00089800     -0.00173700
   -0.00027000     -0.00006700     -0.00020700
   -0.00019800     -0.00005400     -0.00022500
   -0.00018700     -0.00021200      0.00004200
   -0.00030400     -0.00013200     -0.00005800
   -0.00020000     -0.00014800     -0.00013800
    0.00038300     -0.00048800      0.00048700
   -0.00043300     -0.00043100     -0.00030700
   -0.00016700     -0.00020400     -0.00005100
   -0.00022500     -0.00022700     -0.00003500
   -0.00023400     -0.00020000      0.00001700
    0.02063700      0.01301500     -0.02720600
   -0.00158500     -0.00150000     -0.00154700
   -0.00156200     -0.00156000     -0.00152900
   -0.00155300     -0.00157500     -0.00160000
   -0.00147500     -0.00147900     -0.00165900
   -0.00156600     -0.00157400     -0.00154500
   -0.00156500     -0.00156100     -0.00158000
   -0.00159900     -0.00152900     -0.00154800
    0.00227200     -0.00209600      0.00250800
    0.00233400     -0.00200400      0.00225400
    0.00270700     -0.00224900      0.00289100
    0.00236000     -0.00197000      0.00239600
    0.00227200     -0.00207000      0.00224100
    0.00233400     -0.00195900      0.00243200
    0.00235100     -0.00187400      0.00218400
    0.00231100     -0.00203000      0.00232500
    0.00245900      0.00271100     -0.00266700
    0.00229500      0.00233400     -0.00198900
    0.00235700      0.00225000     -0.00208700
    0.00225900      0.00229300     -0.00198900
    0.00255800      0.00329800     -0.00122900
    0.00240100      0.00234700     -0.00205800
    0.00231900      0.00229400     -0.00193700
    0.00236100      0.00234100     -0.00205200
   -0.00194300      0.00225200      0.00239700
   -0.01055900     -0.00502200      0.00948300
   -0.00201700      0.00233400      0.00224900
   -0.00198800      0.00232100      0.00232400
   -0.00203400      0.00234500      0.00233200
   -0.00181600      0.00223600      0.00225500
   -0.00196200      0.00233800      0.00239400
   -0.00202500      0.00233100      0.00232100
1 -0.00000000 -0.00000000 -0.00082621
    0.18259000      0.18672500     -0.18672500
    0.00026700      0.00194600     -0.00194900
    0.00027300      0.00194700     -0.00194700
    0.00026500      0.00194500     -0.00194800
    0.00026100      0.00195200     -0.00195200
    0.00026500      0.00194800     -0.00194500
    0.00025900      0.00193200     -0.00193200
    0.00026700      0.00194900     -0.00194600
   -0.00121300     -0.00020900      0.00131700
   -0.00147400     -0.00040700      0.00139700
   -0.00137800     -0.00044700      0.00138400
   -0.00138500     -0.00045200      0.00140800
   -0.00138200     -0.00045900      0.00140300
   -0.00134600     -0.00044500      0.00135900
   -0.00135900     -0.00044400      0.00138700
   -0.00138300     -0.00045600      0.00138300
    0.00088700      0.00140000      0.00130200
    0.00108100      0.00097400      0.00096500
    0.00107500      0.00094700      0.00095500
    0.00107600      0.00097000      0.00096300
    0.00107200      0.00097300      0.00095700
    0.00106900      0.00096300      0.00097300
    0.00105700      0.00102100      0.00097400
    0.00108100      0.00094200      0.00096400
   -0.00177600      0.00098400     -0.00026900
   -0.00139900      0.00132600     -0.00046300
   -0.00138200      0.00140200     -0.00045600
   -0.00138000      0.00138800     -0.00045800
   -0.00134300      0.00140700     -0.00048900
   -0.00138000      0.00140300     -0.00046000
   -0.00136800      0.00138000     -0.00043800
   -0.00137200      0.00139400     -0.00044800
    0.00158200      0.00002900     -0.00215300
    0.00152100     -0.00035700     -0.00151400
    0.00153500     -0.00035800     -0.00150100
    0.00154500     -0.00035800     -0.00153000
    0.00153900     -0.00037300     -0.00151900
    0.00150600     -0.00034600     -0.00149000
    0.00149700     -0.00038300     -0.00153600
    0.00153400     -0.00034600     -0.00151600
    0.00164800     -0.00152900     -0.00047500
    0.00154000     -0.00151900     -0.00036300
    0.00154100     -0.00152300     -0.00035700
    0.00152500     -0.00152400     -0.00036600
    0.00153000     -0.00165000     -0.00034100
    0.00154000     -0.00153200     -0.00035200
    0.00148800     -0.00154300     -0.00039000
    0.00153900     -0.00150300     -0.00035200
    0.00108100     -0.00096400     -0.00094200
    0.00088700     -0.00130200     -0.00140000
    0.00106900     -0.00097300     -0.00096300
    0.00107500     -0.00095500     -0.00094700
    0.00107600     -0.00096300     -0.00097000
    0.00107200     -0.00095700     -0.00097300
    0.00108100     -0.00096500     -0.00097400
    0.00105700     -0.00097400     -0.00102100
   -0.00139900      0.00046300     -0.00132600
   -0.00136800      0.00043800     -0.00138000
   -0.00138000      0.00045800     -0.00138800
   -0.00134300      0.00048900     -0.00140700
   -0.00138000      0.00046000     -0.00140300
   -0.00138200      0.00045600     -0.00140200
   -0.00137200      0.00044800     -0.00139400
   -0.00177600      0.00026900     -0.00098400
    0.00152500      0.00036600      0.00152400
    0.00153000      0.00034100      0.00165000
    0.00154000      0.00036300      0.00151900
    0.00148800      0.00039000      0.00154300
    0.00153900      0.00035200      0.00150300
    0.00164800      0.00047500      0.00152900
    0.00154000      0.00035200      0.00153200
    0.00154100      0.00035700      0.00152300
   -0.00303800     -0.00648200      0.00648200
    0.00025900     -0.00194900      0.00194100
    0.00025900     -0.00194300      0.00194300
    0.00027000     -0.00194500      0.00194900
    0.00026500     -0.00194000      0.00194000
    0.00027000     -0.00194900      0.00194500
    0.00026400     -0.00193400      0.00193400
    0.00025900     -0.00194100      0.00194900
    0.00150600      0.00149000      0.00034600
    0.00153500      0.00150100      0.00035800
    0.00153400      0.00151600      0.00034600
    0.00158200      0.00215300     -0.00002900
    0.00152100      0.00151400      0.00035700
    0.00149700      0.00153600      0.00038300
    0.00154500      0.00153000      0.00035800
    0.00153900      0.00151900      0.00037300
   -0.00147400     -0.00139700      0.00040700
   -0.00135900     -0.00138700      0.00044400
   -0.00138500     -0.00140800      0.00045200
   -0.00138200     -0.00140300      0.00045900
   -0.00134600     -0.00135900      0.00044500
   -0.00137800     -0.00138400      0.00044700
   -0.00138300     -0.00138300      0.00045600
   -0.00121300     -0.00131700      0.00020900
   -0.16827000     -0.17067500      0.17067500
   -0.00382500     -0.00008000     -0.00009800
   -0.00389200     -0.00002700      0.00002700
   -0.00386300     -0.00002400     -0.00001800
   -0.00377800      0.00004100     -0.00004100
   -0.00386300      0.00001800      0.00002400
   -0.00374000     -0.00000100      0.00000100
   -0.00382500      0.00009800      0.00008000
    0.00073800     -0.00271800      0.00020500
    0.00006600     -0.00208100     -0.00011500
   -0.00023300     -0.00197500      0.00003700
   -0.00014200     -0.00191800      0.00008200
   -0.00008500     -0.00181200      0.00006400
   -0.00011900     -0.00182600      0.00010200
   -0.00003500     -0.00184900      0.00024200
   -0.00003600     -0.00193600      0.00009000
   -0.00003700      0.00032900     -0.00032900
   -0.00011400     -0.00008700     -0.00002600
   -0.00005000      0.00010600     -0.00010600
   -0.00005700      0.00001000     -0.00002900
   -0.00002000      0.00007400     -0.00007400
   -0.00005700      0.00002900     -0.00001000
    0.00025800     -0.00012700      0.00012700
   -0.00011400      0.00002600      0.00008700
    0.00019400      0.00332000     -0.00197300
   -0.00020200      0.00001500     -0.00186600
   -0.00010400      0.00007700     -0.00189800
   -0.00012800      0.00010000     -0.00190400
   -0.00021500      0.00002200     -0.00178900
   -0.00008900      0.00010900     -0.00192500
   -0.00007500      0.00029500     -0.00184100
   -0.00005800      0.00009800     -0.00188600
   -0.00012800      0.00190400     -0.00010000
   -0.00021500      0.00178900     -0.00002200
   -0.00020200      0.00186600     -0.00001500
   -0.00007500      0.00184100     -0.00029500
   -0.00005800      0.00188600     -0.00009800
    0.00019400      0.00197300     -0.00332000
   -0.00008900      0.00192500     -0.00010900
   -0.00010400      0.00189800     -0.00007700
   -0.00011900     -0.00010200      0.00182600
   -0.00023300     -0.00003700      0.00197500
   -0.00003600     -0.00009000      0.00193600
    0.00073800     -0.00020500      0.00271800
    0.00006600      0.00011500      0.00208100
   -0.00003500     -0.00024200      0.00184900
   -0.00014200     -0.00008200      0.00191800
   -0.00008500     -0.00006400      0.00181200
   -0.00904700     -0.00378500      0.00797800
   -0.00177900     -0.00184900     -0.00187300
   -0.00172800     -0.00193300     -0.00192400
   -0.00177900     -0.00193400     -0.00192700
   -0.00183400     -0.00197600     -0.00192200
   -0.00178600     -0.00199700     -0.00193900
   -0.00190500     -0.00198900     -0.00198600
   -0.00185900     -0.00197100     -0.00208000
    0.00241300     -0.00228800      0.00228800
    0.00232800     -0.00215600      0.00221200
    0.00166400     -0.00195700      0.00195700
    0.00228000     -0.00208000      0.00220800
    0.00208600     -0.00218300      0.00218300
    0.00228000     -0.00220800      0.00208000
    0.00226500     -0.00223600      0.00223600
    0.00232800     -0.00221200      0.00215600
    0.00174300      0.00097500     -0.00097500
    0.00231700      0.00215100     -0.00214200
    0.00185200      0.00218300     -0.00218300
    0.00234600      0.00217200     -0.00218900
    0.00221200      0.00200200     -0.00200200
    0.00234600      0.00218900     -0.00217200
    0.00231100      0.00211300     -0.00211300
    0.00231700      0.00214200     -0.00215100
   -0.00185900      0.00208000      0.00197100
   -0.00904700     -0.00797800      0.00378500
   -0.00178600      0.00193900      0.00199700
   -0.00172800      0.00192400      0.00193300
   -0.00177900      0.00192700      0.00193400
   -0.00183400      0.00192200      0.00197600
   -0.00177900      0.00187300      0.00184900
   -0.00190500      0.00198600      0.00198900
97 -0.00082621 0.00000000 -0.00000000
    0.06901800      0.02254800     -0.07176500
    0.00024600      0.00185800     -0.00185400
    0.00027100      0.00198300     -0.00194900
    0.00023000      0.00197100     -0.00193300
    0.00018700      0.00199400     -0.00191100
    0.00029400      0.00198600     -0.00193600
    0.00027800      0.00189800     -0.00187700
    0.00030700      0.00202800     -0.00197900
   -0.00306200      0.00176900      0.00307200
   -0.00194200      0.00043700      0.00148400
   -0.00192300      0.00025500      0.00179300
   -0.00193200      0.00028200      0.00202500
   -0.00194200      0.00023700      0.00198500
   -0.00203800      0.00026700      0.00205100
   -0.00194200      0.00027600      0.00195500
   -0.00188600      0.00029300      0.00203600
    0.00101900      0.00147200      0.00147200
    0.00114000      0.00128700      0.00128700
    0.00101600      0.00097900      0.00116300
    0.00093800      0.00115400      0.00107000
    0.00101600      0.00116300      0.00097900
    0.00093800      0.00107000      0.00115400
    0.00111800      0.00121200      0.00121200
    0.00081700      0.00114700      0.00114700
   -0.00306200      0.00307200      0.00176900
   -0.00194200      0.00148400      0.00043700
   -0.00194200      0.00198500      0.00023700
   -0.00203800      0.00205100      0.00026700
   -0.00192300      0.00179300      0.00025500
   -0.00193200      0.00202500      0.00028200
   -0.00194200      0.00195500      0.00027600
   -0.00188600      0.00203600      0.00029300
    0.00077400      0.00180200     -0.00338800
    0.00188600      0.00037200     -0.00181300
    0.00210100      0.00034000     -0.00188100
    0.00198400      0.00022400     -0.00194400
    0.00197400      0.00020800     -0.00190100
    0.00204900      0.00024000     -0.00206300
    0.00192100      0.00022700     -0.00195600
    0.00202400      0.00031600     -0.00194400
    0.00077400     -0.00338800      0.00180200
    0.00188600     -0.00181300      0.00037200
    0.00197400     -0.00190100      0.00020800
    0.00204900     -0.00206300      0.00024000
    0.00210100     -0.00188100      0.00034000
    0.00198400     -0.00194400      0.00022400
    0.00192100     -0.00195600      0.00022700
    0.00202400     -0.00194400      0.00031600
    0.00162700     -0.00095700     -0.00095700
    0.00194800     -0.00087900     -0.00087900
    0.00118300     -0.00079500     -0.00083300
    0.00117000     -0.00083400     -0.00082500
    0.00118300     -0.00083300     -0.00079500
    0.00117000     -0.00082500     -0.00083400
    0.00118100     -0.00077500     -0.00077500
    0.00070400     -0.00088300     -0.00088300
   -0.00119400      0.00168500     -0.00104600
   -0.00078700      0.00112700     -0.00083100
   -0.00067200      0.00115000     -0.00065800
   -0.00085300      0.00116400     -0.00092300
   -0.00084500      0.00118600     -0.00080700
   -0.00082600      0.00118200     -0.00083900
   -0.00086200      0.00120600     -0.00075000
    0.00113400      0.00396800     -0.00212600
    0.00092900      0.00091000      0.00094300
    0.00130700      0.00095800      0.00109400
    0.00131500      0.00112800      0.00130800
    0.00105600      0.00100200      0.00111000
    0.00112600      0.00097200      0.00105000
    0.00081600      0.00063800      0.00089900
    0.00109300      0.00093400      0.00114200
    0.00111000      0.00108000      0.00112900
    0.06901800     -0.07176500      0.02254800
    0.00024600     -0.00185400      0.00185800
    0.00018700     -0.00191100      0.00199400
    0.00029400     -0.00193600      0.00198600
    0.00027100     -0.00194900      0.00198300
    0.00023000     -0.00193300      0.00197100
    0.00027800     -0.00187700      0.00189800
    0.00030700     -0.00197900      0.00202800
    0.00092900      0.00094300      0.00091000
    0.00130700      0.00109400      0.00095800
    0.00112600      0.00105000      0.00097200
    0.00081600      0.00089900      0.00063800
    0.00131500      0.00130800      0.00112800
    0.00105600      0.00111000      0.00100200
    0.00109300      0.00114200      0.00093400
    0.00111000      0.00112900      0.00108000
   -0.00119400     -0.00104600      0.00168500
   -0.00078700     -0.00083100      0.00112700
   -0.00084500     -0.00080700      0.00118600
   -0.00082600     -0.00083900      0.00118200
   -0.00067200     -0.00065800      0.00115000
   -0.00085300     -0.00092300      0.00116400
   -0.00086200     -0.00075000      0.00120600
    0.00113400     -0.00212600      0.00396800
   -0.28750100      0.15298300      0.15298300
   -0.00345300     -0.00069100     -0.00069100
   -0.00364800     -0.00000400      0.00012300
   -0.00382500     -0.00016500     -0.00020100
   -0.00364800      0.00012300     -0.00000400
   -0.00382500     -0.00020100     -0.00016500
   -0.00365300     -0.00005400     -0.00005400
   -0.00412000     -0.00035800     -0.00035800
    0.02293000     -0.02658300      0.00355300
    0.00033200     -0.00483600     -0.00056500
    0.00017100     -0.00369300      0.00071700
   -0.00015600     -0.00384400     -0.00020200
    0.00010900     -0.00351200     -0.00007800
   -0.00013600     -0.00420600     -0.00002800
    0.00008100     -0.00368300      0.00027400
   -0.00042900     -0.00399600     -0.00044100
    0.00095400     -0.00045800     -0.00045800
   -0.00121500     -0.00078100     -0.00078100
   -0.00053600      0.00021900     -0.00045700
   -0.00000100     -0.00026500     -0.00006300
   -0.00053600     -0.00045700      0.00021900
   -0.00000100     -0.00006300     -0.00026500
    0.00185500     -0.00108700     -0.00108700
    0.00014900     -0.00039100     -0.00039100
    0.02293000      0.00355300     -0.02658300
    0.00033200     -0.00056500     -0.00483600
    0.00010900     -0.00007800     -0.00351200
   -0.00013600     -0.00002800     -0.00420600
    0.00017100      0.00071700     -0.00369300
   -0.00015600     -0.00020200     -0.00384400
    0.00008100      0.00027400     -0.00368300
   -0.00042900     -0.00044100     -0.00399600
   -0.00009100     -0.00061600     -0.00007000
    0.00013200      0.00021000     -0.00074900
   -0.00056700     -0.00092400     -0.00032800
   -0.00002100     -0.00009200     -0.00051700
    0.00041500     -0.00006500     -0.00055700
    0.00288200      0.00488800      0.01155800
   -0.00004500      0.00002700     -0.00025900
   -0.00031300     -0.00034300     -0.00017100
   -0.00009100     -0.00007000     -0.00061600
    0.00013200     -0.00074900      0.00021000
    0.00041500     -0.00055700     -0.00006500
    0.00288200      0.01155800      0.00488800
   -0.00056700     -0.00032800     -0.00092400
   -0.00002100     -0.00051700     -0.00009200
   -0.00004500     -0.00025900      0.00002700
   -0.00031300     -0.00017100     -0.00034300
    0.07693200     -0.04876000     -0.04876000
   -0.00202200     -0.00095300     -0.00095300
   -0.00173500     -0.00150000     -0.00196300
   -0.00149700     -0.00153100     -0.00124700
   -0.00173500     -0.00196300     -0.00150000
   -0.00149700     -0.00124700     -0.00153100
   -0.00181200     -0.00164000     -0.00164000
   -0.00086200     -0.00128400     -0.00128400
    0.00231800     -0.00112600      0.00102800
    0.00226200     -0.00199200      0.00268000
   -0.00011800     -0.00687500     -0.00543200
    0.00196000     -0.00144700      0.00276200
    0.00185600     -0.00199600      0.00233900
    0.00284200     -0.00151800      0.00275700
    0.00224400     -0.00246700      0.00263100
    0.00238100     -0.00179500      0.00233300
    0.00231800      0.00102800     -0.00112600
    0.00226200      0.00268000     -0.00199200
    0.00185600      0.00233900     -0.00199600
    0.00284200      0.00275700     -0.00151800
   -0.00011800     -0.00543200     -0.00687500
    0.00196000      0.00276200     -0.00144700
    0.00224400      0.00263100     -0.00246700
    0.00238100      0.00233300     -0.00179500
   -0.00291300      0.00289400      0.00289400
    0.01660700     -0.04147100     -0.04147100
   -0.00203400      0.00227000      0.00263300
   -0.00216200      0.00254100      0.00205500
   -0.00203400      0.00263300      0.00227000
   -0.00216200      0.00205500      0.00254100
   -0.00143400      0.00257000      0.00257000
   -0.00231700      0.00247800      0.00247800
97 -0.00000000 -0.00000000 -0.00082621
   -0.14619100     -0.16093200      0.16093200
    0.00025100      0.00203800     -0.00192100
    0.00029400      0.00188900     -0.00188900
    0.00026500      0.00196700     -0.00191600
    0.00034500      0.00199000     -0.00199000
    0.00026500      0.00191600     -0.00196700
    0.00025000      0.00201300     -0.00201300
    0.00025100      0.00192100     -0.00203800
    0.00136800     -0.00257300      0.00325900
   -0.00102000     -0.00016800      0.00154900
   -0.00137500     -0.00045800      0.00143500
   -0.00135200     -0.00043000      0.00138600
   -0.00139000     -0.00043200      0.00139900
   -0.00135500     -0.00046900      0.00134000
   -0.00140100     -0.00047100      0.00136800
   -0.00139200     -0.00043200      0.00143000
    0.00067100      0.00094100      0.00054000
    0.00097900      0.00088000      0.00092700
    0.00102100      0.00110500      0.00095700
    0.00109300      0.00095000      0.00098800
    0.00107300      0.00091800      0.00096600
    0.00106800      0.00098100      0.00097200
    0.00123900      0.00089300      0.00088500
    0.00091300      0.00086200      0.00091500
   -0.00506800     -0.00286800      0.00302000
   -0.00135100      0.00149200     -0.00038000
   -0.00136200      0.00135600     -0.00042100
   -0.00145800      0.00153200     -0.00044600
   -0.00137100      0.00143100     -0.00043300
   -0.00139200      0.00136000     -0.00046700
   -0.00139400      0.00142600     -0.00048000
   -0.00138000      0.00136100     -0.00045700
    0.00309200     -0.00190900     -0.00140000
    0.00146200     -0.00033800     -0.00143800
    0.00168500     -0.00030000     -0.00153000
    0.00153400     -0.00034900     -0.00148100
    0.00153700     -0.00023500     -0.00155100
    0.00151900     -0.00036200     -0.00153100
    0.00157200     -0.00032000     -0.00151600
    0.00149700     -0.00037600     -0.00162600
    0.00146500     -0.00035700     -0.00068100
    0.00147800     -0.00152400     -0.00031400
    0.00152200     -0.00150700     -0.00029800
    0.00165100     -0.00155200     -0.00037900
    0.00104000     -0.00157800     -0.00050400
    0.00153300     -0.00151800     -0.00035400
    0.00160000     -0.00150200     -0.00031300
    0.00149800     -0.00146700     -0.00038100
    0.00091300     -0.00091500     -0.00086200
    0.00067100     -0.00054000     -0.00094100
    0.00106800     -0.00097200     -0.00098100
    0.00102100     -0.00095700     -0.00110500
    0.00109300     -0.00098800     -0.00095000
    0.00107300     -0.00096600     -0.00091800
    0.00097900     -0.00092700     -0.00088000
    0.00123900     -0.00088500     -0.00089300
   -0.00135100      0.00038000     -0.00149200
   -0.00139400      0.00048000     -0.00142600
   -0.00145800      0.00044600     -0.00153200
   -0.00137100      0.00043300     -0.00143100
   -0.00139200      0.00046700     -0.00136000
   -0.00136200      0.00042100     -0.00135600
   -0.00138000      0.00045700     -0.00136100
   -0.00506800     -0.00302000      0.00286800
    0.00165100      0.00037900      0.00155200
    0.00104000      0.00050400      0.00157800
    0.00147800      0.00031400      0.00152400
    0.00160000      0.00031300      0.00150200
    0.00149800      0.00038100      0.00146700
    0.00146500      0.00068100      0.00035700
    0.00153300      0.00035400      0.00151800
    0.00152200      0.00029800      0.00150700
    0.01506800     -0.08024000      0.08024000
    0.00026500     -0.00199200      0.00192000
    0.00035700     -0.00190100      0.00190100
    0.00027900     -0.00191900      0.00196000
    0.00023100     -0.00197500      0.00197500
    0.00027900     -0.00196000      0.00191900
    0.00026200     -0.00201000      0.00201000
    0.00026500     -0.00192000      0.00199200
    0.00151900      0.00153100      0.00036200
    0.00168500      0.00153000      0.00030000
    0.00149700      0.00162600      0.00037600
    0.00309200      0.00140000      0.00190900
    0.00146200      0.00143800      0.00033800
    0.00157200      0.00151600      0.00032000
    0.00153400      0.00148100      0.00034900
    0.00153700      0.00155100      0.00023500
   -0.00102000     -0.00154900      0.00016800
   -0.00140100     -0.00136800      0.00047100
   -0.00135200     -0.00138600      0.00043000
   -0.00139000     -0.00139900      0.00043200
   -0.00135500     -0.00134000      0.00046900
   -0.00137500     -0.00143500      0.00045800
   -0.00139200     -0.00143000      0.00043200
    0.00136800     -0.00325900      0.00257300
    0.27845900      0.36598700     -0.36598700
   -0.00391500      0.00003300      0.00030500
   -0.00392300      0.00014100     -0.00014100
   -0.00388000     -0.00003100      0.00006500
   -0.00419400      0.00000300     -0.00000300
   -0.00388000     -0.00006500      0.00003100
   -0.00406200     -0.00008400      0.00008400
   -0.00391500     -0.00030500     -0.00003300
    0.00418400     -0.00518400     -0.01083700
   -0.00048500     -0.00145600      0.00049900
   -0.00032300     -0.00204100      0.00006100
   -0.00013600     -0.00193800      0.00011800
    0.00006700     -0.00227600      0.00006100
   -0.00023700     -0.00184300      0.00024000
   -0.00045900     -0.00207700     -0.00021700
   -0.00038500     -0.00196700      0.00015000
   -0.00106300     -0.00025000      0.00025000
    0.00042400      0.00029400      0.00011200
    0.00083000     -0.00072300      0.00072300
   -0.00011700      0.00011100      0.00002000
    0.00001900     -0.00004000      0.00004000
   -0.00011700     -0.00002000     -0.00011100
   -0.00199300     -0.00087300      0.00087300
    0.00042400     -0.00011200     -0.00029400
   -0.03086400      0.01921800      0.02956300
    0.00025200      0.00011300     -0.00221600
   -0.00034000      0.00021300     -0.00214700
   -0.00000700      0.00008600     -0.00215700
   -0.00045600     -0.00119700     -0.00162400
   -0.00013800      0.00019100     -0.00177600
   -0.00008400     -0.00022700     -0.00192300
   -0.00007500      0.00010200     -0.00168100
   -0.00000700      0.00215700     -0.00008600
   -0.00045600      0.00162400      0.00119700
    0.00025200      0.00221600     -0.00011300
   -0.00008400      0.00192300      0.00022700
   -0.00007500      0.00168100     -0.00010200
   -0.03086400     -0.02956300     -0.01921800
   -0.00013800      0.00177600     -0.00019100
   -0.00034000      0.00214700     -0.00021300
   -0.00023700     -0.00024000      0.00184300
   -0.00032300     -0.00006100      0.00204100
   -0.00038500     -0.00015000      0.00196700
    0.00418400      0.01083700      0.00518400
   -0.00048500     -0.00049900      0.00145600
   -0.00045900      0.00021700      0.00207700
   -0.00013600     -0.00011800      0.00193800
    0.00006700     -0.00006100      0.00227600
   -0.05218800     -0.05327000      0.05672000
   -0.00184400     -0.00218700     -0.00206000
   -0.00163600     -0.00198400     -0.00186100
   -0.00187800     -0.00199000     -0.00190700
   -0.00159800     -0.00139800     -0.00223600
   -0.00173200     -0.00198600     -0.00198700
   -0.00149800     -0.00186900     -0.00177800
   -0.00167900     -0.00157300     -0.00201100
    0.00216500     -0.00255200      0.00255200
    0.00234300     -0.00213600      0.00219400
    0.00420800     -0.00268400      0.00268400
    0.00233100     -0.00235700      0.00209000
    0.00271600     -0.00226900      0.00226900
    0.00233100     -0.00209000      0.00235700
    0.00229700     -0.00152200      0.00152200
    0.00234300     -0.00219400      0.00213600
    0.00250700      0.00399500     -0.00399500
    0.00231800      0.00199500     -0.00220600
    0.00291000      0.00205500     -0.00205500
    0.00216200      0.00210300     -0.00229400
    0.00551300      0.00467000     -0.00467000
    0.00216200      0.00229400     -0.00210300
    0.00251500      0.00202900     -0.00202900
    0.00231800      0.00220600     -0.00199500
   -0.00167900      0.00201100      0.00157300
   -0.05218800     -0.05672000      0.05327000
   -0.00173200      0.00198700      0.00198600
   -0.00163600      0.00186100      0.00198400
   -0.00187800      0.00190700      0.00199000
   -0.00159800      0.00223600      0.00139800
   -0.00184400      0.00206000      0.00218700
   -0.00149800      0.00177800      0.00186900
145 -0.00082621 0.00000000 -0.00000000
    0.01292300     -0.00724100     -0.01432100
    0.00028300      0.00209600     -0.00194900
    0.00025700      0.00196500     -0.00192000
    0.00029800      0.00194900     -0.00193700
    0.00032800      0.00193200     -0.00194300
    0.00023500      0.00194000     -0.00194200
    0.00026100      0.00196700     -0.00196300
    0.00026500      0.00195100     -0.00186700
    0.01899600     -0.01961200      0.02384700
   -0.00196500      0.00005600      0.00205000
   -0.00193900      0.00026700      0.00198900
   -0.00193700      0.00024800      0.00191700
   -0.00195900      0.00028000      0.00197200
   -0.00186800      0.00026400      0.00191300
   -0.00194000      0.00025400      0.00197000
   -0.00192000      0.00030300      0.00197300
    0.00092400      0.00094600      0.00094600
    0.00062500      0.00085600      0.00085600
    0.00095600      0.00110700      0.00109300
    0.00100400      0.00107600      0.00113900
    0.00095600      0.00109300      0.00110700
    0.00100400      0.00113900      0.00107600
    0.00067900      0.00083800      0.00083800
    0.00126600      0.00116100      0.00116100
    0.01899600      0.02384700     -0.01961200
   -0.00196500      0.00205000      0.00005600
   -0.00195900      0.00197200      0.00028000
   -0.00186800      0.00191300      0.00026400
   -0.00193900      0.00198900      0.00026700
   -0.00193700      0.00191700      0.00024800
   -0.00194000      0.00197000      0.00025400
   -0.00192000      0.00197300      0.00030300
   -0.00468200      0.00614500     -0.00720000
    0.00201900      0.00023400     -0.00198000
    0.00192200      0.00025400     -0.00197500
    0.00196100      0.00029700     -0.00191900
    0.00192300      0.00020600     -0.00203700
    0.00189400      0.00029800     -0.00186100
    0.00200000      0.00029500     -0.00192800
    0.00184000      0.00018500     -0.00195800
   -0.00468200     -0.00720000      0.00614500
    0.00201900     -0.00198000      0.00023400
    0.00192300     -0.00203700      0.00020600
    0.00189400     -0.00186100      0.00029800
    0.00192200     -0.00197500      0.00025400
    0.00196100     -0.00191900      0.00029700
    0.00200000     -0.00192800      0.00029500
    0.00184000     -0.00195800      0.00018500
    0.00027300     -0.00129300     -0.00129300
    0.00118000     -0.00058200     -0.00058200
    0.00115600     -0.00084000     -0.00083300
    0.00116900     -0.00082200     -0.00082800
    0.00115600     -0.00083300     -0.00084000
    0.00116900     -0.00082800     -0.00082200
    0.00126900     -0.00092600     -0.00092600
    0.00133900     -0.00100800     -0.00100800
   -0.00090700      0.00101100     -0.00119500
   -0.00086700      0.00118600     -0.00082100
   -0.00096800      0.00113600     -0.00111900
   -0.00083200      0.00116000     -0.00078400
   -0.00080400      0.00115000     -0.00083100
   -0.00084800      0.00117300     -0.00082700
   -0.00077900      0.00116900     -0.00086500
   -0.00169900      0.00103900      0.00004600
    0.00132900      0.00102700      0.00118900
    0.00099900      0.00096900      0.00114300
    0.00104000      0.00100800      0.00113000
    0.00114700      0.00095300      0.00110500
    0.00111300      0.00094000      0.00124000
    0.00115200      0.00069100      0.00144900
    0.00111500      0.00100600      0.00108100
    0.00114200      0.00095200      0.00111900
    0.01292300     -0.01432100     -0.00724100
    0.00028300     -0.00194900      0.00209600
    0.00032800     -0.00194300      0.00193200
    0.00023500     -0.00194200      0.00194000
    0.00025700     -0.00192000      0.00196500
    0.00029800     -0.00193700      0.00194900
    0.00026100     -0.00196300      0.00196700
    0.00026500     -0.00186700      0.00195100
    0.00132900      0.00118900      0.00102700
    0.00099900      0.00114300      0.00096900
    0.00111300      0.00124000      0.00094000
    0.00115200      0.00144900      0.00069100
    0.00104000      0.00113000      0.00100800
    0.00114700      0.00110500      0.00095300
    0.00111500      0.00108100      0.00100600
    0.00114200      0.00111900      0.00095200
   -0.00090700     -0.00119500      0.00101100
   -0.00086700     -0.00082100      0.00118600
   -0.00080400     -0.00083100      0.00115000
   -0.00084800     -0.00082700      0.00117300
   -0.00096800     -0.00111900      0.00113600
   -0.00083200     -0.00078400      0.00116000
   -0.00077900     -0.00086500      0.00116900
   -0.00169900      0.00004600      0.00103900
    0.05658700     -0.06600800     -0.06600800
   -0.00415400      0.00066400      0.00066400
   -0.00387200     -0.00016400     -0.00007700
   -0.00388200      0.00015300      0.00004100
   -0.00387200     -0.00007700     -0.00016400
   -0.00388200      0.00004100      0.00015300
   -0.00390200     -0.00000400     -0.00000400
   -0.00365800     -0.00001200     -0.00001200
    0.07046300     -0.05405600     -0.04008100
   -0.00020700     -0.00320200      0.00016000
   -0.00022500     -0.00390500     -0.00035500
    0.00014200     -0.00383300      0.00017500
   -0.00020400     -0.00416200      0.00013200
    0.00003300     -0.00357000     -0.00005700
   -0.00011400     -0.00391200     -0.00022800
    0.00015400     -0.00374500      0.00059400
   -0.00054700     -0.00036900     -0.00036900
    0.00212400      0.00040900      0.00040900
    0.00010600     -0.00038700      0.00003400
   -0.00013000     -0.00007200     -0.00040400
    0.00010600      0.00003400     -0.00038700
   -0.00013000     -0.00040400     -0.00007200
    0.00041200      0.00046600      0.00046600
   -0.00091700     -0.00002100     -0.00002100
    0.07046300     -0.04008100     -0.05405600
   -0.00020700      0.00016000     -0.00320200
   -0.00020400      0.00013200     -0.00416200
    0.00003300     -0.00005700     -0.00357000
   -0.00022500     -0.00035500     -0.00390500
    0.00014200      0.00017500     -0.00383300
   -0.00011400     -0.00022800     -0.00391200
    0.00015400      0.00059400     -0.00374500
   -0.00017100      0.00042200     -0.00015500
   -0.00039700     -0.00018100      0.00013000
    0.00008600     -0.00003500     -0.00033400
   -0.00032800      0.00002300      0.00003600
   -0.00107400     -0.00010000      0.00033900
    0.00647600      0.00245700     -0.00624500
   -0.00040100     -0.00012900     -0.00017000
   -0.00007400      0.00002300     -0.00023300
   -0.00017100     -0.00015500      0.00042200
   -0.00039700      0.00013000     -0.00018100
   -0.00107400      0.00033900     -0.00010000
    0.00647600     -0.00624500      0.00245700
    0.00008600     -0.00033400     -0.00003500
   -0.00032800      0.00003600      0.00002300
   -0.00040100     -0.00017000     -0.00012900
   -0.00007400     -0.00023300      0.00002300
   -0.24293500      0.19237500      0.19237500
   -0.00110400     -0.00207800     -0.00207800
   -0.00138500     -0.00156400     -0.00128400
   -0.00164100     -0.00156600     -0.00183000
   -0.00138500     -0.00128400     -0.00156400
   -0.00164100     -0.00183000     -0.00156600
   -0.00138100     -0.00152600     -0.00152600
   -0.00196300     -0.00179500     -0.00179500
    0.00250700     -0.00238400      0.00289400
    0.00231800     -0.00198100      0.00199100
   -0.00503300      0.00971500      0.00910400
    0.00291400     -0.00253200      0.00193600
    0.00267500     -0.00198400      0.00235700
    0.00172200     -0.00239500      0.00210300
    0.00233400     -0.00172600      0.00215800
    0.00230600     -0.00221900      0.00239800
    0.00250700      0.00289400     -0.00238400
    0.00231800      0.00199100     -0.00198100
    0.00267500      0.00235700     -0.00198400
    0.00172200      0.00210300     -0.00239500
   -0.00503300      0.00910400      0.00971500
    0.00291400      0.00193600     -0.00253200
    0.00233400      0.00215800     -0.00172600
    0.00230600      0.00239800     -0.00221900
   -0.00080800      0.00158700      0.00158700
   -0.01299600     -0.03153500     -0.03153500
   -0.00205000      0.00236500      0.00199700
   -0.00189900      0.00221500      0.00243600
   -0.00205000      0.00199700      0.00236500
   -0.00189900      0.00243600      0.00221500
   -0.00238500      0.00236200      0.00236200
   -0.00185500      0.00217400      0.00217400
