 10.          2.67125925 
 20.          2.67125925 
 30.          2.67125925 
 40.         2.6712593 
 50.          2.67126015 
 60.          2.67126552 
 70.          2.67128462 
 80.          2.67133233 
 90.          2.67142751 
 100.          2.6715909 
 110.          2.6718437 
 120.           2.67220677 
 130.           2.67270042 
 140.           2.67334423 
 150.           2.67415712 
 160.           2.67515727 
 170.           2.67636209 
 180.          2.6777881 
 190.           2.67945085 
 200.           2.68136475 
 210.           2.68354305 
 220.           2.68599766 
 230.          2.6887392 
 240.           2.69177687 
 250.           2.69511851 
 260.           2.69877063 
 270.           2.70273838 
 280.           2.70702569 
 290.          2.7116353 
 300.           2.71656883 
