1 0.000934282337207401
1 0.0005546988810863939
1 0.0005354272323543986
1 2.7680603220299245e-06
1 1.681635800316991e-06
1 1.065376902252727e-06
0 0.05010176855927253
0 0.05010567659949971
0 0.07649288816648789
0 0.07649695236447086
0 0.08344045661526002
0 0.0872968342512947
0 0.10473121317903861
0 0.10476288038714111
0 0.12020027499691528
0 0.12022568222708524
0 0.12145754333757641
0 0.12380187029241835
0 0.12653407365771602
0 0.12823056202177333
0 0.1282382633275442
0 0.14461030445173084
0 0.1465906712418155
0 0.14659953541081655
0 0.16010046849976725
0 0.17134388160100958
0 0.18498461751065143
0 0.18499577361629616
0 0.19532832251276788
0 0.19533314252635717
0 0.38316338277138723
0 0.3842126834598406
0 0.38422187346222375
0 0.38591247304345405
0 0.3859216874396233
0 0.3870827512262696
