            -4.95000             0.00000
            -4.85000             0.00000
            -4.75000             0.00000
            -4.65000             0.00000
            -4.55000             0.00000
            -4.45000             0.00000
            -4.35000             0.00000
            -4.25000             0.00000
            -4.15000             0.00000
            -4.05000             0.00000
            -3.95000             0.00000
            -3.85000             0.00000
            -3.75000             0.00000
            -3.65000             0.00000
            -3.55000             0.00000
            -3.45000             0.00000
            -3.35000             0.00000
            -3.25000             0.00000
            -3.15000             0.00000
            -3.05000             0.00000
            -2.95000             0.00000
            -2.85000             0.00000
            -2.75000             0.00000
            -2.65000             0.00000
            -2.55000             0.00000
            -2.45000             0.00000
            -2.35000             0.00000
            -2.25000             0.00008
            -2.15000             0.00042
            -2.05000             0.00058
            -1.95000             0.00100
            -1.85000             0.00108
            -1.75000             0.00108
            -1.65000             0.00142
            -1.55000             0.00125
            -1.45000             0.00158
            -1.35000             0.00142
            -1.25000             0.00150
            -1.15000             0.00108
            -1.05000             0.00167
            -0.95000             0.00108
            -0.85000             0.00100
            -0.75000             0.00100
            -0.65000             0.00175
            -0.55000             0.00125
            -0.45000             0.00067
            -0.35000             0.00117
            -0.25000             0.00058
            -0.15000             0.00008
            -0.05000             0.00033
             0.05000             0.00008
             0.15000             0.00042
             0.25000             0.00067
             0.35000             0.00125
             0.45000             0.00208
             0.55000             0.00325
             0.65000             0.00275
             0.75000             0.00383
             0.85000             0.00567
             0.95000             0.00558
             1.05000             0.00667
             1.15000             0.00917
             1.25000             0.00975
             1.35000             0.01025
             1.45000             0.01408
             1.55000             0.01458
             1.65000             0.01733
             1.75000             0.01983
             1.85000             0.02308
             1.95000             0.02783
             2.05000             0.03633
             2.15000             0.03717
             2.25000             0.04475
             2.35000             0.04842
             2.45000             0.04650
             2.55000             0.05942
             2.65000             0.04775
             2.75000             0.04608
             2.85000             0.06958
             2.95000             0.05875
             3.05000             0.04733
             3.15000             0.04133
             3.25000             0.05033
             3.35000             0.06817
             3.45000             0.06283
             3.55000             0.05925
             3.65000             0.05808
             3.75000             0.06883
             3.85000             0.07767
             3.95000             0.08275
             4.05000             0.07250
             4.15000             0.07775
             4.25000             0.07400
             4.35000             0.04958
             4.45000             0.02083
             4.55000             0.01975
             4.65000             0.02058
             4.75000             0.04058
             4.85000             0.05667
             4.95000             0.08150
             5.05000             0.10083
             5.15000             0.09458
             5.25000             0.06017
             5.35000             0.05583
             5.45000             0.03942
             5.55000             0.01925
             5.65000             0.01367
             5.75000             0.01292
             5.85000             0.00992
             5.95000             0.00992
             6.05000             0.00933
             6.15000             0.00900
             6.25000             0.00708
             6.35000             0.00792
             6.45000             0.00650
             6.55000             0.00700
             6.65000             0.00625
             6.75000             0.00417
             6.85000             0.00633
             6.95000             0.00492
             7.05000             0.00408
             7.15000             0.00583
             7.25000             0.01150
             7.35000             0.02458
             7.45000             0.07750
             7.55000             0.18067
             7.65000             0.07750
             7.75000             0.01958
             7.85000             0.00925
             7.95000             0.01508
             8.05000             0.01150
             8.15000             0.01142
             8.25000             0.01975
             8.35000             0.01133
             8.45000             0.02125
             8.55000             0.01858
             8.65000             0.02025
             8.75000             0.02675
             8.85000             0.02642
             8.95000             0.03608
             9.05000             0.02967
             9.15000             0.02408
             9.25000             0.01058
             9.35000             0.00550
             9.45000             0.00600
             9.55000             0.00342
             9.65000             0.00525
             9.75000             0.00575
             9.85000             0.00742
             9.95000             0.00808
            10.05000             0.01042
            10.15000             0.01567
            10.25000             0.02183
            10.35000             0.01858
            10.45000             0.01717
            10.55000             0.01417
            10.65000             0.01100
            10.75000             0.01325
            10.85000             0.01550
            10.95000             0.00833
            11.05000             0.01117
            11.15000             0.01325
            11.25000             0.00958
            11.35000             0.00917
            11.45000             0.02075
            11.55000             0.02258
            11.65000             0.02383
            11.75000             0.02483
            11.85000             0.02400
            11.95000             0.02842
            12.05000             0.02883
            12.15000             0.03408
            12.25000             0.04075
            12.35000             0.03617
            12.45000             0.05042
            12.55000             0.05750
            12.65000             0.02900
            12.75000             0.00750
            12.85000             0.00292
            12.95000             0.00000
            13.05000             0.00000
            13.15000             0.00000
            13.25000             0.00000
            13.35000             0.00000
            13.45000             0.00000
            13.55000             0.00000
            13.65000             0.00000
            13.75000             0.00000
            13.85000             0.00000
            13.95000             0.00000
            14.05000             0.00000
            14.15000             0.00000
            14.25000             0.00000
            14.35000             0.00000
            14.45000             0.00000
            14.55000             0.00000
            14.65000             0.00000
            14.75000             0.00000
            14.85000             0.00000
            14.95000             0.00000
            15.05000             0.00000
            15.15000             0.00000
            15.25000             0.00000
            15.35000             0.00000
            15.45000             0.00000
            15.55000             0.00000
            15.65000             0.00000
            15.75000             0.00000
            15.85000             0.00000
            15.95000             0.00000
            16.05000             0.00000
            16.15000             0.00000
            16.25000             0.00000
            16.35000             0.00000
            16.45000             0.00000
            16.55000             0.00000
            16.65000             0.00000
            16.75000             0.00000
            16.85000             0.00000
            16.95000             0.00000
            17.05000             0.00000
            17.15000             0.00000
            17.25000             0.00000
            17.35000             0.00000
            17.45000             0.00000
            17.55000             0.00408
            17.65000             0.10408
            17.75000             0.29250
            17.85000             0.25875
            17.95000             0.00725
            18.05000             0.02125
            18.15000             0.05733
            18.25000             0.07025
            18.35000             0.07992
            18.45000             0.05558
            18.55000             0.03117
            18.65000             0.01300
            18.75000             0.00442
            18.85000             0.00042
            18.95000             0.00000
            19.05000             0.00000
            19.15000             0.00000
            19.25000             0.00000
            19.35000             0.00000
            19.45000             0.00000
            19.55000             0.00000
            19.65000             0.00000
            19.75000             0.00000
            19.85000             0.00000
            19.95000             0.00000
            20.05000             0.00000
            20.15000             0.00000
            20.25000             0.01717
            20.35000             0.03458
            20.45000             0.04292
            20.55000             0.06333
            20.65000             0.07942
            20.75000             0.04725
            20.85000             0.02700
            20.95000             0.01508
            21.05000             0.00608
            21.15000             0.00050
            21.25000             0.00000
            21.35000             0.00000
            21.45000             0.00000
            21.55000             0.00000
            21.65000             0.00000
            21.75000             0.00000
            21.85000             0.00000
            21.95000             0.00000
            22.05000             0.00000
            22.15000             0.00000
            22.25000             0.00000
            22.35000             0.00000
            22.45000             0.00000
            22.55000             0.00000
            22.65000             0.00000
            22.75000             0.00000
            22.85000             0.00000
            22.95000             0.04158
            23.05000             0.28808
            23.15000             0.00367
            23.25000             0.00000
            23.35000             0.00000
            23.45000             0.00000
            23.55000             0.00000
            23.65000             0.00000
            23.75000             0.00000
            23.85000             0.00000
            23.95000             0.00000
            24.05000             0.02283
            24.15000             0.02583
            24.25000             0.03542
            24.35000             0.04175
            24.45000             0.06625
            24.55000             0.05033
            24.65000             0.03092
            24.75000             0.03092
            24.85000             0.02367
            24.95000             0.00542
            25.05000             0.00000
            25.15000             0.00000
            25.25000             0.00000
            25.35000             0.00000
            25.45000             0.00000
            25.55000             0.00000
            25.65000             0.00000
            25.75000             0.00000
            25.85000             0.00000
            25.95000             0.00000
            26.05000             0.00000
            26.15000             0.00000
            26.25000             0.00000
            26.35000             0.00000
            26.45000             0.00000
            26.55000             0.00525
            26.65000             0.02317
            26.75000             0.01558
            26.85000             0.02008
            26.95000             0.02342
            27.05000             0.02758
            27.15000             0.01508
            27.25000             0.02075
            27.35000             0.01375
            27.45000             0.01525
            27.55000             0.01342
            27.65000             0.01100
            27.75000             0.01567
            27.85000             0.01083
            27.95000             0.01192
            28.05000             0.01308
            28.15000             0.01117
            28.25000             0.01308
            28.35000             0.01133
            28.45000             0.01158
            28.55000             0.01233
            28.65000             0.01075
            28.75000             0.01133
            28.85000             0.01408
            28.95000             0.01217
            29.05000             0.01342
            29.15000             0.01317
            29.25000             0.01392
            29.35000             0.01517
            29.45000             0.01458
            29.55000             0.01808
            29.65000             0.01683
            29.75000             0.03567
            29.85000             0.09967
            29.95000             0.09967
            30.05000             0.11233
            30.15000             0.09942
            30.25000             0.02917
            30.35000             0.01633
            30.45000             0.01817
            30.55000             0.02917
            30.65000             0.03200
            30.75000             0.03583
            30.85000             0.04575
            30.95000             0.06292
            31.05000             0.05683
            31.15000             0.04592
            31.25000             0.02992
            31.35000             0.01500
            31.45000             0.00075
            31.55000             0.00000
            31.65000             0.00000
            31.75000             0.00000
            31.85000             0.00000
            31.95000             0.00000
            32.05000             0.00000
            32.15000             0.00000
            32.25000             0.00000
            32.35000             0.00000
            32.45000             0.00000
            32.55000             0.00000
            32.65000             0.00000
            32.75000             0.00100
            32.85000             0.04525
            32.95000             0.07542
            33.05000             0.10808
            33.15000             0.07675
            33.25000             0.02683
            33.35000             0.00000
            33.45000             0.00000
            33.55000             0.00000
            33.65000             0.00000
            33.75000             0.00000
            33.85000             0.00000
            33.95000             0.00000
            34.05000             0.00000
            34.15000             0.00000
            34.25000             0.00000
            34.35000             0.00000
            34.45000             0.00000
            34.55000             0.00000
            34.65000             0.00000
            34.75000             0.00000
            34.85000             0.00000
            34.95000             0.00000
            35.05000             0.00000
            35.15000             0.00000
            35.25000             0.00000
            35.35000             0.00000
            35.45000             0.00000
            35.55000             0.00000
            35.65000             0.00000
            35.75000             0.00000
            35.85000             0.00000
            35.95000             0.00000
            36.05000             0.00000
            36.15000             0.00000
            36.25000             0.00000
            36.35000             0.00000
            36.45000             0.00000
            36.55000             0.00000
            36.65000             0.00000
            36.75000             0.00000
            36.85000             0.00000
            36.95000             0.00000
            37.05000             0.00000
            37.15000             0.00000
            37.25000             0.00000
            37.35000             0.00000
            37.45000             0.00000
            37.55000             0.00000
            37.65000             0.00000
            37.75000             0.00000
            37.85000             0.00000
            37.95000             0.00000
            38.05000             0.00000
            38.15000             0.00000
            38.25000             0.00000
            38.35000             0.00000
            38.45000             0.00000
            38.55000             0.00000
            38.65000             0.00000
            38.75000             0.00000
            38.85000             0.00000
            38.95000             0.00000
            39.05000             0.00000
            39.15000             0.00000
            39.25000             0.00000
            39.35000             0.00000
            39.45000             0.00000
            39.55000             0.00000
            39.65000             0.00083
            39.75000             0.00158
            39.85000             0.00275
            39.95000             0.00475
            40.05000             0.00725
            40.15000             0.01092
            40.25000             0.01675
            40.35000             0.02100
            40.45000             0.02808
            40.55000             0.03800
            40.65000             0.04083
            40.75000             0.02975
            40.85000             0.02700
            40.95000             0.02425
            41.05000             0.02108
            41.15000             0.01442
            41.25000             0.01525
            41.35000             0.01400
            41.45000             0.01458
            41.55000             0.01117
            41.65000             0.00717
            41.75000             0.00775
            41.85000             0.00975
            41.95000             0.01092
            42.05000             0.01125
            42.15000             0.01258
            42.25000             0.01500
            42.35000             0.01633
            42.45000             0.02050
            42.55000             0.02817
            42.65000             0.03942
            42.75000             0.02733
            42.85000             0.02333
            42.95000             0.02275
            43.05000             0.02708
            43.15000             0.02267
            43.25000             0.01542
            43.35000             0.00500
            43.45000             0.00000
            43.55000             0.00000
            43.65000             0.00000
            43.75000             0.00000
            43.85000             0.00000
            43.95000             0.00000
            44.05000             0.00000
            44.15000             0.00000
            44.25000             0.00000
            44.35000             0.00000
            44.45000             0.00967
            44.55000             0.04075
            44.65000             0.06383
            44.75000             0.06625
            44.85000             0.06317
            44.95000             0.03475
            45.05000             0.02533
            45.15000             0.01450
            45.25000             0.00775
            45.35000             0.00492
            45.45000             0.00242
            45.55000             0.00000
            45.65000             0.03792
            45.75000             0.05217
            45.85000             0.04525
            45.95000             0.03508
            46.05000             0.02958
            46.15000             0.02658
            46.25000             0.01842
            46.35000             0.01375
            46.45000             0.01075
            46.55000             0.01025
            46.65000             0.00867
            46.75000             0.00775
            46.85000             0.00808
            46.95000             0.00733
            47.05000             0.00658
            47.15000             0.00525
            47.25000             0.00367
            47.35000             0.00308
            47.45000             0.00250
            47.55000             0.00067
            47.65000             0.00475
            47.75000             0.07792
            47.85000             0.04975
            47.95000             0.03117
            48.05000             0.02592
            48.15000             0.02550
            48.25000             0.02100
            48.35000             0.01717
            48.45000             0.01425
            48.55000             0.01217
            48.65000             0.00950
            48.75000             0.00950
            48.85000             0.00775
            48.95000             0.00733
            49.05000             0.00508
            49.15000             0.00400
            49.25000             0.00367
            49.35000             0.00233
            49.45000             0.00217
            49.55000             0.00117
            49.65000             0.00075
            49.75000             0.00050
            49.85000             0.00000
            49.95000             0.00000
            50.05000             0.00000
            50.15000             0.00000
            50.25000             0.00000
            50.35000             0.00000
            50.45000             0.00000
            50.55000             0.00000
            50.65000             0.00000
            50.75000             0.00000
            50.85000             0.00000
            50.95000             0.00000
            51.05000             0.00000
            51.15000             0.00000
            51.25000             0.00000
            51.35000             0.00000
            51.45000             0.00000
            51.55000             0.00000
            51.65000             0.00000
            51.75000             0.00000
            51.85000             0.00000
            51.95000             0.00000
            52.05000             0.00000
            52.15000             0.00367
            52.25000             0.05442
            52.35000             0.14767
            52.45000             0.11225
            52.55000             0.01533
            52.65000             0.00000
            52.75000             0.00000
            52.85000             0.00000
            52.95000             0.00000
            53.05000             0.00000
            53.15000             0.00000
            53.25000             0.00000
            53.35000             0.00000
            53.45000             0.00000
            53.55000             0.00000
            53.65000             0.00000
            53.75000             0.00000
            53.85000             0.00000
            53.95000             0.00000
            54.05000             0.00000
            54.15000             0.00000
            54.25000             0.00000
            54.35000             0.00000
            54.45000             0.00000
            54.55000             0.00000
            54.65000             0.00000
            54.75000             0.00000
            54.85000             0.00000
            54.95000             0.00000
            55.05000             0.00000
            55.15000             0.00000
            55.25000             0.00000
            55.35000             0.00000
            55.45000             0.00000
            55.55000             0.00000
            55.65000             0.00000
            55.75000             0.00000
            55.85000             0.00000
            55.95000             0.00000
            56.05000             0.00000
            56.15000             0.00000
            56.25000             0.00000
            56.35000             0.00000
            56.45000             0.00000
            56.55000             0.00000
            56.65000             0.00000
            56.75000             0.00000
            56.85000             0.00000
            56.95000             0.00000
            57.05000             0.00000
            57.15000             0.00000
            57.25000             0.00000
            57.35000             0.00000
            57.45000             0.00000
            57.55000             0.00000
            57.65000             0.00000
            57.75000             0.00000
            57.85000             0.00000
            57.95000             0.00000
            58.05000             0.00000
            58.15000             0.00000
            58.25000             0.00000
            58.35000             0.00000
            58.45000             0.00000
            58.55000             0.00000
            58.65000             0.00000
            58.75000             0.00000
            58.85000             0.00000
            58.95000             0.00000
            59.05000             0.00000
            59.15000             0.00000
            59.25000             0.00000
            59.35000             0.00000
            59.45000             0.00000
            59.55000             0.00000
            59.65000             0.00000
            59.75000             0.00000
            59.85000             0.00000
            59.95000             0.00000
            60.05000             0.00000
            60.15000             0.00000
            60.25000             0.00000
            60.35000             0.00000
            60.45000             0.00000
            60.55000             0.00000
            60.65000             0.00000
            60.75000             0.00000
            60.85000             0.00000
            60.95000             0.00000
            61.05000             0.00000
            61.15000             0.00000
            61.25000             0.00000
            61.35000             0.00000
            61.45000             0.00000
            61.55000             0.00000
            61.65000             0.00000
            61.75000             0.00000
            61.85000             0.00000
            61.95000             0.00000
            62.05000             0.00000
            62.15000             0.00000
            62.25000             0.00000
            62.35000             0.00000
            62.45000             0.00000
            62.55000             0.00000
            62.65000             0.00000
            62.75000             0.00000
            62.85000             0.00000
            62.95000             0.00000
            63.05000             0.00000
            63.15000             0.00000
            63.25000             0.00000
            63.35000             0.00000
            63.45000             0.00000
            63.55000             0.00000
            63.65000             0.00000
            63.75000             0.00000
            63.85000             0.00000
            63.95000             0.00000
            64.05000             0.00000
            64.15000             0.00000
            64.25000             0.00000
            64.35000             0.00000
            64.45000             0.00000
            64.55000             0.00000
            64.65000             0.00000
            64.75000             0.00000
            64.85000             0.00000
            64.95000             0.00000
            65.05000             0.00000
            65.15000             0.00000
            65.25000             0.00000
            65.35000             0.00000
            65.45000             0.00000
            65.55000             0.00000
            65.65000             0.00000
            65.75000             0.00000
            65.85000             0.00000
            65.95000             0.00000
            66.05000             0.00000
            66.15000             0.00000
            66.25000             0.00000
            66.35000             0.00000
            66.45000             0.00000
            66.55000             0.00000
            66.65000             0.00000
            66.75000             0.00000
            66.85000             0.00000
            66.95000             0.00000
            67.05000             0.00000
            67.15000             0.00000
            67.25000             0.00000
            67.35000             0.00000
            67.45000             0.00000
            67.55000             0.00000
            67.65000             0.00000
            67.75000             0.00000
            67.85000             0.00000
            67.95000             0.00000
            68.05000             0.00000
            68.15000             0.00000
            68.25000             0.00000
            68.35000             0.00000
            68.45000             0.00000
            68.55000             0.00000
            68.65000             0.00000
            68.75000             0.00000
            68.85000             0.00000
            68.95000             0.00000
            69.05000             0.00000
            69.15000             0.00000
            69.25000             0.00000
            69.35000             0.00000
            69.45000             0.00000
            69.55000             0.00000
            69.65000             0.00000
            69.75000             0.00000
            69.85000             0.00000
            69.95000             0.00000
            70.05000             0.00000
            70.15000             0.00000
            70.25000             0.00000
            70.35000             0.00000
            70.45000             0.00000
            70.55000             0.00000
            70.65000             0.00000
            70.75000             0.00000
            70.85000             0.00000
            70.95000             0.00000
            71.05000             0.00000
            71.15000             0.00000
            71.25000             0.00000
            71.35000             0.00000
            71.45000             0.00000
            71.55000             0.00000
            71.65000             0.00000
            71.75000             0.00000
            71.85000             0.00000
            71.95000             0.00000
            72.05000             0.00000
            72.15000             0.00000
            72.25000             0.00000
            72.35000             0.00000
            72.45000             0.00000
            72.55000             0.00000
            72.65000             0.00000
            72.75000             0.00000
            72.85000             0.00000
            72.95000             0.00000
            73.05000             0.00000
            73.15000             0.00000
            73.25000             0.00000
            73.35000             0.00000
            73.45000             0.00000
            73.55000             0.00000
            73.65000             0.00000
            73.75000             0.00000
            73.85000             0.00000
            73.95000             0.00000
            74.05000             0.00000
            74.15000             0.00000
            74.25000             0.00000
            74.35000             0.00000
            74.45000             0.00000
            74.55000             0.00000
            74.65000             0.00000
            74.75000             0.00000
            74.85000             0.00000
            74.95000             0.00000
            75.05000             0.00000
            75.15000             0.00000
            75.25000             0.00000
            75.35000             0.00000
            75.45000             0.00000
            75.55000             0.00000
            75.65000             0.00000
            75.75000             0.00000
            75.85000             0.00000
            75.95000             0.00000
            76.05000             0.00000
            76.15000             0.00000
            76.25000             0.00000
            76.35000             0.00000
            76.45000             0.00000
            76.55000             0.00000
            76.65000             0.00000
            76.75000             0.00000
            76.85000             0.00000
            76.95000             0.00000
            77.05000             0.00000
            77.15000             0.00000
            77.25000             0.00000
            77.35000             0.00000
            77.45000             0.00000
            77.55000             0.00000
            77.65000             0.00000
            77.75000             0.00000
            77.85000             0.00000
            77.95000             0.00000
            78.05000             0.00000
            78.15000             0.00000
            78.25000             0.00000
            78.35000             0.00000
            78.45000             0.00000
            78.55000             0.00000
            78.65000             0.00000
            78.75000             0.00000
            78.85000             0.00142
            78.95000             0.00458
            79.05000             0.01375
            79.15000             0.03075
            79.25000             0.05508
            79.35000             0.05450
            79.45000             0.05292
            79.55000             0.04992
            79.65000             0.05450
            79.75000             0.04225
            79.85000             0.00667
            79.95000             0.00508
            80.05000             0.00558
            80.15000             0.00558
            80.25000             0.00592
            80.35000             0.00450
            80.45000             0.00658
            80.55000             0.00592
            80.65000             0.00667
            80.75000             0.00525
            80.85000             0.00767
            80.95000             0.00858
            81.05000             0.00633
            81.15000             0.00517
            81.25000             0.01175
            81.35000             0.00825
            81.45000             0.00942
            81.55000             0.01208
            81.65000             0.01425
            81.75000             0.01267
            81.85000             0.01250
            81.95000             0.01242
            82.05000             0.00867
            82.15000             0.01083
            82.25000             0.00958
            82.35000             0.00925
            82.45000             0.00950
            82.55000             0.00933
            82.65000             0.00983
            82.75000             0.00825
            82.85000             0.00933
            82.95000             0.00842
            83.05000             0.00842
            83.15000             0.00742
            83.25000             0.00683
            83.35000             0.00550
            83.45000             0.00467
            83.55000             0.00142
            83.65000             0.00067
            83.75000             0.00025
            83.85000             0.00000
            83.95000             0.00000
            84.05000             0.00000
            84.15000             0.00000
            84.25000             0.00000
            84.35000             0.00000
            84.45000             0.00000
            84.55000             0.00000
            84.65000             0.00000
            84.75000             0.00000
            84.85000             0.00000
            84.95000             0.00000
            85.05000             0.00000
            85.15000             0.00000
            85.25000             0.00000
            85.35000             0.00000
            85.45000             0.00000
            85.55000             0.00000
            85.65000             0.00000
            85.75000             0.00000
            85.85000             0.00000
            85.95000             0.00000
            86.05000             0.00000
            86.15000             0.00000
            86.25000             0.00000
            86.35000             0.00000
            86.45000             0.00000
            86.55000             0.00000
            86.65000             0.00000
            86.75000             0.00000
            86.85000             0.00000
            86.95000             0.00000
            87.05000             0.00000
            87.15000             0.00000
            87.25000             0.00000
            87.35000             0.00000
            87.45000             0.00000
            87.55000             0.00000
            87.65000             0.00000
            87.75000             0.00000
            87.85000             0.00000
            87.95000             0.00000
            88.05000             0.00000
            88.15000             0.00000
            88.25000             0.00000
            88.35000             0.00000
            88.45000             0.00000
            88.55000             0.00000
            88.65000             0.00000
            88.75000             0.00000
            88.85000             0.00000
            88.95000             0.00000
            89.05000             0.00000
            89.15000             0.00000
            89.25000             0.00000
            89.35000             0.00000
            89.45000             0.00000
            89.55000             0.00000
            89.65000             0.00000
            89.75000             0.00000
            89.85000             0.00000
            89.95000             0.00000
            90.05000             0.00000
            90.15000             0.00000
            90.25000             0.00000
            90.35000             0.00000
            90.45000             0.00000
            90.55000             0.00000
            90.65000             0.00000
            90.75000             0.00000
            90.85000             0.00000
            90.95000             0.00000
            91.05000             0.00000
            91.15000             0.00000
            91.25000             0.00000
            91.35000             0.00000
            91.45000             0.00000
            91.55000             0.00000
            91.65000             0.00000
            91.75000             0.00000
            91.85000             0.00000
            91.95000             0.00000
            92.05000             0.00000
            92.15000             0.00000
            92.25000             0.00000
            92.35000             0.00000
            92.45000             0.00000
            92.55000             0.00000
            92.65000             0.00000
            92.75000             0.00000
            92.85000             0.00000
            92.95000             0.00000
            93.05000             0.00000
            93.15000             0.00000
            93.25000             0.00000
            93.35000             0.00000
            93.45000             0.00000
            93.55000             0.00000
            93.65000             0.00000
            93.75000             0.00000
            93.85000             0.00000
            93.95000             0.00000
            94.05000             0.00000
            94.15000             0.00000
            94.25000             0.00000
            94.35000             0.00000
            94.45000             0.00000
            94.55000             0.00000
            94.65000             0.00000
            94.75000             0.00000
            94.85000             0.00000
            94.95000             0.00000
            95.05000             0.00000
            95.15000             0.00000
            95.25000             0.00000
            95.35000             0.00000
            95.45000             0.00000
            95.55000             0.00000
            95.65000             0.00000
            95.75000             0.00000
            95.85000             0.00000
            95.95000             0.00000
            96.05000             0.00000
            96.15000             0.00000
            96.25000             0.00000
            96.35000             0.00000
            96.45000             0.00000
            96.55000             0.00000
            96.65000             0.00000
            96.75000             0.00000
            96.85000             0.00000
            96.95000             0.00000
            97.05000             0.00000
            97.15000             0.00000
            97.25000             0.00000
            97.35000             0.00000
            97.45000             0.00000
            97.55000             0.00000
            97.65000             0.00000
            97.75000             0.00000
            97.85000             0.00000
            97.95000             0.00000
            98.05000             0.00000
            98.15000             0.00000
            98.25000             0.00000
            98.35000             0.00000
            98.45000             0.00000
            98.55000             0.00000
            98.65000             0.00000
            98.75000             0.00000
            98.85000             0.00000
            98.95000             0.00000
            99.05000             0.00000
            99.15000             0.00000
            99.25000             0.00000
            99.35000             0.00000
            99.45000             0.00000
            99.55000             0.00000
            99.65000             0.00000
            99.75000             0.00000
            99.85000             0.00000
            99.95000             0.00000
           100.05000             0.00000
           100.15000             0.00000
           100.25000             0.00000
           100.35000             0.00000
           100.45000             0.00000
           100.55000             0.00000
           100.65000             0.00000
           100.75000             0.00000
           100.85000             0.00000
           100.95000             0.00000
           101.05000             0.00000
           101.15000             0.00000
           101.25000             0.00000
           101.35000             0.00000
           101.45000             0.00000
           101.55000             0.00000
           101.65000             0.00000
           101.75000             0.00000
           101.85000             0.00000
           101.95000             0.00000
           102.05000             0.00000
           102.15000             0.00000
           102.25000             0.00000
           102.35000             0.00000
           102.45000             0.00000
           102.55000             0.00000
           102.65000             0.00000
           102.75000             0.00000
           102.85000             0.00000
           102.95000             0.00000
           103.05000             0.00000
           103.15000             0.00000
           103.25000             0.00000
           103.35000             0.00000
           103.45000             0.00000
           103.55000             0.00000
           103.65000             0.00000
           103.75000             0.00000
           103.85000             0.00000
           103.95000             0.00000
           104.05000             0.00000
           104.15000             0.00000
           104.25000             0.00000
           104.35000             0.00000
           104.45000             0.00000
           104.55000             0.00000
           104.65000             0.00000
           104.75000             0.00000
           104.85000             0.00000
           104.95000             0.00000
           105.05000             0.00000
           105.15000             0.00000
           105.25000             0.00000
           105.35000             0.00000
           105.45000             0.00000
           105.55000             0.00000
           105.65000             0.00000
           105.75000             0.00000
           105.85000             0.00000
           105.95000             0.00000
           106.05000             0.00000
           106.15000             0.00000
           106.25000             0.00000
           106.35000             0.00000
           106.45000             0.00000
           106.55000             0.00000
           106.65000             0.00000
           106.75000             0.00000
           106.85000             0.00000
           106.95000             0.00000
           107.05000             0.00000
           107.15000             0.00000
           107.25000             0.00000
           107.35000             0.00000
           107.45000             0.00000
           107.55000             0.00000
           107.65000             0.00000
           107.75000             0.00000
           107.85000             0.00000
           107.95000             0.00000
           108.05000             0.00000
           108.15000             0.00000
           108.25000             0.00000
           108.35000             0.00000
           108.45000             0.00000
           108.55000             0.00000
           108.65000             0.00000
           108.75000             0.00000
           108.85000             0.00000
           108.95000             0.00000
           109.05000             0.00000
           109.15000             0.00000
           109.25000             0.00000
           109.35000             0.00000
           109.45000             0.00000
           109.55000             0.00000
           109.65000             0.00000
           109.75000             0.00000
           109.85000             0.00000
           109.95000             0.00000
           110.05000             0.00000
           110.15000             0.00000
           110.25000             0.00000
           110.35000             0.00000
           110.45000             0.00000
           110.55000             0.00000
           110.65000             0.00000
           110.75000             0.00000
           110.85000             0.00000
           110.95000             0.00000
           111.05000             0.00000
           111.15000             0.00000
           111.25000             0.00000
           111.35000             0.00000
           111.45000             0.00000
           111.55000             0.00000
           111.65000             0.00000
           111.75000             0.00000
           111.85000             0.00000
           111.95000             0.00000
           112.05000             0.00000
           112.15000             0.00000
           112.25000             0.00000
           112.35000             0.00000
           112.45000             0.00000
           112.55000             0.00000
           112.65000             0.00000
           112.75000             0.00000
           112.85000             0.00000
           112.95000             0.00000
           113.05000             0.00000
           113.15000             0.00000
           113.25000             0.00000
           113.35000             0.00000
           113.45000             0.00000
           113.55000             0.00000
           113.65000             0.00000
           113.75000             0.00000
           113.85000             0.00000
           113.95000             0.00000
           114.05000             0.00000
           114.15000             0.00000
           114.25000             0.00000
           114.35000             0.00000
           114.45000             0.00000
           114.55000             0.00000
           114.65000             0.00000
           114.75000             0.00000
           114.85000             0.00000
           114.95000             0.00000
           115.05000             0.00000
           115.15000             0.00000
           115.25000             0.00000
           115.35000             0.00000
           115.45000             0.00000
           115.55000             0.00000
           115.65000             0.00000
           115.75000             0.00000
           115.85000             0.00000
           115.95000             0.00000
           116.05000             0.00000
           116.15000             0.00000
           116.25000             0.00000
           116.35000             0.00000
           116.45000             0.00000
           116.55000             0.00000
           116.65000             0.00000
           116.75000             0.00000
           116.85000             0.00000
           116.95000             0.00000
           117.05000             0.00000
           117.15000             0.00000
           117.25000             0.00000
           117.35000             0.00000
           117.45000             0.00000
           117.55000             0.00000
           117.65000             0.00000
           117.75000             0.00000
           117.85000             0.00000
           117.95000             0.00000
           118.05000             0.00000
           118.15000             0.00000
           118.25000             0.00000
           118.35000             0.00000
           118.45000             0.00000
           118.55000             0.00000
           118.65000             0.00000
           118.75000             0.00000
           118.85000             0.00000
           118.95000             0.00000
           119.05000             0.00000
           119.15000             0.00000
           119.25000             0.00000
           119.35000             0.00000
           119.45000             0.00000
           119.55000             0.00000
           119.65000             0.00000
           119.75000             0.00000
           119.85000             0.00000
           119.95000             0.00000
           120.05000             0.00000
           120.15000             0.00000
           120.25000             0.00000
           120.35000             0.00000
           120.45000             0.00000
           120.55000             0.00000
           120.65000             0.00000
           120.75000             0.00000
           120.85000             0.00000
           120.95000             0.00000
           121.05000             0.00000
           121.15000             0.00000
           121.25000             0.00000
           121.35000             0.00000
           121.45000             0.00000
           121.55000             0.00000
           121.65000             0.00000
           121.75000             0.00000
           121.85000             0.00000
           121.95000             0.00000
           122.05000             0.00000
           122.15000             0.00000
           122.25000             0.00000
           122.35000             0.00000
           122.45000             0.00000
           122.55000             0.00000
           122.65000             0.00000
           122.75000             0.00000
           122.85000             0.00000
           122.95000             0.00000
           123.05000             0.00000
           123.15000             0.00000
           123.25000             0.00000
           123.35000             0.00000
           123.45000             0.00000
           123.55000             0.00000
           123.65000             0.00000
           123.75000             0.00000
           123.85000             0.00000
           123.95000             0.00000
           124.05000             0.00000
           124.15000             0.00000
           124.25000             0.00000
           124.35000             0.00000
           124.45000             0.00000
           124.55000             0.00000
           124.65000             0.00000
           124.75000             0.00000
           124.85000             0.00000
           124.95000             0.00000
           125.05000             0.00000
           125.15000             0.00000
           125.25000             0.00000
           125.35000             0.00000
           125.45000             0.00000
           125.55000             0.00000
           125.65000             0.00000
           125.75000             0.00000
           125.85000             0.00000
           125.95000             0.00000
           126.05000             0.00000
           126.15000             0.00000
           126.25000             0.00000
           126.35000             0.00000
           126.45000             0.00000
           126.55000             0.00000
           126.65000             0.00000
           126.75000             0.00000
           126.85000             0.00000
           126.95000             0.00000
           127.05000             0.00000
           127.15000             0.00000
           127.25000             0.00000
           127.35000             0.00000
           127.45000             0.00000
           127.55000             0.00000
           127.65000             0.00000
           127.75000             0.00000
           127.85000             0.00000
           127.95000             0.00000
           128.05000             0.00000
           128.15000             0.00000
           128.25000             0.00000
           128.35000             0.00000
           128.45000             0.00000
           128.55000             0.00000
           128.65000             0.00000
           128.75000             0.00000
           128.85000             0.00000
           128.95000             0.00000
           129.05000             0.00000
           129.15000             0.00000
           129.25000             0.00000
           129.35000             0.00000
           129.45000             0.00000
           129.55000             0.00000
           129.65000             0.00000
           129.75000             0.00000
           129.85000             0.00000
           129.95000             0.00000
           130.05000             0.00000
           130.15000             0.00000
           130.25000             0.00000
           130.35000             0.00000
           130.45000             0.00000
           130.55000             0.00000
           130.65000             0.00000
           130.75000             0.00000
           130.85000             0.00000
           130.95000             0.00000
           131.05000             0.00000
           131.15000             0.00000
           131.25000             0.00000
           131.35000             0.00000
           131.45000             0.00000
           131.55000             0.00000
           131.65000             0.00000
           131.75000             0.00000
           131.85000             0.00000
           131.95000             0.00000
           132.05000             0.00000
           132.15000             0.00000
           132.25000             0.00000
           132.35000             0.00000
           132.45000             0.00000
           132.55000             0.00000
           132.65000             0.00000
           132.75000             0.00000
           132.85000             0.00000
           132.95000             0.00000
           133.05000             0.00000
           133.15000             0.00000
           133.25000             0.00000
           133.35000             0.00000
           133.45000             0.00000
           133.55000             0.00000
           133.65000             0.00000
           133.75000             0.00000
           133.85000             0.00000
           133.95000             0.00000
           134.05000             0.00000
           134.15000             0.00000
           134.25000             0.00000
           134.35000             0.00000
           134.45000             0.00000
           134.55000             0.00000
           134.65000             0.00000
           134.75000             0.00000
           134.85000             0.00000
           134.95000             0.00000
           135.05000             0.00000
           135.15000             0.00000
           135.25000             0.00000
           135.35000             0.00000
           135.45000             0.00000
           135.55000             0.00000
           135.65000             0.00000
           135.75000             0.00000
           135.85000             0.00000
           135.95000             0.00000
           136.05000             0.00000
           136.15000             0.00000
           136.25000             0.00000
           136.35000             0.00000
           136.45000             0.00000
           136.55000             0.00000
           136.65000             0.00000
           136.75000             0.00000
           136.85000             0.00000
           136.95000             0.00000
           137.05000             0.00000
           137.15000             0.00000
           137.25000             0.00000
           137.35000             0.00000
           137.45000             0.00000
           137.55000             0.00000
           137.65000             0.00000
           137.75000             0.00000
           137.85000             0.00000
           137.95000             0.00000
           138.05000             0.00000
           138.15000             0.00000
           138.25000             0.00000
           138.35000             0.00000
           138.45000             0.00000
           138.55000             0.00000
           138.65000             0.00000
           138.75000             0.00000
           138.85000             0.00000
           138.95000             0.00000
           139.05000             0.00000
           139.15000             0.00000
           139.25000             0.00000
           139.35000             0.00000
           139.45000             0.00000
           139.55000             0.00000
           139.65000             0.00000
           139.75000             0.00000
           139.85000             0.00000
           139.95000             0.00000
           140.05000             0.00000
           140.15000             0.00000
           140.25000             0.00000
           140.35000             0.00000
           140.45000             0.00000
           140.55000             0.00000
           140.65000             0.00000
           140.75000             0.00000
           140.85000             0.00000
           140.95000             0.00000
           141.05000             0.00000
           141.15000             0.00000
           141.25000             0.00000
           141.35000             0.00000
           141.45000             0.00000
           141.55000             0.00000
           141.65000             0.00000
           141.75000             0.00000
           141.85000             0.00000
           141.95000             0.00000
           142.05000             0.00000
           142.15000             0.00000
           142.25000             0.00000
           142.35000             0.00000
           142.45000             0.00000
           142.55000             0.00000
           142.65000             0.00000
           142.75000             0.00000
           142.85000             0.00000
           142.95000             0.00000
           143.05000             0.00000
           143.15000             0.00000
           143.25000             0.00000
           143.35000             0.00000
           143.45000             0.00000
           143.55000             0.00000
           143.65000             0.00000
           143.75000             0.00000
           143.85000             0.00000
           143.95000             0.00000
           144.05000             0.00000
           144.15000             0.00000
           144.25000             0.00000
           144.35000             0.00000
           144.45000             0.00000
           144.55000             0.00000
           144.65000             0.00000
           144.75000             0.00000
           144.85000             0.00000
           144.95000             0.00000
           145.05000             0.00000
           145.15000             0.00000
           145.25000             0.00000
           145.35000             0.00000
           145.45000             0.00000
           145.55000             0.00000
           145.65000             0.00000
           145.75000             0.00000
           145.85000             0.00000
           145.95000             0.00000
           146.05000             0.00000
           146.15000             0.00000
           146.25000             0.00000
           146.35000             0.00000
           146.45000             0.00000
           146.55000             0.00000
           146.65000             0.00000
           146.75000             0.00000
           146.85000             0.00000
           146.95000             0.00000
           147.05000             0.00000
           147.15000             0.00000
           147.25000             0.00000
           147.35000             0.00000
           147.45000             0.00000
           147.55000             0.00000
           147.65000             0.00000
           147.75000             0.00000
           147.85000             0.00000
           147.95000             0.00000
           148.05000             0.00000
           148.15000             0.00000
           148.25000             0.00000
           148.35000             0.00000
           148.45000             0.00000
           148.55000             0.00000
           148.65000             0.00000
           148.75000             0.00000
           148.85000             0.00000
           148.95000             0.00000
           149.05000             0.00000
           149.15000             0.00000
           149.25000             0.00000
           149.35000             0.00000
           149.45000             0.00000
           149.55000             0.00000
           149.65000             0.00000
           149.75000             0.00000
           149.85000             0.00000
           149.95000             0.00000
           150.05000             0.00000
           150.15000             0.00000
           150.25000             0.00000
           150.35000             0.00000
           150.45000             0.00000
           150.55000             0.00000
           150.65000             0.00000
           150.75000             0.00000
           150.85000             0.00000
           150.95000             0.00000
           151.05000             0.00000
           151.15000             0.00000
           151.25000             0.00000
           151.35000             0.00000
           151.45000             0.00000
           151.55000             0.00000
           151.65000             0.00000
           151.75000             0.00000
           151.85000             0.00000
           151.95000             0.00000
           152.05000             0.00000
           152.15000             0.00000
           152.25000             0.00000
           152.35000             0.00000
           152.45000             0.00000
           152.55000             0.00000
           152.65000             0.00000
           152.75000             0.00000
           152.85000             0.00000
           152.95000             0.00000
           153.05000             0.00000
           153.15000             0.00000
           153.25000             0.00000
           153.35000             0.00000
           153.45000             0.00000
           153.55000             0.00000
           153.65000             0.00000
           153.75000             0.00000
           153.85000             0.00000
           153.95000             0.00000
           154.05000             0.00000
           154.15000             0.00000
           154.25000             0.00000
           154.35000             0.00000
           154.45000             0.00000
           154.55000             0.00000
           154.65000             0.00000
           154.75000             0.00000
           154.85000             0.00000
           154.95000             0.00000
           155.05000             0.00000
           155.15000             0.00000
           155.25000             0.00000
           155.35000             0.00000
           155.45000             0.00000
           155.55000             0.00000
           155.65000             0.00000
           155.75000             0.00000
           155.85000             0.00000
           155.95000             0.00000
           156.05000             0.00000
           156.15000             0.00000
           156.25000             0.00000
           156.35000             0.00000
           156.45000             0.00000
           156.55000             0.00000
           156.65000             0.00000
           156.75000             0.00000
           156.85000             0.00000
           156.95000             0.00000
           157.05000             0.00000
           157.15000             0.00000
           157.25000             0.00000
           157.35000             0.00000
           157.45000             0.00000
           157.55000             0.00000
           157.65000             0.00000
           157.75000             0.00000
           157.85000             0.00000
           157.95000             0.00000
           158.05000             0.00000
           158.15000             0.00000
           158.25000             0.00000
           158.35000             0.00000
           158.45000             0.00000
           158.55000             0.00000
           158.65000             0.00000
           158.75000             0.00000
           158.85000             0.00000
           158.95000             0.00000
           159.05000             0.00000
           159.15000             0.00000
           159.25000             0.00000
           159.35000             0.00000
           159.45000             0.00000
           159.55000             0.00000
           159.65000             0.00000
           159.75000             0.00000
           159.85000             0.00000
           159.95000             0.00000
           160.05000             0.00000
           160.15000             0.00000
           160.25000             0.00000
           160.35000             0.00000
           160.45000             0.00000
           160.55000             0.00000
           160.65000             0.00000
           160.75000             0.00000
           160.85000             0.00000
           160.95000             0.00000
           161.05000             0.00000
           161.15000             0.00000
           161.25000             0.00000
           161.35000             0.00000
           161.45000             0.00000
           161.55000             0.00000
           161.65000             0.00000
           161.75000             0.00000
           161.85000             0.00000
           161.95000             0.00000
           162.05000             0.00000
           162.15000             0.00000
           162.25000             0.00000
           162.35000             0.00000
           162.45000             0.00000
           162.55000             0.00000
           162.65000             0.00000
           162.75000             0.00000
           162.85000             0.00000
           162.95000             0.00000
           163.05000             0.00000
           163.15000             0.00000
           163.25000             0.00000
           163.35000             0.00000
           163.45000             0.00000
           163.55000             0.00000
           163.65000             0.00000
           163.75000             0.00000
           163.85000             0.00000
           163.95000             0.00000
           164.05000             0.00000
           164.15000             0.00000
           164.25000             0.00000
           164.35000             0.00000
           164.45000             0.00000
           164.55000             0.00000
           164.65000             0.00000
           164.75000             0.00000
           164.85000             0.00000
           164.95000             0.00000
           165.05000             0.00000
           165.15000             0.00000
           165.25000             0.00000
           165.35000             0.00000
           165.45000             0.00000
           165.55000             0.00000
           165.65000             0.00000
           165.75000             0.00000
           165.85000             0.00000
           165.95000             0.00000
           166.05000             0.00000
           166.15000             0.00000
           166.25000             0.00000
           166.35000             0.00000
           166.45000             0.00000
           166.55000             0.00000
           166.65000             0.00000
           166.75000             0.00000
           166.85000             0.00000
           166.95000             0.00000
           167.05000             0.00000
           167.15000             0.00000
           167.25000             0.00000
           167.35000             0.00000
           167.45000             0.00000
           167.55000             0.00000
           167.65000             0.00000
           167.75000             0.00000
           167.85000             0.00000
           167.95000             0.00000
           168.05000             0.00000
           168.15000             0.00000
           168.25000             0.00000
           168.35000             0.00000
           168.45000             0.00000
           168.55000             0.00000
           168.65000             0.00000
           168.75000             0.00000
           168.85000             0.00000
           168.95000             0.00000
           169.05000             0.00000
           169.15000             0.00000
           169.25000             0.00000
           169.35000             0.00000
           169.45000             0.00000
           169.55000             0.00000
           169.65000             0.00000
           169.75000             0.00000
           169.85000             0.00000
           169.95000             0.00000
           170.05000             0.00000
           170.15000             0.00000
           170.25000             0.00000
           170.35000             0.00000
           170.45000             0.00000
           170.55000             0.00000
           170.65000             0.00000
           170.75000             0.00000
           170.85000             0.00000
           170.95000             0.00000
           171.05000             0.00000
           171.15000             0.00000
           171.25000             0.00000
           171.35000             0.00000
           171.45000             0.00000
           171.55000             0.00000
           171.65000             0.00000
           171.75000             0.00000
           171.85000             0.00000
           171.95000             0.00000
           172.05000             0.00000
           172.15000             0.00000
           172.25000             0.00000
           172.35000             0.00000
           172.45000             0.00000
           172.55000             0.00000
           172.65000             0.00000
           172.75000             0.00000
           172.85000             0.00000
           172.95000             0.00000
           173.05000             0.00000
           173.15000             0.00000
           173.25000             0.00000
           173.35000             0.00000
           173.45000             0.00000
           173.55000             0.00000
           173.65000             0.00000
           173.75000             0.00000
           173.85000             0.00000
           173.95000             0.00000
           174.05000             0.00000
           174.15000             0.00000
           174.25000             0.00000
           174.35000             0.00000
           174.45000             0.00000
           174.55000             0.00000
           174.65000             0.00000
           174.75000             0.00000
           174.85000             0.00000
           174.95000             0.00000
           175.05000             0.00000
           175.15000             0.00000
           175.25000             0.00000
           175.35000             0.00000
           175.45000             0.00000
           175.55000             0.00000
           175.65000             0.00000
           175.75000             0.00000
           175.85000             0.00000
           175.95000             0.00000
           176.05000             0.00000
           176.15000             0.00000
           176.25000             0.00000
           176.35000             0.00000
           176.45000             0.00000
           176.55000             0.00000
           176.65000             0.00000
           176.75000             0.00000
           176.85000             0.00000
           176.95000             0.00000
           177.05000             0.00000
           177.15000             0.00000
           177.25000             0.00000
           177.35000             0.00000
           177.45000             0.00000
           177.55000             0.00000
           177.65000             0.00000
           177.75000             0.00000
           177.85000             0.00000
           177.95000             0.00000
           178.05000             0.00000
           178.15000             0.00000
           178.25000             0.00000
           178.35000             0.00000
           178.45000             0.00000
           178.55000             0.00000
           178.65000             0.00000
           178.75000             0.00000
           178.85000             0.00000
           178.95000             0.00000
           179.05000             0.00000
           179.15000             0.00000
           179.25000             0.00000
           179.35000             0.00000
           179.45000             0.00000
           179.55000             0.00000
           179.65000             0.00000
           179.75000             0.00000
           179.85000             0.00000
           179.95000             0.00000
           180.05000             0.00000
           180.15000             0.00000
           180.25000             0.00000
           180.35000             0.00000
           180.45000             0.00000
           180.55000             0.00000
           180.65000             0.00000
           180.75000             0.00000
           180.85000             0.00000
           180.95000             0.00000
           181.05000             0.00000
           181.15000             0.00000
           181.25000             0.00000
           181.35000             0.00000
           181.45000             0.00000
           181.55000             0.00000
           181.65000             0.00000
           181.75000             0.00000
           181.85000             0.00000
           181.95000             0.00000
           182.05000             0.00000
           182.15000             0.00000
           182.25000             0.00000
           182.35000             0.00000
           182.45000             0.00000
           182.55000             0.00000
           182.65000             0.00000
           182.75000             0.00000
           182.85000             0.00000
           182.95000             0.00000
           183.05000             0.00000
           183.15000             0.00000
           183.25000             0.00000
           183.35000             0.00000
           183.45000             0.00000
           183.55000             0.00000
           183.65000             0.00000
           183.75000             0.00000
           183.85000             0.00000
           183.95000             0.00000
           184.05000             0.00000
           184.15000             0.00000
           184.25000             0.00000
           184.35000             0.00000
           184.45000             0.00000
           184.55000             0.00000
           184.65000             0.00000
           184.75000             0.00000
           184.85000             0.00000
           184.95000             0.00000
           185.05000             0.00000
           185.15000             0.00000
           185.25000             0.00000
           185.35000             0.00000
           185.45000             0.00000
           185.55000             0.00000
           185.65000             0.00000
           185.75000             0.00000
           185.85000             0.00000
           185.95000             0.00000
           186.05000             0.00000
           186.15000             0.00000
           186.25000             0.00000
           186.35000             0.00000
           186.45000             0.00000
           186.55000             0.00000
           186.65000             0.00000
           186.75000             0.00000
           186.85000             0.00000
           186.95000             0.00000
           187.05000             0.00000
           187.15000             0.00000
           187.25000             0.00000
           187.35000             0.00000
           187.45000             0.00000
           187.55000             0.00000
           187.65000             0.00000
           187.75000             0.00000
           187.85000             0.00000
           187.95000             0.00000
           188.05000             0.00000
           188.15000             0.00000
           188.25000             0.00000
           188.35000             0.00000
           188.45000             0.00000
           188.55000             0.00000
           188.65000             0.00000
           188.75000             0.00000
           188.85000             0.00000
           188.95000             0.00000
           189.05000             0.00000
           189.15000             0.00000
           189.25000             0.00000
           189.35000             0.00000
           189.45000             0.00000
           189.55000             0.00000
           189.65000             0.00000
           189.75000             0.00000
           189.85000             0.00000
           189.95000             0.00000
           190.05000             0.00000
           190.15000             0.00000
           190.25000             0.00000
           190.35000             0.00000
           190.45000             0.00000
           190.55000             0.00000
           190.65000             0.00000
           190.75000             0.00000
           190.85000             0.00000
           190.95000             0.00000
           191.05000             0.00000
           191.15000             0.00000
           191.25000             0.00000
           191.35000             0.00000
           191.45000             0.00000
           191.55000             0.00000
           191.65000             0.00000
           191.75000             0.00000
           191.85000             0.00000
           191.95000             0.00000
           192.05000             0.00000
           192.15000             0.00000
           192.25000             0.00000
           192.35000             0.00000
           192.45000             0.00000
           192.55000             0.00000
           192.65000             0.00000
           192.75000             0.00000
           192.85000             0.00000
           192.95000             0.00000
           193.05000             0.00000
           193.15000             0.00000
           193.25000             0.00000
           193.35000             0.00000
           193.45000             0.00000
           193.55000             0.00000
           193.65000             0.00000
           193.75000             0.00000
           193.85000             0.00000
           193.95000             0.00000
           194.05000             0.00000
           194.15000             0.00000
           194.25000             0.00000
           194.35000             0.00000
           194.45000             0.00000
           194.55000             0.00000
           194.65000             0.00000
           194.75000             0.00000
           194.85000             0.00000
           194.95000             0.00000
           195.05000             0.00000
           195.15000             0.00000
           195.25000             0.00000
           195.35000             0.00000
           195.45000             0.00000
           195.55000             0.00000
           195.65000             0.00000
           195.75000             0.00000
           195.85000             0.00000
           195.95000             0.00000
           196.05000             0.00000
           196.15000             0.00000
           196.25000             0.00000
           196.35000             0.00000
           196.45000             0.00000
           196.55000             0.00000
           196.65000             0.00000
           196.75000             0.00000
           196.85000             0.00000
           196.95000             0.00000
           197.05000             0.00000
           197.15000             0.00000
           197.25000             0.00000
           197.35000             0.00000
           197.45000             0.00000
           197.55000             0.00000
           197.65000             0.00000
           197.75000             0.00000
           197.85000             0.00000
           197.95000             0.00000
           198.05000             0.00000
           198.15000             0.00000
           198.25000             0.00000
           198.35000             0.00000
           198.45000             0.00000
           198.55000             0.00000
           198.65000             0.00000
           198.75000             0.00000
           198.85000             0.00000
           198.95000             0.00000
           199.05000             0.00000
           199.15000             0.00000
           199.25000             0.00000
           199.35000             0.00000
           199.45000             0.00000
           199.55000             0.00000
           199.65000             0.00000
           199.75000             0.00000
           199.85000             0.00000
           199.95000             0.00000
