1 0.00033217545046512775
1 0.00022981762950215141
1 9.335390328960585e-05
0 2.59813349534627e-06
0 3.814375941945954e-05
0 7.763710473188178e-05
0 0.0027653297794133216
0 0.009842250442333661
0 0.009966953248647653
0 0.01179446375157641
0 0.013364923223525605
0 0.01666322950122116
0 0.028941090729216752
0 0.033034007164171264
0 0.037963946648065384
0 0.04317615442917016
0 0.05150307218289779
0 0.05264118139754253
0 0.06164290536523512
0 0.06402610544271307
0 0.06762922357758377
0 0.06926872178460891
0 0.07015840187548082
0 0.07743394217916924
0 0.0803613564025835
0 0.08532996718992873
0 0.08713740781742862
0 0.09168336382256044
0 0.0967398148951254
0 0.098613549091795
0 0.10520978626955067
0 0.1090542373552794
0 0.11955200196543786
0 0.12143046303212093
0 0.12338412690712755
0 0.12522066978180812
0 0.1291378057916307
0 0.13107040901853567
0 0.13701361116276425
0 0.14062122315717995
0 0.14420569015105586
0 0.1461190278128428
0 0.14712176797444187
0 0.15914091506857203
0 0.15982401599901708
0 0.16098213723823504
0 0.17103022791242614
0 0.17941467078675608
0 0.18110016088203945
0 0.18183543078673167
0 0.18297534203969887
0 0.19192997425184763
0 0.19575667670610078
0 0.20816190517575955
0 0.21482534172520099
0 0.36884857906089413
0 0.37614130387290917
0 0.38153403442587297
0 0.3848466671818984
0 0.3859293444080769
0 0.38708416245140004
0 0.3913572557591313
0 0.4442651217540172
