 10.          2.58445325 
 20.          2.58445501 
 30.         2.5844915 
 40.          2.58464251 
 50.          2.58497611 
 60.          2.58553222 
 70.          2.58633347 
 80.          2.58739471 
 90.          2.58872855 
 100.           2.59034768 
 110.           2.59226541 
 120.           2.59449524 
 130.           2.59705016 
 140.          2.5999421 
 150.           2.60318148 
 160.           2.60677698 
 170.           2.61073551 
 180.           2.61506226 
 190.           2.61976086 
 200.           2.62483351 
 210.           2.63028114 
 220.           2.63610363 
 230.           2.64229991 
 240.          2.6488681 
 250.           2.65580566 
 260.           2.66310942 
 270.           2.67077572 
 280.           2.67880046 
 290.           2.68717914 
 300.           2.69590694 
