1 0.0006460137481181725
1 0.0004937318580386292
1 0.00024627003891756257
1 8.976217427372368e-07
0 1.9304338352165564e-05
0 2.7562177414751267e-05
0 0.01569028464236674
0 0.024700567414021327
0 0.03229207528862428
0 0.04395913759185567
0 0.048581909183820264
0 0.06341138894079439
0 0.0643888156583038
0 0.06655058048974818
0 0.07030038422765449
0 0.07464378363535905
0 0.08737886028950263
0 0.08943320884436738
0 0.09247266636814461
0 0.09383785982564848
0 0.10841401406634905
0 0.11629463910141001
0 0.11902031916988358
0 0.12990198204378936
0 0.13577966342717498
0 0.1446137259813617
0 0.14975447374154288
0 0.16326193652492296
0 0.17314387012516785
0 0.17989204064797884
0 0.18513479371305996
0 0.19859539774321466
0 0.2005006837245568
0 0.20726669175625567
0 0.38705115007525065
0 0.388261216096105
0 0.4321960275751818
0 0.4336735422333759
0 0.44846194486049695
