 10.          2.59672915 
 20.          2.59672915 
 30.          2.59672923 
 40.          2.59673171 
 50.          2.59674908 
 60.         2.5968082 
 70.          2.59694325 
 80.          2.59718719 
 90.         2.5975678 
 100.           2.59810704 
 110.           2.59882201 
 120.           2.59972608 
 130.           2.60083001 
 140.           2.60214283 
 150.           2.60367254 
 160.           2.60542649 
 170.           2.60741178 
 180.          2.6096353 
 190.           2.61210387 
 200.           2.61482415 
 210.           2.61780264 
 220.           2.62104557 
 230.           2.62455879 
 240.          2.6283477 
 250.           2.63241718 
 260.           2.63677149 
 270.           2.64141426 
 280.           2.64634844 
 290.           2.65157627 
 300.           2.65709931 
