1 0.0007322329683917458
1 0.00036055130906221405
1 0.00023406480986763164
0 2.857851808537491e-06
0 2.530447140453896e-05
0 5.442951870338151e-05
0 0.035246824248292806
0 0.03524878506118424
0 0.0560339606706396
0 0.06261128228748307
0 0.06261259899822091
0 0.08763836316251282
0 0.09505873647493156
0 0.10460944831282194
0 0.10461175961530064
0 0.11292147717694205
0 0.12441668377831477
0 0.12442225787314712
0 0.13859345559508657
0 0.13860545644327407
0 0.14939673103711387
0 0.15029285743836931
0 0.16015345215620405
0 0.16015674669821175
0 0.16972290493440653
0 0.17409480448223752
0 0.17409837610835657
0 0.18398319132595756
0 0.18399623221325448
0 0.18650514077681601
0 0.3563073984004629
0 0.3563107300662848
0 0.358025331618175
0 0.38244156172283356
0 0.3824558375325925
0 0.382803312470777
