10.          4.19982985
20.          4.20039384
30.         4.2016814
40.          4.20351235
50.          4.20578423
60.          4.20845432
70.          4.21151145
80.          4.21496376
90.          4.21882925
100.           4.22312865
110.           4.22788137
120.           4.23310387
130.           4.23880932
140.           4.24500799
150.           4.25170782
160.           4.25891496
170.           4.26663428
180.           4.27486964
190.           4.28362418
200.           4.29290042
210.           4.30270032
220.           4.31302532
230.          4.3238763
240.          4.335253
250.           4.34715694
260.           4.35958543
270.           4.37253751
280.           4.38601099
290.           4.40000301
300.           4.4145100
