1 0.0001666939467490181
1 1.9434135304484746e-05
1 5.8476294276339684e-06
0 2.0876543794014324e-06
0 7.147359078838525e-05
0 0.00020463458280000737
0 0.004372466304263221
0 0.0060767531667476815
0 0.009597838855882139
0 0.01911313213324862
0 0.02191630890070757
0 0.03790343009535747
0 0.039825405759138476
0 0.04121428491168485
0 0.04494047168791744
0 0.050998983532591254
0 0.05236369228118752
0 0.061918975405986565
0 0.06252974668542167
0 0.06392104478572913
0 0.07533840148537987
0 0.07539495095390511
0 0.0802355068594682
0 0.08664006615448752
0 0.09591145214999389
0 0.09850701882671903
0 0.10172566893079214
0 0.10343344266632072
0 0.11382420908511943
0 0.11474308960854265
0 0.11757984862434598
0 0.12355407514045394
0 0.1258353727611795
0 0.12818796457970072
0 0.13834380509066935
0 0.14296667918405223
0 0.14608039380377422
0 0.14698256970858453
0 0.14995928049931778
0 0.1524385182782471
0 0.16071395608846686
0 0.1670259303277601
0 0.17215354204291777
0 0.17569272730206828
0 0.18243228446746118
0 0.18401097886753245
0 0.18583126068376052
0 0.18833624982022745
0 0.19618072946773238
0 0.19631851063941033
0 0.20348404299363734
0 0.36936616249587184
0 0.3748899522275551
0 0.3758706259634591
0 0.3822844848739844
0 0.3823866390846436
0 0.387198568349908
0 0.3949024285504771
0 0.4349270253222424
0 0.4509346854876222
