#  T(K)     E(eV/cell)    F(eV/cell)    Fc(eV/cell)   S(kB/cell)    Cv(kB/cell)
    0.00           NaN    5.69669262           NaN           NaN           NaN
   10.00    5.69676048    5.69666154    0.33041393    0.11481158    0.26688534
   20.00    5.69744054    5.69638244    0.56062410    0.61393572    1.49573104
   30.00    5.69960226    5.69546091    0.75301298    1.60193368    3.62492519
   40.00    5.70377490    5.69350962    0.92084067    2.97807289    6.06502731
   50.00    5.71001600    5.69026250    1.07040482    4.58456833    8.37848472
   60.00    5.71813039    5.68557862    1.20541467    6.29575556   10.40210814
   70.00    5.72785691    5.67940497    1.32832116    8.03225630   12.12491598
   80.00    5.73895393    5.67174091    1.44086628    9.74962522   13.59223178
   90.00    5.75122584    5.66261376    1.54435250   11.42549241   14.86102329
  100.00    5.76452453    5.65206403    1.63979081   13.05041894   15.98310716
  110.00    5.77874235    5.64013697    1.72798886   14.62217135   17.00034928
  120.00    5.79380335    5.62687790    1.80960675   16.14231406   17.94458967
  130.00    5.80965524    5.61232991    1.88519417   17.61424156   18.83919218
  140.00    5.82626287    5.59653282    1.95521597   19.04207367   19.70091612
  150.00    5.84360331    5.57952278    2.02007038   20.43005770   20.54160089
  160.00    5.86166221    5.56133236    2.08010244   21.78226224   21.36951144
  170.00    5.88043116    5.54199075    2.13561394   23.10243537   22.19034572
  180.00    5.89990585    5.52152407    2.18687112   24.39395287   23.00796034
  190.00    5.92008466    5.49995569    2.23411058   25.65981364   23.82488208
  200.00    5.94096774    5.47730657    2.27754398   26.90265849   24.64266506
  210.00    5.96255622    5.45359552    2.31736178   28.12479898   25.46214130
  220.00    5.98485173    5.42883949    2.35373629   29.32824948   26.28359919
  230.00    6.00785594    5.40305382    2.38682414   30.51475887   27.10691426
  240.00    6.03157029    5.37625243    2.41676832   31.68584042   27.93164827
  250.00    6.05599572    5.34844805    2.44369988   32.84279904   28.75712721
  260.00    6.08113251    5.31965235    2.46773940   33.98675607   29.58250458
  270.00    6.10698018    5.28987611    2.48899817   35.11867148   30.40681402
  280.00    6.13353736    5.25912934    2.50757922   36.23936380   31.22901357
  290.00    6.16080176    5.22742142    2.52357824   37.34952804   32.04802303
