#  T(K)     E(eV/cell)    F(eV/cell)    Fc(eV/cell)   S(kB/cell)    Cv(kB/cell)
   10.00    9.40039933    9.40016571    0.56586565    0.27109908    0.57713927
   20.00    9.40169793    9.39957522    0.96003685    1.23164726    2.72730883
   30.00    9.40548064    9.39781741    1.28940305    2.96425041    6.17500923
   40.00    9.41241287    9.39430672    1.57668480    5.25279791    9.89748702
   50.00    9.42245529    9.38867972    1.83267283    7.83893705   13.34155724
   60.00    9.43527620    9.38076326    2.06372276   10.54320936   16.33674507
   70.00    9.45048399    9.37050602    2.27403414   13.25857310   18.89099111
   80.00    9.46773083    9.35792595    2.46659180   15.92781158   21.08509360
   90.00    9.48674799    9.34307571    2.64362747   18.52486051   23.01529361
  100.00    9.50734601    9.32602192    2.80687342   21.04165932   24.76675964
  110.00    9.52940076    9.30683355    2.95771351   23.47972310   26.40559517
  120.00    9.55283693    9.28557604    3.09727882   25.84512541   27.97947248
  130.00    9.57761359    9.26230869    3.22651120   28.14568552   29.52111230
  140.00    9.60371289    9.23708389    3.34620714   30.38947824   31.05201971
  150.00    9.63113186    9.20994724    3.45704902   32.58409888   32.58561056
  160.00    9.65987647    9.18093811    3.55962801   34.73634420   34.12959547
  170.00    9.68995752    9.15009041    3.65446124   36.85211527   35.68772760
  180.00    9.72138783    9.11743335    3.74200490   38.93643362   37.26106302
  190.00    9.75418028    9.08299217    3.82266437   40.99351128   38.84886213
  200.00    9.78834658    9.04678879    3.89680234   43.02684203   40.44923011
  210.00    9.82389647    9.00884239    3.96474516   45.03929683   42.05956828
  220.00    9.86083729    8.96916991    4.02678807   47.03321482   43.67688884
  230.00    9.89917369    8.92778650    4.08319943   49.01048566   45.29803129
  240.00    9.93890759    8.88470580    4.13422424   50.97262207   46.91980895
  250.00    9.98003819    8.83994035    4.18008709   52.92082246   48.53910613
  260.00   10.02256206    8.79350171    4.22099457   54.85602437   50.15294101
  270.00   10.06647326    8.74540077    4.25713735   56.77894973   51.75850488
  280.00   10.11176353    8.69564786    4.28869200   58.69014299   53.35318543
  290.00   10.15842244    8.64425290    4.31582244   60.59000317   54.93457917
  300.00   10.20643758    8.59122554    4.33868130   62.47881080   56.50049650
