 10.          5.13742004 
 20.          5.13744242 
 30.          5.13763543 
 40.          5.13813295 
 50.          5.13896795 
 60.          5.14015091 
 70.          5.14169702 
 80.          5.14362604 
 90.          5.14596024 
 100.           5.14872335 
 110.           5.15193986 
 120.           5.15563457 
 130.           5.15983224 
 140.           5.16455726 
 150.           5.16983337 
 160.           5.17568335 
 170.           5.18212879 
 180.           5.18918983 
 190.           5.19688495 
 200.          5.2052308 
 210.           5.21424212 
 220.           5.22393161 
 230.           5.23430992 
 240.           5.24538565 
 250.           5.25716539 
 260.           5.26965375 
 270.           5.28285343 
 280.           5.29676536 
 290.           5.31138876 
 300.           5.32672127 
