1 0.00038118046555609173
1 1.6768153420588486e-06
1 1.3860000886872208e-06
1 1.0313697402296013e-06
0 0.00017793869172433565
0 0.00041740778687807107
0 0.010936533628273109
0 0.014518008415505844
0 0.028503417569211903
0 0.029082208385065766
0 0.03233920398447577
0 0.046926747181619176
0 0.04826369782907338
0 0.04874929723883332
0 0.057764034289433525
0 0.05849935725906387
0 0.06138739174792302
0 0.06567312204497976
0 0.07156735640789799
0 0.07561706312453143
0 0.07883454355210714
0 0.08074073564718103
0 0.08951743012213124
0 0.09139086908099156
0 0.0919301759622508
0 0.09310888558273979
0 0.09462904027806696
0 0.09888563782826354
0 0.10229418199181715
0 0.10502288417756514
0 0.10882496801405146
0 0.11050063817226008
0 0.11270551504046551
0 0.1138864809953857
0 0.11799555982582807
0 0.1186250607275202
0 0.12095111291854271
0 0.12105421476635465
0 0.12399435287173136
0 0.12422050601876215
0 0.1362944201958848
0 0.1420848325590344
0 0.14315489294739378
0 0.1446739731115913
0 0.14605140989824814
0 0.14843046775246962
0 0.1552071720459462
0 0.15781024319155804
0 0.15875210174390944
0 0.16243862627365918
0 0.16587624511948829
0 0.1682529885228441
0 0.16876004546727014
0 0.17407105478749227
0 0.18058587391913536
0 0.18149726918605408
0 0.18397833637447572
0 0.18882910041830808
0 0.1889034553184076
0 0.1943455468890367
0 0.19735259967376206
0 0.19894244226155505
0 0.38159394848371175
0 0.38179486627026854
0 0.3829324045616863
0 0.38305453682112994
0 0.38322223049035276
0 0.383448698138908
0 0.3850017541286135
0 0.3850089719192293
0 0.386457347808903
0 0.38649657031520934
