#  T(K)     E(eV/cell)    F(eV/cell)    Fc(eV/cell)   S(kB/cell)    Cv(kB/cell)
   10.00    5.69585081    5.69576021    0.33038046    0.10513715    0.25824023
   20.00    5.69653249    5.69549079    0.56046246    0.60441648    1.51708156
   30.00    5.69873948    5.69456993    0.75268745    1.61284420    3.70950644
   40.00    5.70300786    5.69259597    0.92032803    3.02060605    6.19816465
   50.00    5.70937533    5.68929799    1.06968781    4.65972873    8.53514280
   60.00    5.71762890    5.68453638    1.20447955    6.40033983   10.56670624
   70.00    5.72749794    5.67826135    1.32715649    8.16233341   12.29038918
   80.00    5.73873690    5.67047549    1.43946226    9.90169842   13.75593540
   90.00    5.75114879    5.66120887    1.54270058   11.59670181   15.02215170
  100.00    5.76458516    5.65050420    1.63788338   13.23846471   16.14153301
  110.00    5.77893837    5.63840852    1.72581907   14.82519427   17.15619753
  120.00    5.79413265    5.62496859    1.80716839   16.35879541   18.09810381
  130.00    5.81011594    5.61022872    1.88248155   17.84292863   18.99068871
  140.00    5.82685338    5.59422968    1.95222382   19.28192488   19.85075478
  150.00    5.84432236    5.57700846    2.01679382   20.68020075   20.69015413
  160.00    5.86250884    5.55859831    2.07653691   22.04196119   21.51713495
  170.00    5.88140472    5.53902902    2.13175518   23.37106404   22.33735454
  180.00    5.90100592    5.51832720    2.18271510   24.67097317   23.15461324
  190.00    5.92131104    5.49651666    2.22965350   25.94475802   23.97137423
  200.00    5.94232033    5.47361873    2.27278225   27.19511576   24.78912780
  210.00    5.96403504    5.44965255    2.31229199   28.42440304   25.60864697
  220.00    5.98645683    5.42463538    2.34835518   29.63467047   26.43016909
  230.00    6.00958737    5.39858282    2.38112861   30.82769626   27.25352798
  240.00    6.03342806    5.37150906    2.41075538   32.00501768   28.07825336
  250.00    6.05797979    5.34342704    2.43736670   33.16795960   28.90364810
  260.00    6.08324278    5.31434864    2.46108325   34.31766019   29.72885056
  270.00    6.10921645    5.28428486    2.48201641   35.45509392   30.55288586
  280.00    6.13589934    5.25324588    2.50026934   36.58109203   31.37470882
  290.00    6.16328910    5.22124126    2.51593778   37.69636087   32.19324016
  300.00    6.19138240    5.18827997    2.52911090   38.80149814   33.00739662
