#  T(K)     E(eV/cell)    F(eV/cell)    Fc(eV/cell)   S(kB/cell)    Cv(kB/cell)
   10.00    5.27765559    5.27762562    0.35867609    0.03478841    0.10999522
   20.00    5.27810332    5.27749405    0.60266833    0.35351239    1.20741922
   30.00    5.28024390    5.27682480    0.80337388    1.32256161    3.99968451
   40.00    5.28523990    5.27501889    0.97596899    2.96522755    7.64416864
   50.00    5.29339134    5.27158432    1.12766137    5.06116799   11.21507576
   60.00    5.30443408    5.26623029    1.26269625    7.38889933   14.32820581
   70.00    5.31794282    5.25882634    1.38387877    9.80020101   16.94764334
   80.00    5.33352648    5.24934020    1.49320263   12.21169084   19.16188412
   90.00    5.35088208    5.23779192    1.59215853   14.58165450   21.07671829
  100.00    5.36979125    5.22422629    1.68190354   16.89200975   22.78023069
  110.00    5.39010141    5.20869771    1.76336202   19.13717923   24.33726767
  120.00    5.41170702    5.19126236    1.83728947   21.31782078   25.79301334
  130.00    5.43453486    5.17197446    1.90431502   23.43744902   27.17805983
  140.00    5.45853338    5.15088466    1.96497067   25.50066748   28.51272167
  150.00    5.48366526    5.12803947    2.01971222   27.51227230   29.81023751
  160.00    5.50990242    5.10348140    2.06893455   29.47682163   31.07903372
  170.00    5.53722253    5.07724917    2.11298307   31.39845140   32.32429881
  180.00    5.56560674    5.04937816    2.15216250   33.28081940   33.54907233
  190.00    5.59503818    5.01990079    2.18674363   35.12711386   34.75499434
  200.00    5.62550098    4.98884694    2.21696869   36.94009186   35.94281719
  210.00    5.65697967    4.95624427    2.24305568   38.72212913   37.11275035
  220.00    5.68945879    4.92211854    2.26520180   40.47527142   38.26468883
  230.00    5.72292274    4.88649386    2.28358632   42.20128275   39.39836102
  240.00    5.75735562    4.84939294    2.29837288   43.90168842   40.51342185
  250.00    5.79274125    4.81083728    2.30971149   45.57781229   41.60950953
  260.00    5.82906311    4.77084727    2.31774014   47.23080839   42.68627872
  270.00    5.86630443    4.72944241    2.32258620   48.86168766   43.74341873
  280.00    5.90444818    4.68664136    2.32436759   50.47134015   44.78066285
  290.00    5.94347710    4.64246208    2.32319383   52.06055364   45.79779232
  300.00    5.98337380    4.59692186    2.31916685   53.63002918   46.79463739
