1 0.0007068988159359457
1 0.0007068984805272729
1 1.2263775025544952e-06
0 2.6994120751858036e-05
0 2.6994134859680185e-05
0 0.00020008198233331068
0 0.03881919639932126
0 0.03881919643490877
0 0.038825800801485455
0 0.05002858473989104
0 0.05003782505531686
0 0.0545910947217916
0 0.05459109473532602
0 0.05459780544948184
0 0.07863951421571214
0 0.0786395142213169
0 0.07864604480002883
0 0.0893172509192754
0 0.09458725485205914
0 0.09458725487588189
0 0.09459033873622322
0 0.1071594129248814
0 0.10716754566297443
0 0.10910933155419446
0 0.109109331566083
0 0.1091219738786151
0 0.1164014732384273
0 0.11640792615432143
0 0.11640792616000324
0 0.1236662570311125
0 0.12366625704554195
0 0.12367844492343695
0 0.12845947529398963
0 0.13606458766240123
0 0.13606458767004984
0 0.13607034787436942
0 0.13815940824066195
0 0.13859317679286978
0 0.13859317680418
0 0.13860916173538804
0 0.15106411456213112
0 0.15108891691985857
0 0.15757840701560405
0 0.1575784070362377
0 0.15759688272355732
0 0.1607933941711736
0 0.16081783918101625
0 0.1608178391998842
0 0.16661366869932423
0 0.16661366870533578
0 0.16661566521738286
0 0.1699096247298263
0 0.16993676269054597
0 0.17016735446699102
0 0.17018175713712555
0 0.1701817571398196
0 0.182959296074511
0 0.1829754138690648
0 0.184309327059412
0 0.1843357213578082
0 0.18433572136883195
0 0.18715011525517272
0 0.3624820476327961
0 0.3626200046508877
0 0.3626205383422115
0 0.36262053837514024
0 0.36304411672120485
0 0.36304456189554607
0 0.36472163564759325
0 0.36472178270013267
0 0.36472178276242045
0 0.36577848871376056
0 0.36577848879385017
0 0.36577896106130486
0 0.3664692053091613
0 0.36655790553404527
0 0.3665579056229946
0 0.36655836527092545
