#  T(K)     E(eV/cell)    F(eV/cell)    Fc(eV/cell)   S(kB/cell)    Cv(kB/cell)
   10.00    1.32570710    1.32566657    0.11428884    0.04703503    0.15707152
   20.00    1.32633887    1.32548031    0.18557124    0.49815938    1.64359967
   30.00    1.32900509    1.32458217    0.24062113    1.71085110    4.68776400
   40.00    1.33446123    1.32236246    0.28512961    3.50998671    7.91637675
   50.00    1.34248377    1.31845732    0.32179956    5.57627363   10.59205649
   60.00    1.35253051    1.31273749    0.35222295    7.69626695   12.62630912
   70.00    1.36409527    1.30520914    0.37745170    9.76201565   14.13976922
   80.00    1.37679141    1.29594191    0.39823346   11.72767141   15.27391822
   90.00    1.39034400    1.28502973    0.41512723   13.57904362   16.14410834
  100.00    1.40456432    1.27257136    0.42856692   15.31705304   16.83560521
  110.00    1.41932598    1.25866154    0.43889916   16.94929165   17.40881539
  120.00    1.43454608    1.24338715    0.44640726   18.48578071   17.90519372
  130.00    1.45017110    1.22682624    0.45132715   19.93687467   18.35225679
  140.00    1.46616672    1.20904814    0.45385833   21.31227934   18.76758623
  150.00    1.48251062    1.19011426    0.45417172   22.62065489   19.16192249
  160.00    1.49918764    1.17007904    0.45241540   23.86952152   19.54147406
  170.00    1.51618663    1.14899092    0.44871891   25.06531388   19.90957569
  180.00    1.53349852    1.12689321    0.44319650   26.21349959   20.26783199
  190.00    1.55111513    1.10382489    0.43594973   27.31871672   20.61687388
  200.00    1.56902862    1.07982123    0.42706944   28.38490736   20.95683724
  210.00    1.58723113    1.05491439    0.41663737   29.41543693   21.28765052
  220.00    1.60571474    1.02913381    0.40472748   30.41319607   21.60919663
  230.00    1.62447140    1.00250663    0.39140698   31.38068513   21.92139556
  240.00    1.64349307    0.97505798    0.37673725   32.32008312   22.22423922
  250.00    1.66277171    0.94681122    0.36077454   33.23330335   22.51779939
  260.00    1.68229936    0.91778817    0.34357059   34.12203823   22.80222165
  270.00    1.70206825    0.88800927    0.32517317   34.98779513   23.07771319
  280.00    1.72207078    0.85749372    0.30562651   35.83192538   23.34452879
  290.00    1.74229960    0.82625963    0.28497165   36.65564757   23.60295748
  300.00    1.76274762    0.79432409    0.26324685   37.46006652   23.85331081
