#  T(K)     E(eV/cell)    F(eV/cell)    Fc(eV/cell)   S(kB/cell)    Cv(kB/cell)
   10.00    2.65056512    2.65054476    0.18004605    0.02362926    0.06929952
   20.00    2.65081051    2.65046638    0.30275018    0.19967678    0.63171887
   30.00    2.65189266    2.65010818    0.40381096    0.69026122    1.99246110
   40.00    2.65435866    2.64918362    0.49081653    1.50133799    3.75367134
   50.00    2.65834967    2.64745897    0.56737072    2.52761201    5.48157433
   60.00    2.66374340    2.64479591    0.63559617    3.66458757    6.99662919
   70.00    2.67034103    2.64113174    0.69689544    4.84225310    8.27957020
   80.00    2.67795762    2.63645030    0.75226537    6.02086900    9.36973404
   90.00    2.68644828    2.63076053    0.80245133    7.18028446   10.31591079
  100.00    2.69570749    2.62408338    0.84803184    8.31158200   11.15946252
  110.00    2.70566081    2.61644464    0.88946909    9.41185777   11.93118290
  120.00    2.71625625    2.60787114    0.92714082   10.48124414   12.65269387
  130.00    2.72745730    2.59838889    0.96136161   11.52128871   13.33872844
  140.00    2.73923792    2.58802229    0.99239744   12.53409856   13.99913806
  150.00    2.75157901    2.57679384    1.02047622   13.52190236   14.64040172
  160.00    2.76446603    2.56472417    1.04579539   14.48683721   15.26669879
  170.00    2.77788729    2.55183212    1.06852766   15.43085506   15.88065729
  180.00    2.79183290    2.53813495    1.08882538   16.35569195   16.48387266
  190.00    2.80629405    2.52364853    1.10682395   17.26286902   17.07726571
  200.00    2.82126250    2.50838748    1.12264449   18.15370865   17.66132734
  210.00    2.83673033    2.49236539    1.13639599   19.02935656   18.23628348
  220.00    2.85268972    2.47559490    1.14817706   19.89080502   18.80220393
  230.00    2.86913290    2.45808787    1.15807733   20.73891494   19.35907229
  240.00    2.88605202    2.43985547    1.16617862   21.57443553   19.90682948
  250.00    2.90343922    2.42090825    1.17255593   22.39802136   20.44539969
  260.00    2.92128654    2.40125625    1.17727826   23.21024694   20.97470522
  270.00    2.93958597    2.38090904    1.18040930   24.01161885   21.49467437
  280.00    2.95832942    2.35987576    1.18200800   24.80258594   22.00524543
  290.00    2.97750879    2.33816522    1.18212913   25.58354785   22.50636845
  300.00    2.99711591    2.31578587    1.18082365   26.35486205   22.99800593
