#  T(K)     E(eV/cell)    F(eV/cell)    Fc(eV/cell)   S(kB/cell)    Cv(kB/cell)
   10.00    5.27808601    5.27805447    0.35850348    0.03659461    0.11569384
   20.00    5.27855504    5.27791631    0.60232312    0.37060566    1.26045827
   30.00    5.28077210    5.27721823    0.80285606    1.37468650    4.12105947
   40.00    5.28588996    5.27534984    0.97527856    3.05780754    7.79879002
   50.00    5.29417663    5.27181985    1.12679832    5.18876275   11.37054913
   60.00    5.30534808    5.26634358    1.26166060    7.54376141   14.47021234
   70.00    5.31897195    5.25879688    1.38267051    9.97569141   17.07277948
   80.00    5.33465646    5.24915247    1.49182176   12.40283206   19.27112849
   90.00    5.35210012    5.23743406    1.59060505   14.78484800   21.17223097
  100.00    5.37108645    5.22368910    1.68017745   17.10464745   22.86410326
  110.00    5.39146447    5.20797392    1.76146332   19.35733108   24.41114766
  120.00    5.41312988    5.19034617    1.83521817   21.54401602   25.85807712
  130.00    5.43601029    5.17086117    1.90207111   23.66853119   27.23510442
  140.00    5.46005471    5.14957047    1.96255415   25.73570044   28.56227968
  150.00    5.48522621    5.12652133    2.01712309   27.75047991   29.85267830
  160.00    5.51149698    5.10175685    2.06617281   29.71754875   31.11463987
  170.00    5.53884491    5.07531629    2.11004873   31.64113825   32.35331796
  180.00    5.56725138    5.04723548    2.14905555   33.52498422   33.57174900
  190.00    5.59669972    5.01754723    2.18346407   35.37234054   34.77158690
  200.00    5.62717430    4.98628173    2.21351652   37.18602078   35.95360467
  210.00    5.65865989    4.95346694    2.23943090   38.96844991   37.11803296
  220.00    5.69114130    4.91912887    2.26140442   40.72171698   38.26478482
  230.00    5.72460322    4.88329185    2.27961633   42.44762422   39.39360179
  240.00    5.75903003    4.84597877    2.29423028   44.14773071   40.50414649
  250.00    5.79440584    4.80721127    2.30539628   45.82339015   41.59605952
  260.00    5.83071443    4.76700989    2.31325232   47.47578291   42.66899311
  270.00    5.86793933    4.72539423    2.31792577   49.10594309   43.72263015
  280.00    5.90606377    4.68238304    2.31953456   50.71478111   44.75669420
  290.00    5.94507078    4.63799435    2.31818819   52.30310257   45.77095423
  300.00    5.98494322    4.59224553    2.31398860   53.87162408   46.76522641
