1 0.00038118046554016404
1 1.6768134941508797e-06
1 1.3859972477911894e-06
1 1.0313652249172694e-06
0 0.00017793869171928243
0 0.00041740778689355895
0 0.010936533628274679
0 0.014518008415506796
0 0.02850341756921213
0 0.029082208385066376
0 0.03233920398447565
0 0.04692674718161921
0 0.04826369782907341
0 0.048749297238833776
0 0.05776403428943365
0 0.05849935725906397
0 0.061387391747923035
0 0.06567312204498017
0 0.07156735640789795
0 0.075617063124531
0 0.07883454355210713
0 0.0807407356471807
0 0.08951743012213119
0 0.09139086908099159
0 0.09193017596225085
0 0.09310888558273979
0 0.09462904027806703
0 0.09888563782826382
0 0.10229418199181714
0 0.10502288417756515
0 0.10882496801405148
0 0.11050063817226007
0 0.11270551504046555
0 0.11388648099538558
0 0.11799555982582811
0 0.11862506072752023
0 0.12095111291854273
0 0.12105421476635467
0 0.12399435287173147
0 0.12422050601876221
0 0.13629442019588492
0 0.14208483255903426
0 0.14315489294739386
0 0.14467397311159155
0 0.14605140989824833
0 0.14843046775246985
0 0.15520717204594633
0 0.15781024319155804
0 0.15875210174390925
0 0.16243862627365932
0 0.16587624511948834
0 0.16825298852284407
0 0.16876004546726997
0 0.17407105478749227
0 0.18058587391913514
0 0.1814972691860542
0 0.18397833637447572
0 0.18882910041830814
0 0.18890345531840752
0 0.19434554688903682
0 0.19735259967376198
0 0.19894244226155502
0 0.38159394848371164
0 0.3817948662702686
0 0.3829324045616864
0 0.38305453682113
0 0.3832222304903527
0 0.3834486981389082
0 0.3850017541286134
0 0.38500897191922906
0 0.38645734780890295
0 0.38649657031520956
