            -0.45000             0.00116
            -0.35000             0.00116
            -0.25000             0.00111
            -0.15000             0.00051
            -0.05000             0.00023
             0.05000             0.00019
             0.15000             0.00079
             0.25000             0.00083
             0.35000             0.00273
             0.45000             0.00333
             0.55000             0.00449
             0.65000             0.00505
             0.75000             0.00695
             0.85000             0.00861
             0.95000             0.00954
             1.05000             0.01167
             1.15000             0.01574
             1.25000             0.01866
             1.35000             0.02311
             1.45000             0.03250
             1.55000             0.03681
             1.65000             0.03783
             1.75000             0.04200
             1.85000             0.04950
             1.95000             0.05103
             2.05000             0.05260
             2.15000             0.06024
             2.25000             0.06816
             2.35000             0.06816
             2.45000             0.07899
             2.55000             0.09770
             2.65000             0.09788
             2.75000             0.09455
             2.85000             0.10335
             2.95000             0.11659
             3.05000             0.10830
             3.15000             0.12757
             3.25000             0.10330
             3.35000             0.12835
             3.45000             0.14548
             3.55000             0.16678
             3.65000             0.13835
             3.75000             0.15604
             3.85000             0.16419
             3.95000             0.17910
             4.05000             0.15211
             4.15000             0.12965
             4.25000             0.11553
             4.35000             0.10020
             4.45000             0.09724
             4.55000             0.10904
             4.65000             0.13391
             4.75000             0.04612
             4.85000             0.02792
             4.95000             0.01315
             5.05000             0.03223
             5.15000             0.06478
             5.25000             0.04440
             5.35000             0.05154
             5.45000             0.19327
             5.55000             0.27462
             5.65000             0.06529
             5.75000             0.03366
             5.85000             0.01903
             5.95000             0.01301
             6.05000             0.00857
             6.15000             0.00908
             6.25000             0.00658
             6.35000             0.00583
             6.45000             0.00454
             6.55000             0.00167
             6.65000             0.00000
             6.75000             0.00000
             6.85000             0.00000
             6.95000             0.00000
             7.05000             0.00000
             7.15000             0.00000
             7.25000             0.00000
             7.35000             0.00000
             7.45000             0.00000
             7.55000             0.00000
             7.65000             0.00000
             7.75000             0.00000
             7.85000             0.00000
             7.95000             0.00000
             8.05000             0.00000
             8.15000             0.00000
             8.25000             0.00000
             8.35000             0.00000
             8.45000             0.00000
             8.55000             0.00000
             8.65000             0.00000
             8.75000             0.00000
             8.85000             0.00000
             8.95000             0.00000
             9.05000             0.00000
             9.15000             0.00000
             9.25000             0.00000
             9.35000             0.00792
             9.45000             0.06297
             9.55000             0.04403
             9.65000             0.03630
             9.75000             0.02973
             9.85000             0.02361
             9.95000             0.03288
            10.05000             0.02232
            10.15000             0.02713
            10.25000             0.03195
            10.35000             0.03278
            10.45000             0.03496
            10.55000             0.04667
            10.65000             0.07256
            10.75000             0.08561
            10.85000             0.03362
            10.95000             0.00005
            11.05000             0.00000
            11.15000             0.00000
            11.25000             0.00000
            11.35000             0.00000
            11.45000             0.00000
            11.55000             0.00000
            11.65000             0.00000
            11.75000             0.00000
            11.85000             0.00000
            11.95000             0.00000
            12.05000             0.00000
            12.15000             0.00000
            12.25000             0.00000
            12.35000             0.00000
            12.45000             0.00000
            12.55000             0.00000
            12.65000             0.00000
            12.75000             0.00088
            12.85000             0.02723
            12.95000             0.05867
            13.05000             0.04135
            13.15000             0.03301
            13.25000             0.03250
            13.35000             0.02500
            13.45000             0.03505
            13.55000             0.03311
            13.65000             0.02815
            13.75000             0.03565
            13.85000             0.04102
            13.95000             0.10219
            14.05000             0.14988
            14.15000             0.17100
            14.25000             0.06107
            14.35000             0.05404
            14.45000             0.05367
            14.55000             0.05580
            14.65000             0.07427
            14.75000             0.11692
            14.85000             0.01973
            14.95000             0.00000
            15.05000             0.00000
            15.15000             0.00000
            15.25000             0.00000
            15.35000             0.00000
            15.45000             0.00000
            15.55000             0.00000
            15.65000             0.00000
            15.75000             0.00000
            15.85000             0.00000
            15.95000             0.04598
            16.05000             0.10631
            16.15000             0.05959
            16.25000             0.04635
            16.35000             0.03991
            16.45000             0.03690
            16.55000             0.03579
            16.65000             0.03931
            16.75000             0.04265
            16.85000             0.05445
            16.95000             0.06353
            17.05000             0.03676
            17.15000             0.01727
            17.25000             0.00028
            17.35000             0.00000
            17.45000             0.00000
            17.55000             0.00000
            17.65000             0.00000
            17.75000             0.00000
            17.85000             0.00000
            17.95000             0.00000
            18.05000             0.00000
            18.15000             0.00000
            18.25000             0.00000
            18.35000             0.00000
            18.45000             0.00000
            18.55000             0.00000
            18.65000             0.00000
            18.75000             0.00000
            18.85000             0.00000
            18.95000             0.00000
            19.05000             0.00000
            19.15000             0.00000
            19.25000             0.00000
            19.35000             0.00000
            19.45000             0.00000
            19.55000             0.00000
            19.65000             0.00000
            19.75000             0.00000
            19.85000             0.00000
            19.95000             0.02621
            20.05000             0.05834
            20.15000             0.06575
            20.25000             0.05950
            20.35000             0.05793
            20.45000             0.05691
            20.55000             0.05894
            20.65000             0.06019
            20.75000             0.06607
            20.85000             0.07825
            20.95000             0.03672
            21.05000             0.00028
            21.15000             0.00000
            21.25000             0.00000
            21.35000             0.00000
            21.45000             0.00000
            21.55000             0.00000
            21.65000             0.00000
            21.75000             0.00000
            21.85000             0.00000
            21.95000             0.00000
            22.05000             0.00000
            22.15000             0.00000
            22.25000             0.00000
            22.35000             0.00000
            22.45000             0.00000
            22.55000             0.00000
            22.65000             0.00000
            22.75000             0.00000
            22.85000             0.00000
            22.95000             0.00000
            23.05000             0.00000
            23.15000             0.00000
            23.25000             0.00000
            23.35000             0.00000
            23.45000             0.00000
            23.55000             0.00000
            23.65000             0.48725
            23.75000             0.13784
            23.85000             0.00000
            23.95000             0.00000
            24.05000             0.00014
            24.15000             0.13178
            24.25000             0.11585
            24.35000             0.11043
            24.45000             0.15581
            24.55000             0.12442
            24.65000             0.04241
            24.75000             0.05603
            24.85000             0.05223
            24.95000             0.05214
            25.05000             0.05394
            25.15000             0.05830
            25.25000             0.06992
            25.35000             0.07265
            25.45000             0.05459
            25.55000             0.03626
            25.65000             0.02611
            25.75000             0.01760
            25.85000             0.01088
            25.95000             0.00722
            26.05000             0.00658
            26.15000             0.01000
            26.25000             0.01718
            26.35000             0.02917
            26.45000             0.04510
            26.55000             0.06857
            26.65000             0.08251
            26.75000             0.06469
            26.85000             0.05816
            26.95000             0.05746
            27.05000             0.06552
            27.15000             0.05867
            27.25000             0.03005
            27.35000             0.01880
            27.45000             0.01065
            27.55000             0.00347
            27.65000             0.00000
            27.75000             0.00000
            27.85000             0.00000
            27.95000             0.00000
            28.05000             0.00000
            28.15000             0.00000
            28.25000             0.00000
            28.35000             0.00000
            28.45000             0.00000
            28.55000             0.00000
            28.65000             0.00000
            28.75000             0.00000
            28.85000             0.00000
            28.95000             0.00000
            29.05000             0.00000
            29.15000             0.00000
            29.25000             0.00000
            29.35000             0.00000
            29.45000             0.00000
            29.55000             0.00000
            29.65000             0.00000
            29.75000             0.00000
            29.85000             0.00000
            29.95000             0.00000
