#  T(K)     E(eV/cell)    F(eV/cell)    Fc(eV/cell)   S(kB/cell)    Cv(kB/cell)
    0.00           NaN    2.65695132           NaN           NaN           NaN
   10.00    2.65697468    2.65694228    0.17963164    0.03759249    0.10085969
   20.00    2.65729169    2.65683172    0.30194295    0.26688930    0.77034109
   30.00    2.65852902    2.65638460    0.40261907    0.82949237    2.20327247
   40.00    2.66118798    2.65531144    0.48924525    1.70484906    3.98442900
   50.00    2.66537652    2.65338845    0.56542401    2.78229709    5.70665404
   60.00    2.67095787    2.65048807    0.63327715    3.95901130    7.20612481
   70.00    2.67772824    2.64655632    0.69420672    5.16761400    8.47092466
   80.00    2.68550209    2.64158359    0.74920920    6.37062419    9.54360986
   90.00    2.69413569    2.63558370    0.79902964    7.54959437   10.47410239
  100.00    2.70352515    2.62858121    0.84424638    8.69683089   11.30389482
  110.00    2.71359762    2.62060463    0.88532141    9.81029319   12.06351194
  120.00    2.72430236    2.61168289    0.92263234   10.89072214   12.77421403
  130.00    2.73560382    2.60184365    0.95649362   11.94009949   13.45041089
  140.00    2.74747671    2.59111263    0.98717115   12.96084855   14.10170813
  150.00    2.75990247    2.57951343    1.01489275   13.95543431   14.73441376
  160.00    2.77286698    2.56706760    1.03985577   14.92617531   15.35259468
  170.00    2.78635889    2.55379476    1.06223287   15.87516641   15.95880751
  180.00    2.80036863    2.53971283    1.08217633   16.80425874   16.55460312
  190.00    2.81488764    2.52483825    1.09982151   17.71506793   17.14087460
  200.00    2.82990794    2.50918616    1.11528948   18.60899515   17.71809535
  210.00    2.84542184    2.49277057    1.12868919   19.48725269   18.28647997
  220.00    2.86142175    2.47560453    1.14011921   20.35088966   18.84609061
  230.00    2.87790012    2.45770022    1.14966913   21.20081594   19.39690542
  240.00    2.89484933    2.43906911    1.15742075   22.03782322   19.93886114
  250.00    2.91226172    2.41972204    1.16344905   22.86260324   20.47187847
  260.00    2.93012955    2.39966928    1.16782299   23.67576314   20.99587654
  270.00    2.94844502    2.37892059    1.17060623   24.47783832   21.51078049
  280.00    2.96720026    2.35748533    1.17185772   25.26930321   22.01652526
  290.00    2.98638735    2.33537245    1.17163219   26.05058017   22.51305718
