            -0.45000             0.00000
            -0.35000             0.00000
            -0.25000             0.00000
            -0.15000             0.00000
            -0.05000             0.00025
             0.05000             0.00037
             0.15000             0.00111
             0.25000             0.00160
             0.35000             0.00321
             0.45000             0.00457
             0.55000             0.00568
             0.65000             0.00741
             0.75000             0.00889
             0.85000             0.01185
             0.95000             0.01444
             1.05000             0.01580
             1.15000             0.02148
             1.25000             0.02284
             1.35000             0.02765
             1.45000             0.03296
             1.55000             0.03642
             1.65000             0.04593
             1.75000             0.04926
             1.85000             0.06185
             1.95000             0.07333
             2.05000             0.09691
             2.15000             0.14111
             2.25000             0.13741
             2.35000             0.05753
             2.45000             0.03407
             2.55000             0.05272
             2.65000             0.13556
             2.75000             0.21741
             2.85000             0.12654
             2.95000             0.09901
             3.05000             0.06000
             3.15000             0.03975
             3.25000             0.15975
             3.35000             0.14099
             3.45000             0.12198
             3.55000             0.09840
             3.65000             0.11037
             3.75000             0.12062
             3.85000             0.13012
             3.95000             0.05642
             4.05000             0.07827
             4.15000             0.09988
             4.25000             0.07741
             4.35000             0.07593
             4.45000             0.06815
             4.55000             0.05827
             4.65000             0.08728
             4.75000             0.13062
             4.85000             0.10049
             4.95000             0.19309
             5.05000             0.16605
             5.15000             0.12432
             5.25000             0.09790
             5.35000             0.13247
             5.45000             0.17099
             5.55000             0.34519
             5.65000             0.20333
             5.75000             0.12395
             5.85000             0.06914
             5.95000             0.01370
             6.05000             0.00000
             6.15000             0.00000
             6.25000             0.00000
             6.35000             0.00000
             6.45000             0.00000
             6.55000             0.00000
             6.65000             0.00000
             6.75000             0.00000
             6.85000             0.00000
             6.95000             0.00000
             7.05000             0.00000
             7.15000             0.00000
             7.25000             0.00000
             7.35000             0.00000
             7.45000             0.02716
             7.55000             0.12432
             7.65000             0.11247
             7.75000             0.11593
             7.85000             0.13691
             7.95000             0.11321
             8.05000             0.07741
             8.15000             0.06469
             8.25000             0.11716
             8.35000             0.12173
             8.45000             0.11235
             8.55000             0.10988
             8.65000             0.10136
             8.75000             0.09000
             8.85000             0.06901
             8.95000             0.04111
             9.05000             0.03012
             9.15000             0.02457
             9.25000             0.01901
             9.35000             0.01580
             9.45000             0.01370
             9.55000             0.01025
             9.65000             0.00815
             9.75000             0.00568
             9.85000             0.00383
             9.95000             0.00086
            10.05000             0.00000
            10.15000             0.00000
            10.25000             0.01086
            10.35000             0.01975
            10.45000             0.02667
            10.55000             0.03593
            10.65000             0.04086
            10.75000             0.04802
            10.85000             0.06160
            10.95000             0.07272
            11.05000             0.09864
            11.15000             0.12284
            11.25000             0.12074
            11.35000             0.09889
            11.45000             0.06605
            11.55000             0.02457
            11.65000             0.01691
            11.75000             0.02691
            11.85000             0.05457
            11.95000             0.08469
            12.05000             0.09815
            12.15000             0.11346
            12.25000             0.13975
            12.35000             0.08951
            12.45000             0.05741
            12.55000             0.05296
            12.65000             0.04481
            12.75000             0.03346
            12.85000             0.00741
            12.95000             0.00099
            13.05000             0.00074
            13.15000             0.00025
            13.25000             0.00222
            13.35000             0.00099
            13.45000             0.00111
            13.55000             0.00259
            13.65000             0.00309
            13.75000             0.00148
            13.85000             0.00198
            13.95000             0.00778
            14.05000             0.00346
            14.15000             0.01148
            14.25000             0.02111
            14.35000             0.03877
            14.45000             0.05049
            14.55000             0.07111
            14.65000             0.07889
            14.75000             0.08160
            14.85000             0.08222
            14.95000             0.08469
            15.05000             0.06012
            15.15000             0.04642
            15.25000             0.03864
            15.35000             0.02815
            15.45000             0.02074
            15.55000             0.01494
            15.65000             0.01259
            15.75000             0.00975
            15.85000             0.00716
            15.95000             0.00802
            16.05000             0.00593
            16.15000             0.00617
            16.25000             0.00556
            16.35000             0.00481
            16.45000             0.00370
            16.55000             0.00630
            16.65000             0.00630
            16.75000             0.00469
            16.85000             0.00679
            16.95000             0.00630
            17.05000             0.01025
            17.15000             0.01025
            17.25000             0.01259
            17.35000             0.01778
            17.45000             0.01679
            17.55000             0.02778
            17.65000             0.04148
            17.75000             0.07654
            17.85000             0.18864
            17.95000             0.14370
            18.05000             0.09235
            18.15000             0.09136
            18.25000             0.08284
            18.35000             0.00272
            18.45000             0.00000
            18.55000             0.00000
            18.65000             0.00000
            18.75000             0.00000
            18.85000             0.00000
            18.95000             0.00000
            19.05000             0.00000
            19.15000             0.00000
            19.25000             0.00000
            19.35000             0.00000
            19.45000             0.00000
            19.55000             0.00000
            19.65000             0.00000
            19.75000             0.00000
            19.85000             0.00000
            19.95000             0.00000
            20.05000             0.00000
            20.15000             0.00000
            20.25000             0.00000
            20.35000             0.00000
            20.45000             0.00000
            20.55000             0.00000
            20.65000             0.00000
            20.75000             0.00000
            20.85000             0.00000
            20.95000             0.00000
            21.05000             0.00000
            21.15000             0.00000
            21.25000             0.00000
            21.35000             0.00000
            21.45000             0.00000
            21.55000             0.00000
            21.65000             0.00000
            21.75000             0.00000
            21.85000             0.00000
            21.95000             0.00000
            22.05000             0.00000
            22.15000             0.00000
            22.25000             0.00000
            22.35000             0.00000
            22.45000             0.00000
            22.55000             0.00000
            22.65000             0.00000
            22.75000             0.00000
            22.85000             0.00000
            22.95000             0.00000
            23.05000             0.00000
            23.15000             0.00000
            23.25000             0.00000
            23.35000             0.00000
            23.45000             0.00000
            23.55000             0.00000
            23.65000             0.00000
            23.75000             0.00000
            23.85000             0.00000
            23.95000             0.00000
            24.05000             0.00000
            24.15000             0.00000
            24.25000             0.00000
            24.35000             0.00000
            24.45000             0.00000
            24.55000             0.00000
            24.65000             0.00000
            24.75000             0.00000
            24.85000             0.00000
            24.95000             0.00000
            25.05000             0.00000
            25.15000             0.00000
            25.25000             0.00000
            25.35000             0.00000
            25.45000             0.00000
            25.55000             0.00000
            25.65000             0.00000
            25.75000             0.00000
            25.85000             0.00000
            25.95000             0.00000
            26.05000             0.00000
            26.15000             0.00000
            26.25000             0.00000
            26.35000             0.00000
            26.45000             0.00000
            26.55000             0.00000
            26.65000             0.00000
            26.75000             0.00000
            26.85000             0.00000
            26.95000             0.00000
            27.05000             0.00000
            27.15000             0.00000
            27.25000             0.00000
            27.35000             0.00000
            27.45000             0.00000
            27.55000             0.00000
            27.65000             0.00000
            27.75000             0.00000
            27.85000             0.00000
            27.95000             0.00000
            28.05000             0.00000
            28.15000             0.00000
            28.25000             0.00000
            28.35000             0.00000
            28.45000             0.00000
            28.55000             0.00000
            28.65000             0.00000
            28.75000             0.00000
            28.85000             0.00000
            28.95000             0.00000
            29.05000             0.00000
            29.15000             0.00000
            29.25000             0.00000
            29.35000             0.00000
            29.45000             0.00000
            29.55000             0.00000
            29.65000             0.00000
            29.75000             0.00000
            29.85000             0.00000
            29.95000             0.00000
