 10.          2.83648275 
 20.         2.8365961 
 30.          2.83699991 
 40.          2.83771055 
 50.          2.83872462 
 60.          2.84004361 
 70.          2.84166954 
 80.          2.84360284 
 90.          2.84584189 
 100.           2.84838329 
 110.           2.85122248 
 120.           2.85435433 
 130.           2.85777371 
 140.          2.8614759 
 150.           2.86545689 
 160.           2.86971345 
 170.           2.87424316 
 180.           2.87904442 
 190.           2.88411631 
 200.           2.88945849 
 210.           2.89507106 
 220.           2.90095448 
 230.           2.90710938 
 240.          2.9135365 
 250.           2.92023655 
 260.           2.92721018 
 270.           2.93445782 
 280.           2.94197971 
 290.          2.9497758 
 300.           2.95784574 
