1 0.0006823722600931346
1 0.0005057257309704679
1 9.917345819460324e-05
0 1.7465464117195406e-05
0 2.7925545451206376e-05
0 6.776182459472046e-05
0 0.007183410898630019
0 0.015353095444812014
0 0.023947170052675958
0 0.03041017359669016
0 0.039927050369133306
0 0.04506381781483394
0 0.056971414279316464
0 0.06205147904520326
0 0.07904747562120976
0 0.09101222061618663
0 0.09972246721743386
0 0.09985864067241858
0 0.11639401529623412
0 0.12269227829705615
0 0.1332110907790658
0 0.13730003613454822
0 0.14356987093084703
0 0.15749277124293432
0 0.15799966978867933
0 0.17165053911797398
0 0.17455880087985626
0 0.1832817059327985
0 0.184251183645538
0 0.18663072460340066
0 0.1971980075296132
0 0.20986795608513945
0 0.3682031035420962
0 0.37016642211733564
0 0.373522255590193
0 0.3745602371058358
0 0.3763767643987711
0 0.43407131169762997
0 0.4493017394597937
