#  T(K)     E(eV/cell)    F(eV/cell)    Fc(eV/cell)   S(kB/cell)    Cv(kB/cell)
   10.00    6.70199610    6.70190173    0.37227867    0.10951989    0.36253646
   20.00    6.70316566    6.70151274    0.62987457    0.95905845    2.67709381
   30.00    6.70695322    6.69999170    0.84418417    2.69281776    6.20637285
   40.00    6.71389287    6.69671222    1.03038359    4.98430043    9.86127804
   50.00    6.72382786    6.69132550    1.19568047    7.54343904   13.10772724
   60.00    6.73632174    6.68369001    1.34432001   10.17937061   15.79616402
   70.00    6.75090280    6.67379127    1.47910732   12.78338169   17.96635882
   80.00    6.76716708    6.66168325    1.60203607   15.30101910   19.72130244
   90.00    6.78480366    6.64745171    1.71459696   17.70992797   21.16799798
  100.00    6.80358699    6.63119328    1.81794705   20.00533768   22.39584005
  110.00    6.82335911    6.61300442    1.91301069   22.19136363   23.47242267
  120.00    6.84401177    6.59297608    2.00054337   24.27608744   24.44615621
  130.00    6.86547173    6.57119153    2.08117420   26.26891597   25.35069422
  140.00    6.88768993    6.54772589    2.15543520   28.17924887   26.20910990
  150.00    6.91063386    6.52264641    2.22378215   30.01586681   27.03718073
  160.00    6.93428232    6.49601312    2.28660993   31.78669974   27.84574718
  170.00    6.95862194    6.46787962    2.34426396   33.49878526   28.64231904
  180.00    6.98364478    6.43829382    2.39704893   35.15831442   29.43213536
  190.00    7.00934668    6.40729861    2.44523565   36.77071186   30.21885224
  200.00    7.03572612    6.37493251    2.48906634   38.34072408   31.00498806
  210.00    7.06278339    6.34123022    2.52875900   39.87250391   31.79221508
  220.00    7.09051989    6.30622309    2.56451082   41.36968647   32.58155623
  230.00    7.11893771    6.26993953    2.59650108   42.83545568   33.37352387
  240.00    7.14803918    6.23240538    2.62489341   44.27260160   34.16822349
  250.00    7.17782659    6.19364423    2.64983782   45.68356995   34.96543572
  260.00    7.20830190    6.15367769    2.67147230   47.07050471   35.76468440
  270.00    7.23946660    6.11252565    2.68992423   48.43528520   36.56529502
  280.00    7.27132151    6.07020648    2.70531152   49.77955824   37.36644578
  290.00    7.30386670    6.02673720    2.71774368   51.10476649   38.16721228
  300.00    7.33710143    5.98213369    2.72732265   52.41217330   38.96660651
