#  T(K)     E(eV/cell)    F(eV/cell)    Fc(eV/cell)   S(kB/cell)    Cv(kB/cell)
   10.00    7.68433139    7.68424088    0.43035439    0.10503308    0.32308164
   20.00    7.68535193    7.68389502    0.73168947    0.84532659    2.38623129
   30.00    7.68884809    7.68253243    0.98432701    2.44299034    5.83689123
   40.00    7.69542919    7.67951962    1.20534030    4.61554357    9.37728241
   50.00    7.70484922    7.67450585    1.40283802    7.04236184   12.37664273
   60.00    7.71657286    7.66736970    1.58159606    9.51625794   14.73012660
   70.00    7.73007736    7.65812309    1.74477019   11.92842234   16.53128614
   80.00    7.74494355    7.64684341    1.89460333   14.22997448   17.91201511
   90.00    7.76086193    7.63363470    2.03277251   16.40446397   18.99125208
  100.00    7.77761570    7.61860721    2.16057945   18.45205713   19.86495228
  110.00    7.79506127    7.60186711    2.27906403   20.38101345   20.60767140
  120.00    7.81311139    7.58351169    2.38907622   22.20314703   21.27624243
  130.00    7.83172142    7.56362746    2.49132376   23.93140190   21.91319774
  140.00    7.85087822    7.54228976    2.58640516   25.57856133   22.54960113
  150.00    7.87059134    7.51956324    2.67483320   27.15658119   23.20737027
  160.00    7.89088600    7.49550275    2.75705211   28.67627593   23.90119545
  170.00    7.91179751    7.47015433    2.83345050   30.14720607   24.64012760
  180.00    7.93336704    7.44355634    2.90437116   31.57768083   25.42888568
  190.00    7.95563836    7.41574048    2.97011872   32.97482407   26.26892285
  200.00    7.97865540    7.38673281    3.03096571   34.34467279   27.15928634
  210.00    8.00246047    7.35655460    3.08715737   35.69228913   28.09730317
  220.00    8.02709305    7.32522314    3.13891556   37.02187487   29.07912080
  230.00    8.05258893    7.29275243    3.18644194   38.33688169   30.10012881
  240.00    8.07897974    7.25915378    3.22992061   39.64011390   31.15528367
  250.00    8.10629266    7.22443633    3.26952034   40.93382174   32.23935570
  260.00    8.13455034    7.18860749    3.30539637   42.21978481   33.34711370
  270.00    8.16377098    7.15167332    3.33769198   43.49938581   34.47346024
  280.00    8.19396850    7.11363882    3.36653985   44.77367500   35.61352785
  290.00    8.22515271    7.07450822    3.39206317   46.04342616   36.76274468
  300.00    8.25732965    7.03428517    3.41437662   47.30918491   37.91687639
