#  T(K)     E(eV/cell)    F(eV/cell)    Fc(eV/cell)   S(kB/cell)    Cv(kB/cell)
   10.00    2.65127268    2.65125733    0.18048862    0.01781293    0.05432360
   20.00    2.65147538    2.65119484    0.30363531    0.16277028    0.53327991
   30.00    2.65241785    2.65089419    0.40513866    0.58937260    1.76892979
   40.00    2.65465276    2.65008952    0.49258678    1.32384418    3.45178434
   50.00    2.65837159    2.64854896    0.56958354    2.27972278    5.15963443
   60.00    2.66349235    2.64612536    0.63825156    3.35890432    6.68869980
   70.00    2.66983613    2.64274502    0.69999339    4.49110569    7.99952076
   80.00    2.67722474    2.63838206    0.75580589    5.63434816    9.12065382
   90.00    2.68551361    2.63303774    0.80643441    6.76614961   10.09621407
  100.00    2.69459503    2.62672721    0.85245749    7.87568613   10.96596788
  110.00    2.70439168    2.61947185    0.89433730    8.95861502   11.76047820
  120.00    2.71484870    2.61129516    0.93245160   10.01401270   12.50166328
  130.00    2.72592710    2.60222062    0.96711494   11.04265612   13.20470260
  140.00    2.73759873    2.59227064    0.99859334   12.04608688   13.87988960
  150.00    2.74984276    2.58146619    1.02711469   13.02611405   14.53408710
  160.00    2.76264317    2.56982663    1.05287642   13.98455908   15.17178962
  170.00    2.77598709    2.55736983    1.07605126   14.92313294   15.79587763
  180.00    2.78986362    2.54411221    1.09679154   15.84338497   16.40814713
  190.00    2.80426308    2.53006898    1.11523268   16.74668961   17.00967836
  200.00    2.81917651    2.51525420    1.13149578   17.63425248   17.60108978
  210.00    2.83459534    2.49968097    1.14568985   18.50712525   18.18271034
  220.00    2.85051123    2.48336155    1.15791348   19.36622361   18.75469394
  230.00    2.86691588    2.46630745    1.16825631   20.21234552   19.31709365
  240.00    2.88380104    2.44852956    1.17680016   21.04618795   19.86990834
  250.00    2.90115845    2.43003818    1.18362004   21.86836187   20.41311116
  260.00    2.91897980    2.41084313    1.18878494   22.67940505   20.94666613
  270.00    2.93725677    2.39095380    1.19235854   23.47979297   21.47053749
  280.00    2.95598099    2.37037918    1.19439981   24.26994799   21.98469474
  290.00    2.97514409    2.34912793    1.19496350   25.05024707   22.48911525
  300.00    2.99473767    2.32720839    1.19410058   25.82102820   22.98378570
