4
1  0.00047541  0.00000000  0.00000000
    -0.51770488     -0.41528847     -0.41528838
     0.00030060     -0.00020363     -0.00017350
     0.00027192     -0.00019944     -0.00016933
     0.00034156     -0.00016940     -0.00010167
    -0.00014974     -0.00015667     -0.00007924
     0.00002530      0.00001907      0.00001435
     0.00033221     -0.00017499     -0.00011359
     0.00002640      0.00001722      0.00001441
    -0.00014850     -0.00015598     -0.00007830
     0.00028601     -0.00010106     -0.00019920
    -0.00014066     -0.00007036     -0.00015634
    -0.00002375      0.00000822      0.00001960
     0.00002009     -0.00007836     -0.00006967
    -0.00000576     -0.00000555     -0.00000544
    -0.00000585     -0.00000143      0.00000073
     0.00001167      0.00001392      0.00000791
    -0.00000959      0.00000089     -0.00000182
    -0.00000113     -0.00000127     -0.00000083
     0.00027584     -0.00011376     -0.00020494
    -0.00002329      0.00000706      0.00001721
    -0.00013991     -0.00007001     -0.00015577
     0.00001202      0.00001428      0.00000647
    -0.00000219     -0.00000235     -0.00000164
    -0.00000923      0.00000068     -0.00000171
     0.00001979     -0.00007970     -0.00007158
    -0.00000611     -0.00000113      0.00000094
    -0.00000539     -0.00000509     -0.00000511
     0.00192196     -0.00005405      0.00163314
     0.00002745      0.00001169      0.00002647
     0.00191011      0.00148433     -0.00161778
    -0.00003046     -0.00013292      0.00000321
     0.00002186      0.00002097     -0.00001019
     0.00001844     -0.00003279     -0.00000165
     0.00002049      0.00000230      0.00000931
     0.00002239      0.00001463     -0.00001625
    -0.00003198     -0.00015863      0.00024323
     0.00002427      0.00001360     -0.00006104
    -0.00000341      0.00000201     -0.00000637
     0.00002384      0.00001378     -0.00006099
    -0.00000556     -0.00000372      0.00000958
     0.00000011     -0.00000087     -0.00000048
     0.00000233     -0.00000019      0.00000064
     0.00000334      0.00000094     -0.00000034
     0.00000055     -0.00000033     -0.00000095
    -0.00000575     -0.00000353      0.00000949
     0.00192115      0.00147564     -0.00162847
     0.00002746      0.00001242      0.00002658
     0.00190989     -0.00004980      0.00160623
    -0.00002925     -0.00015854      0.00024106
     0.00002190      0.00001410     -0.00001581
     0.00001809      0.00000315      0.00000942
     0.00002007     -0.00003370     -0.00000443
     0.00002244      0.00002172     -0.00001088
    -0.00003078     -0.00013137      0.00000461
    -0.00068034      0.00167731      0.00147522
    -0.00024526      0.00006807     -0.00015839
    -0.00004004      0.00005178     -0.00003229
     0.00001101     -0.00000325      0.00001345
     0.00000123      0.00000539     -0.00000352
     0.00000143      0.00000204      0.00000080
    -0.00069491      0.00031300     -0.00005777
    -0.00024426      0.00036322     -0.00013055
    -0.00003996      0.00003271      0.00000398
    -0.00000003      0.00001215      0.00001209
     0.00002065     -0.00000958      0.00001455
     0.00002138     -0.00001286      0.00002204
    -0.00000171     -0.00000525      0.00000200
    -0.00000181      0.00000104     -0.00000032
    -0.00000129      0.00000061      0.00000010
    -0.00000021      0.00001206      0.00001241
     0.00002116     -0.00001297      0.00002206
     0.00002190     -0.00001082      0.00001560
    -0.00066587      0.00030019     -0.00004713
    -0.00003944      0.00003552      0.00000242
    -0.00024517      0.00036523     -0.00013279
     0.00001149     -0.00000229      0.00001347
     0.00000070      0.00000278      0.00000047
     0.00000179      0.00000484     -0.00000320
    -0.00067980      0.00168687      0.00148488
    -0.00003937      0.00005188     -0.00003322
    -0.00024416      0.00006642     -0.00015786
     0.00187777      0.00163999     -0.00030416
     0.00000795      0.00006082      0.00000293
     0.00187204     -0.00161498     -0.00168578
     0.00000844     -0.00002645     -0.00001253
    -0.00001234      0.00000639      0.00000527
     0.00000809     -0.00002703     -0.00001264
     0.00187924     -0.00162649     -0.00168031
     0.00000941      0.00006024      0.00000219
     0.00187355      0.00160465     -0.00031038
     0.00011632     -0.00024245     -0.00036529
     0.00000479     -0.00000935     -0.00000527
     0.00011442     -0.00000182     -0.00006600
    -0.00000697      0.00001570      0.00001190
     0.00000086      0.00000097     -0.00000101
    -0.00000761      0.00001071      0.00000963
     0.00001358     -0.00001081     -0.00005254
     0.00000760     -0.00000073     -0.00000307
     0.00001215      0.00000186     -0.00003456
     0.00001181      0.00000325     -0.00003554
     0.00000692     -0.00000011     -0.00000262
     0.00001038     -0.00000892     -0.00005295
    -0.00000713      0.00001039      0.00000936
     0.00000090      0.00000093     -0.00000105
    -0.00000776      0.00001639      0.00001252
     0.00011991     -0.00000695     -0.00007029
     0.00000533     -0.00001026     -0.00000581
     0.00011820     -0.00024293     -0.00036509
     0.25738189      0.21026398      0.21029814
    -0.00002815      0.00014547      0.00016406
    -0.00002873      0.00002400     -0.00003440
    -0.00010765      0.00017633      0.00009663
     0.00008064      0.00007366      0.00008222
    -0.00001051     -0.00001273     -0.00001346
    -0.00014599     -0.00004980      0.00002759
    -0.00002670      0.00000212     -0.00000298
    -0.00000457     -0.00000861      0.00001146
    -0.00009035      0.00011948      0.00021378
     0.00006722      0.00007681      0.00008291
     0.00001555     -0.00001434     -0.00003608
    -0.00000740     -0.00000566     -0.00001671
     0.00000261      0.00000292      0.00000268
     0.00000920     -0.00000283     -0.00000351
    -0.00000962     -0.00000248     -0.00001562
    -0.00000394      0.00000403     -0.00000789
     0.00000349      0.00000126      0.00000283
    -0.00015837      0.00002117     -0.00004728
     0.00001136      0.00000785      0.00000869
    -0.00001475      0.00000793     -0.00000273
    -0.00001201     -0.00003053      0.00000750
    -0.00000253     -0.00000038      0.00000618
     0.00000786      0.00000366      0.00000440
     0.00000812     -0.00001849     -0.00002535
     0.00000472      0.00000045     -0.00000060
    -0.00000115      0.00000162     -0.00000290
    -0.00000399     -0.00000121     -0.00000573
     0.00000150     -0.00000254     -0.00000366
     0.00000474     -0.00002098     -0.00002853
     0.00000504      0.00000059      0.00000141
    -0.00000616     -0.00000402      0.00000277
    -0.00001439     -0.00003329      0.00000458
    -0.00001799      0.00000505     -0.00000595
     0.00000921      0.00000482      0.00000524
    -0.00016960      0.00001078     -0.00005260
     0.00000092     -0.00000131      0.00000019
    -0.00000709      0.00000115     -0.00001088
    -0.00001233     -0.00000552     -0.00001690
     0.00000628     -0.00000605     -0.00000670
    -0.00000082     -0.00000051     -0.00000068
    -0.00001000     -0.00000819     -0.00001928
     0.00001295     -0.00001637     -0.00003780
     0.00006349      0.00007352      0.00007946
    -0.00009009      0.00012033      0.00020895
    -0.00000768     -0.00001240      0.00000879
    -0.00002883     -0.00000148     -0.00000559
    -0.00015762     -0.00005583      0.00001663
    -0.00001401     -0.00001457     -0.00001639
     0.00007638      0.00006941      0.00007844
    -0.00010767      0.00017128      0.00009636
    -0.00004325      0.00002350     -0.00003459
    -0.00001691      0.00013781      0.00015620
     0.25393067      0.20197376      0.20201102
    -0.00005221      0.00006314      0.00007693
    -0.00001922     -0.00001242     -0.00000350
    -0.00004393      0.00001061     -0.00001461
    -0.00001483     -0.00003414      0.00000153
     0.00000030      0.00000395     -0.00000265
     0.00001898      0.00002970     -0.00006956
    -0.00071551      0.00004950     -0.00052311
    -0.00001607     -0.00001687      0.00001319
    -0.00075686     -0.00084212      0.00055725
     0.00000744      0.00000725     -0.00000649
    -0.00000282     -0.00000133      0.00000188
    -0.00000573     -0.00000467     -0.00000250
    -0.00000219     -0.00000717     -0.00000421
    -0.00000180     -0.00000121      0.00000160
     0.00000109     -0.00000436     -0.00000188
    -0.00000416      0.00000053      0.00001945
     0.00000282     -0.00000201      0.00000499
     0.00000956     -0.00000659      0.00002245
     0.00001558      0.00013299     -0.00013150
    -0.00003776     -0.00002157      0.00002529
    -0.00001464     -0.00000788      0.00000823
    -0.00003809      0.00000384     -0.00002060
    -0.00000076     -0.00000568      0.00000911
     0.00003301      0.00008590     -0.00000555
     0.00010667     -0.00037717      0.00063621
    -0.00002603      0.00001338     -0.00002121
    -0.00008638      0.00000425     -0.00029812
    -0.00010023      0.00001550     -0.00032301
    -0.00002292      0.00001611     -0.00002399
     0.00009549     -0.00037707      0.00062727
     0.00003466      0.00008824     -0.00000807
     0.00000237     -0.00000255      0.00000593
    -0.00003342      0.00000738     -0.00002433
    -0.00001290     -0.00000505      0.00000585
    -0.00003540     -0.00001893      0.00002274
     0.00002254      0.00014223     -0.00013899
     0.00001208     -0.00000373      0.00002005
     0.00000541      0.00000051      0.00000236
    -0.00000117      0.00000286      0.00001681
     0.00000413     -0.00000124     -0.00000487
     0.00000123      0.00000187     -0.00000141
     0.00000146     -0.00000354     -0.00000767
    -0.00000315     -0.00000210     -0.00000510
    -0.00000023      0.00000122     -0.00000072
     0.00001064      0.00001024     -0.00000946
    -0.00075539     -0.00083081      0.00055007
    -0.00001388     -0.00001476      0.00001023
    -0.00070521      0.00005394     -0.00051734
     0.00002200      0.00003403     -0.00007340
     0.00000325      0.00000698     -0.00000558
    -0.00001085     -0.00003036     -0.00000186
    -0.00004245      0.00001364     -0.00001646
    -0.00001696     -0.00001002     -0.00000614
    -0.00005140      0.00006204      0.00007338
     0.00008976      0.00012689      0.00001214
     0.00000277     -0.00001644      0.00004589
     0.00017090     -0.00049495     -0.00071110
     0.00000576     -0.00000853      0.00000406
    -0.00001233     -0.00000493     -0.00000475
     0.00001017     -0.00000920      0.00000914
     0.00015450     -0.00024019      0.00012942
    -0.00001036     -0.00003226     -0.00003726
     0.00037269     -0.00004061      0.00063620
    -0.00001163      0.00000082     -0.00002418
    -0.00000260      0.00000126     -0.00000531
     0.00000020      0.00001566     -0.00000026
    -0.00000046      0.00000120     -0.00000208
    -0.00000135      0.00000152     -0.00000194
     0.00000030      0.00000214      0.00000056
    -0.00001614      0.00001666     -0.00003257
    -0.00000573      0.00001269     -0.00000278
     0.00001949     -0.00000898      0.00000879
     0.00004907     -0.00003297     -0.00003128
     0.00003886     -0.00009006      0.00002467
     0.00047644     -0.00042082      0.00021100
    -0.00000010     -0.00000609     -0.00000143
    -0.00000652     -0.00000220     -0.00000003
    -0.00000544      0.00000200      0.00000232
    -0.00000086     -0.00000392      0.00000238
     0.00016975     -0.00008656      0.00010886
     0.00030164     -0.00080395     -0.00021787
     0.00031218     -0.00080256     -0.00020256
     0.00017255     -0.00009039      0.00011136
     0.00000228     -0.00000554      0.00000624
    -0.00000257     -0.00000093      0.00000494
    -0.00000349     -0.00000507      0.00000294
     0.00000245     -0.00000874      0.00000107
     0.00049618     -0.00043278      0.00022018
     0.00004280     -0.00009334      0.00002738
     0.00005167     -0.00003425     -0.00002905
     0.00002223     -0.00001162      0.00001143
    -0.00000206      0.00000892      0.00000092
    -0.00001304      0.00001351     -0.00002959
     0.00000283     -0.00000049      0.00000314
     0.00000174     -0.00000149      0.00000111
     0.00000209     -0.00000142      0.00000052
     0.00000318      0.00001263      0.00000283
     0.00000062     -0.00000181     -0.00000229
    -0.00000924     -0.00000185     -0.00002195
     0.00036982     -0.00003523      0.00062756
    -0.00000656     -0.00003660     -0.00003324
     0.00016089     -0.00024540      0.00013434
     0.00001221     -0.00001188      0.00001169
    -0.00000923     -0.00000787     -0.00000166
     0.00000819     -0.00001086      0.00000668
     0.00017817     -0.00049885     -0.00070837
     0.00000647     -0.00002050      0.00004916
     0.00009030      0.00012585      0.00001416
    -0.00000090      0.00008319      0.00018946
    -0.00000483      0.00000409     -0.00000064
    -0.00006312      0.00004758      0.00004935
     0.00000129     -0.00001699     -0.00000579
    -0.00000006     -0.00000246      0.00000041
     0.00001365     -0.00002703     -0.00000932
    -0.00003336     -0.00001121      0.00003807
    -0.00000927      0.00000112      0.00000441
    -0.00001388     -0.00001123     -0.00000390
    -0.00001580     -0.00001135      0.00000275
    -0.00000476     -0.00000441     -0.00001209
    -0.00001917     -0.00003268     -0.00000425
     0.00000031      0.00000070      0.00000143
     0.00000053     -0.00000199     -0.00000074
     0.00000694     -0.00000136     -0.00000062
    -0.00003773      0.00002494      0.00000770
    -0.00000444      0.00000633      0.00000115
    -0.00005968      0.00010782      0.00018155
    -0.00050037     -0.00054858      0.00007427
    -0.00003519     -0.00002491     -0.00000218
    -0.00067521      0.00105212      0.00076419
     0.00001640      0.00000321      0.00000148
     0.00000632     -0.00000047     -0.00000394
    -0.00000396      0.00002592      0.00001013
    -0.00108114      0.00088557      0.00107652
     0.00001871     -0.00001304      0.00000465
    -0.00067825     -0.00019933      0.00013394
    -0.00068192     -0.00020571      0.00013997
     0.00001675     -0.00001066      0.00000682
    -0.00108615      0.00089066      0.00108692
    -0.00000675      0.00002866      0.00001269
     0.00000370      0.00000210     -0.00000141
     0.00001352      0.00000551      0.00000430
    -0.00067569      0.00106481      0.00076508
    -0.00003913     -0.00002176      0.00000012
    -0.00049165     -0.00052237      0.00008030
    -0.00006365      0.00011044      0.00018350
    -0.00000694      0.00000882      0.00000366
    -0.00004015      0.00002679      0.00001059
     0.00000369      0.00000170      0.00000259
    -0.00000198      0.00000054      0.00000179
    -0.00000228      0.00000326      0.00000410
    -0.00002382     -0.00002843     -0.00000028
    -0.00000764     -0.00000133     -0.00000926
    -0.00001878     -0.00000790      0.00000600
    -0.00001594     -0.00000926     -0.00000134
    -0.00001179      0.00000337      0.00000692
    -0.00003496     -0.00000906      0.00004086
     0.00001078     -0.00002447     -0.00000637
    -0.00000262      0.00000008      0.00000295
    -0.00000133     -0.00001469     -0.00000332
    -0.00007094      0.00005552      0.00005824
    -0.00000810      0.00000761      0.00000282
    -0.00000524      0.00008689      0.00019262
109  0.00047541  0.00000000  0.00000000
     0.25394633      0.20222702      0.20218716
    -0.00004415     -0.00005048     -0.00005310
    -0.00002340      0.00021111      0.00017345
    -0.00014753     -0.00003939      0.00002025
    -0.00000611     -0.00000475     -0.00002020
    -0.00002771     -0.00003687     -0.00003244
    -0.00010896      0.00015590      0.00011744
    -0.00001221      0.00000676     -0.00000388
     0.00007918      0.00008200     -0.00000696
    -0.00015970      0.00002649      0.00001941
    -0.00001647     -0.00002725     -0.00001069
     0.00001087     -0.00001559     -0.00001345
     0.00000608      0.00000981      0.00000613
    -0.00000291     -0.00000487     -0.00000023
     0.00000361      0.00000138      0.00000179
    -0.00001375     -0.00000434     -0.00001520
     0.00000622     -0.00000178     -0.00000007
    -0.00000376     -0.00000867     -0.00000433
    -0.00009146      0.00009346      0.00013714
     0.00001435      0.00000555      0.00000017
     0.00006634     -0.00001792      0.00007209
    -0.00001132     -0.00001575      0.00000599
     0.00000177      0.00000209     -0.00000121
    -0.00000511     -0.00000550     -0.00000224
    -0.00000907      0.00007996      0.00007495
     0.00000747      0.00000451      0.00000288
     0.00000156      0.00000152      0.00000169
     0.00011404      0.00063261     -0.00105359
    -0.00002423      0.00001088     -0.00002731
    -0.00010207     -0.00021087      0.00020973
     0.00001892      0.00013264     -0.00005241
    -0.00003804     -0.00003231      0.00002715
    -0.00001441      0.00000437      0.00001141
    -0.00003488     -0.00003485      0.00003071
     0.00000049     -0.00000045      0.00000016
     0.00003360      0.00011033     -0.00010896
    -0.00000165      0.00001092      0.00002322
     0.00000408      0.00000186     -0.00000075
     0.00001090      0.00000374      0.00001187
     0.00000956      0.00000525     -0.00000560
    -0.00000195     -0.00000137      0.00000163
    -0.00000485     -0.00000075     -0.00000180
     0.00000017     -0.00000251      0.00000269
    -0.00000055     -0.00000018      0.00000074
     0.00000235      0.00000171     -0.00000762
    -0.00071629     -0.00072012      0.00054095
    -0.00001537      0.00000153     -0.00000424
    -0.00075652      0.00021766     -0.00089030
    -0.00005173      0.00001165     -0.00008458
    -0.00001854     -0.00002372      0.00001623
    -0.00004380     -0.00003073      0.00001038
    -0.00001221      0.00004748      0.00000916
     0.00000153     -0.00000358     -0.00000202
     0.00002027      0.00002629     -0.00002622
     0.00037373     -0.00076201     -0.00037451
     0.00015994     -0.00005274      0.00013814
    -0.00000684      0.00000160      0.00000671
     0.00001104      0.00000105      0.00000194
     0.00000706     -0.00000076      0.00000918
    -0.00000993      0.00001041     -0.00000498
     0.00017261     -0.00007749      0.00005231
     0.00009210     -0.00019373      0.00006595
     0.00000545     -0.00000540     -0.00003145
     0.00002103     -0.00001102      0.00001478
    -0.00001468      0.00000825     -0.00002052
    -0.00000290     -0.00000112     -0.00000395
     0.00000154      0.00000269     -0.00000077
     0.00000080     -0.00000170     -0.00000003
     0.00000100     -0.00000095      0.00000048
     0.00000206     -0.00000349     -0.00001510
    -0.00001010      0.00000397     -0.00001075
     0.00000028     -0.00000381      0.00000608
     0.00031121     -0.00013595      0.00000806
     0.00000104      0.00000384     -0.00000728
     0.00017191     -0.00018257      0.00008699
    -0.00000418     -0.00000511     -0.00000537
     0.00000109     -0.00000562     -0.00000342
    -0.00000420     -0.00000288     -0.00000267
     0.00048835     -0.00108328     -0.00083455
     0.00005120     -0.00004015      0.00001227
     0.00004205     -0.00001070      0.00003254
    -0.00066701     -0.00062741      0.00003091
    -0.00003731     -0.00001756      0.00001080
    -0.00049612      0.00052152      0.00049684
    -0.00000435      0.00002239      0.00001021
     0.00000499     -0.00000366     -0.00000081
     0.00001496     -0.00001158     -0.00001423
    -0.00068507      0.00031163      0.00081362
     0.00001817     -0.00002185     -0.00000121
    -0.00108232     -0.00055860      0.00042426
    -0.00006848      0.00013677      0.00024531
    -0.00000641      0.00000840      0.00000956
    -0.00000257     -0.00007456     -0.00012804
     0.00001312     -0.00002464     -0.00001544
    -0.00000138     -0.00000054      0.00000009
     0.00000002      0.00000480      0.00000042
    -0.00001322     -0.00000824      0.00000468
    -0.00001006      0.00000314      0.00000682
    -0.00003376      0.00001462      0.00003310
    -0.00002040      0.00002203      0.00003405
    -0.00000600      0.00000593      0.00000664
    -0.00001745      0.00000040      0.00001830
     0.00000613     -0.00000818     -0.00001069
    -0.00000074     -0.00000034      0.00000022
    -0.00000102      0.00000388      0.00000053
    -0.00006044      0.00000552      0.00008795
    -0.00000536      0.00000257      0.00000349
    -0.00003860      0.00007064      0.00009128
    -0.26281905     -0.23040512     -0.23041327
     0.00002191     -0.00015901     -0.00020748
     0.00001517     -0.00008505     -0.00005264
     0.00001056     -0.00005071     -0.00006977
     0.00001462      0.00002938     -0.00000261
     0.00001653     -0.00000169      0.00000518
     0.00001413     -0.00020635     -0.00007499
     0.00001567     -0.00000495      0.00000899
     0.00001412      0.00001373     -0.00000198
     0.00003566     -0.00007900     -0.00008482
     0.00003107      0.00000975      0.00001396
    -0.00002012     -0.00000613     -0.00000166
    -0.00001192     -0.00000165      0.00001397
     0.00000815      0.00000931      0.00000729
    -0.00000255      0.00000423      0.00000359
     0.00000138      0.00000933     -0.00000647
     0.00000564     -0.00000227      0.00000592
     0.00000338      0.00000593      0.00000369
     0.00003933     -0.00006628     -0.00015836
    -0.00002047     -0.00000758     -0.00000492
     0.00003063      0.00001328      0.00002809
     0.00000176      0.00000515     -0.00000703
     0.00000389      0.00000470     -0.00000187
     0.00000616      0.00000363      0.00000467
    -0.00001229     -0.00000293      0.00000976
    -0.00000302     -0.00000232     -0.00000222
     0.00000749      0.00000677      0.00000866
    -0.00001234     -0.00002059     -0.00002066
    -0.00000403     -0.00000231     -0.00000249
     0.00000089      0.00001287      0.00000132
    -0.00000384     -0.00000194     -0.00000116
    -0.00000024     -0.00000104     -0.00000021
     0.00000933      0.00001884      0.00000275
     0.00001442      0.00000157      0.00004339
     0.00001626      0.00002517      0.00000478
     0.00016771      0.00007323      0.00021170
    -0.00000290     -0.00000116     -0.00000188
     0.00000278     -0.00000042     -0.00000110
     0.00001621      0.00000534      0.00002612
    -0.00000588      0.00000029      0.00000007
     0.00000032      0.00000013      0.00000013
     0.00000844      0.00000356      0.00000104
    -0.00001371      0.00000280      0.00001697
    -0.00001195      0.00000053     -0.00001030
     0.00002804     -0.00005976     -0.00011514
     0.00004097      0.00004331      0.00001317
     0.00001917      0.00001666      0.00001842
     0.00018562      0.00022681      0.00007279
    -0.00000718      0.00000569      0.00000546
    -0.00001161     -0.00001021      0.00000312
     0.00005966     -0.00010684     -0.00005975
     0.00043600      0.00021352      0.00022791
    -0.00003437     -0.00011481     -0.00010698
     0.00594166      0.02973154      0.02973373
     0.00005833     -0.00007405     -0.00001662
     0.00001199      0.00000632      0.00000661
    -0.00001381      0.00001002      0.00001295
     0.00002602      0.00004709     -0.00003008
    -0.00000097     -0.00000119      0.00000255
    -0.00002029     -0.00002503      0.00003298
     0.00008982     -0.00019585      0.00020151
     0.00000480     -0.00002248      0.00000961
     0.00017819      0.00021935     -0.00018772
    -0.00000718     -0.00000453      0.00000661
    -0.00000061     -0.00000112      0.00000143
     0.00000038      0.00000368      0.00000517
    -0.00000060      0.00000247      0.00000442
    -0.00000115     -0.00000161      0.00000079
    -0.00000227      0.00000070      0.00000353
    -0.00000181     -0.00000343      0.00001746
    -0.00000517     -0.00000275      0.00000130
    -0.00001996     -0.00000474     -0.00000390
     0.00005743     -0.00001205     -0.00001691
     0.00001167      0.00001405     -0.00000969
    -0.00001357      0.00001966     -0.00001364
     0.00002575     -0.00002836      0.00002027
    -0.00000095     -0.00000110      0.00000209
    -0.00002015     -0.00004945     -0.00001098
     0.00009693     -0.00000516     -0.00049585
     0.00000490     -0.00001028     -0.00000162
     0.00017394     -0.00018392      0.00037201
     0.00078232     -0.00036244      0.00121907
     0.00002568     -0.00000387     -0.00000519
     0.00078346     -0.00000620     -0.00037590
    -0.00003682     -0.00008361      0.00005299
     0.00001575      0.00002306     -0.00002547
     0.00000503      0.00000289     -0.00001051
     0.00000447      0.00000600      0.00001039
     0.00001488      0.00000383     -0.00000842
    -0.00003629     -0.00006948      0.00005527
    -0.00001034     -0.00000629     -0.00000465
    -0.00000213      0.00000135     -0.00000269
    -0.00001022     -0.00000765     -0.00000609
    -0.00000439      0.00000065      0.00000459
     0.00000273      0.00000175     -0.00000185
     0.00000303      0.00000695     -0.00000044
     0.00000257      0.00000202      0.00000179
     0.00000223      0.00000209     -0.00000214
    -0.00000487     -0.00000591      0.00000629
     0.00036181      0.00044823     -0.00024271
    -0.00000571      0.00000864      0.00000007
     0.00036013     -0.00005050      0.00036598
    -0.00000890     -0.00002146      0.00005873
     0.00000095      0.00000281     -0.00000276
     0.00005186      0.00004630     -0.00002597
     0.00005076     -0.00001097     -0.00000241
     0.00000051      0.00000154     -0.00000176
    -0.00001000     -0.00002771     -0.00001431
    -0.00008664     -0.00006091     -0.00001193
     0.00000888      0.00000190     -0.00002899
    -0.00003636      0.00008507     -0.00000814
    -0.00000191      0.00000604     -0.00000407
     0.00000406      0.00000184      0.00000247
    -0.00001232      0.00000552     -0.00000314
    -0.00008727      0.00008926     -0.00007618
     0.00000854      0.00001997      0.00004647
    -0.00003589      0.00002323     -0.00019653
    -0.00000055      0.00000820      0.00001450
    -0.00000222      0.00000484     -0.00000156
    -0.00001549     -0.00000518     -0.00001024
    -0.00000186      0.00000246     -0.00000110
    -0.00000163      0.00000161     -0.00000210
    -0.00000267      0.00000140     -0.00000276
    -0.00000122      0.00000262      0.00000568
    -0.00000274      0.00000171     -0.00000214
    -0.00001602      0.00001314     -0.00002268
     0.00000128     -0.00000076      0.00001946
    -0.00006448      0.00007364     -0.00004999
    -0.00034172      0.00027310     -0.00018065
     0.00000063      0.00000469      0.00000370
     0.00000311      0.00000254      0.00000020
     0.00000745     -0.00000192     -0.00000459
     0.00000063     -0.00000176      0.00001000
    -0.00006483     -0.00001183     -0.00002578
    -0.00034217      0.00064712      0.00021683
    -0.00014093      0.00021728     -0.00001161
    -0.00010228      0.00006220     -0.00007168
    -0.00001107     -0.00001013      0.00000173
    -0.00000827      0.00000762     -0.00000769
    -0.00000230      0.00000539     -0.00000601
     0.00000719     -0.00000636      0.00000648
    -0.00005936      0.00007284     -0.00005246
    -0.00002449      0.00007978     -0.00002642
    -0.00001990      0.00000694      0.00004567
    -0.00001133      0.00000469     -0.00000370
     0.00000578     -0.00001336      0.00000383
     0.00000572     -0.00000743      0.00002203
     0.00000070     -0.00000302      0.00000136
     0.00000101     -0.00000037      0.00000211
     0.00000103     -0.00000104      0.00000125
     0.00000698     -0.00001349      0.00000909
     0.00000028     -0.00000104      0.00000160
     0.00000029     -0.00000341      0.00000240
    -0.00013891      0.00016064     -0.00035792
    -0.00001099      0.00000988      0.00000665
    -0.00009893      0.00010385     -0.00008200
    -0.00000837     -0.00001113     -0.00000612
     0.00000722      0.00000744      0.00000197
    -0.00000223      0.00000257      0.00000009
    -0.00006040      0.00033354      0.00044191
    -0.00001983      0.00002664     -0.00001084
    -0.00002616     -0.00002207     -0.00002270
    -0.00000359      0.00001562     -0.00008984
     0.00001326     -0.00000614     -0.00000584
    -0.00000428      0.00001640      0.00005884
     0.00000742      0.00000988     -0.00000214
     0.00000299     -0.00000134     -0.00000245
     0.00000729     -0.00000658     -0.00000814
     0.00000546      0.00001343      0.00000208
     0.00000800     -0.00000513     -0.00000471
     0.00000532     -0.00001283      0.00000062
     0.00002512     -0.00001978     -0.00001898
     0.00000685     -0.00000394     -0.00000129
     0.00002557      0.00003018     -0.00000115
     0.00000208     -0.00000216     -0.00000076
     0.00000187     -0.00000080     -0.00000112
     0.00000205     -0.00000256     -0.00000441
    -0.00001091      0.00001123      0.00001288
     0.00000312     -0.00000356     -0.00000211
    -0.00001072     -0.00003251     -0.00007258
     0.00039125      0.00049815     -0.00001648
     0.00004467     -0.00001699     -0.00000578
     0.00039700     -0.00020641     -0.00008893
    -0.00000847      0.00000157     -0.00001267
     0.00000066     -0.00000135     -0.00000139
    -0.00000841     -0.00000941      0.00000516
     0.00061821     -0.00037142     -0.00065252
    -0.00002638      0.00000424      0.00000194
     0.00061301      0.00018733     -0.00027249
     0.00057303      0.00037612     -0.00016157
    -0.00001590      0.00000623      0.00001104
     0.00032301     -0.00036707     -0.00033335
    -0.00000145      0.00000616     -0.00000440
    -0.00000398      0.00000262      0.00000299
    -0.00001258      0.00000035      0.00001356
     0.00057574     -0.00121822     -0.00021795
    -0.00001696      0.00000560     -0.00000679
     0.00032020      0.00024523     -0.00006884
     0.00005413     -0.00005576     -0.00010500
     0.00000702     -0.00000630     -0.00000254
     0.00001690      0.00001390      0.00002217
    -0.00001388      0.00000891      0.00000793
    -0.00000051      0.00000214      0.00000099
    -0.00000497      0.00000175      0.00000333
     0.00002878     -0.00000932      0.00001196
     0.00000437     -0.00000128      0.00000689
     0.00002080      0.00000326     -0.00000611
     0.00002974      0.00001030     -0.00001014
     0.00000482     -0.00000003     -0.00000739
     0.00002158      0.00002537     -0.00002698
    -0.00001369      0.00002475      0.00001366
    -0.00000053      0.00000137      0.00000038
    -0.00000497      0.00000229      0.00000103
     0.00005292     -0.00005160     -0.00006082
     0.00000640     -0.00000456     -0.00000468
     0.00001615     -0.00005893     -0.00007982
1  -0.00047541  0.00000000  0.00000000
     0.51770486      0.41528849      0.41528838
    -0.00027137      0.00019990      0.00016977
    -0.00030005      0.00020409      0.00017394
    -0.00033266      0.00017444      0.00011314
     0.00014861      0.00015588      0.00007830
    -0.00002629     -0.00001732     -0.00001442
    -0.00034202      0.00016885      0.00010122
    -0.00002519     -0.00001917     -0.00001436
     0.00014985      0.00015658      0.00007923
    -0.00027586      0.00011378      0.00020494
     0.00014046      0.00007047      0.00015621
     0.00002383     -0.00000659     -0.00001678
    -0.00002024      0.00007915      0.00007113
     0.00000549      0.00000499      0.00000511
     0.00000622      0.00000103     -0.00000095
    -0.00001247     -0.00001483     -0.00000692
     0.00000933     -0.00000078      0.00000170
     0.00000230      0.00000225      0.00000163
    -0.00028602      0.00010108      0.00019919
     0.00002430     -0.00000776     -0.00001916
     0.00014120      0.00007082      0.00015678
    -0.00001213     -0.00001447     -0.00000836
     0.00000124      0.00000117      0.00000082
     0.00000970     -0.00000099      0.00000181
    -0.00002055      0.00007782      0.00006922
     0.00000596      0.00000133     -0.00000073
     0.00000586      0.00000545      0.00000543
    -0.00190934      0.00005026     -0.00160667
    -0.00002747     -0.00001241     -0.00002658
    -0.00192061     -0.00147518      0.00162803
     0.00003089      0.00013127     -0.00000460
    -0.00002289     -0.00002227      0.00001133
    -0.00001997      0.00003360      0.00000444
    -0.00001799     -0.00000324     -0.00000942
    -0.00002235     -0.00001465      0.00001626
     0.00002936      0.00015844     -0.00024105
    -0.00002329     -0.00001332      0.00006055
     0.00000339     -0.00000200      0.00000638
    -0.00002372     -0.00001314      0.00006061
     0.00000585      0.00000343     -0.00000949
    -0.00000100     -0.00000021      0.00000139
    -0.00000323     -0.00000104      0.00000035
    -0.00000222      0.00000009     -0.00000064
    -0.00000057      0.00000032      0.00000093
     0.00000566      0.00000362     -0.00000958
    -0.00190956     -0.00148387      0.00161734
    -0.00002747     -0.00001167     -0.00002647
    -0.00192141      0.00005452     -0.00163357
     0.00003208      0.00015853     -0.00024322
    -0.00002285     -0.00001517      0.00001670
    -0.00002038     -0.00000240     -0.00000930
    -0.00001833      0.00003269      0.00000166
    -0.00002231     -0.00002151      0.00001064
     0.00003057      0.00013282     -0.00000320
     0.00068022     -0.00168741     -0.00148444
     0.00024514     -0.00006740      0.00015874
     0.00004035     -0.00005286      0.00003410
    -0.00001152      0.00000232     -0.00001348
    -0.00000125     -0.00000526      0.00000363
    -0.00000017     -0.00000320     -0.00000004
     0.00066629     -0.00030072      0.00004756
     0.00024614     -0.00036621      0.00013367
     0.00004042     -0.00003651     -0.00000154
     0.00000062     -0.00001259     -0.00001198
    -0.00002092      0.00000984     -0.00001472
    -0.00002019      0.00001199     -0.00002119
     0.00000168      0.00000528     -0.00000201
     0.00000183     -0.00000103      0.00000033
     0.00000235     -0.00000146      0.00000075
     0.00000044     -0.00001269     -0.00001166
    -0.00002040      0.00001188     -0.00002117
    -0.00001968      0.00000859     -0.00001368
     0.00069533     -0.00031354      0.00005820
     0.00004093     -0.00003369     -0.00000310
     0.00024524     -0.00036420      0.00013143
    -0.00001104      0.00000327     -0.00001346
    -0.00000090     -0.00000247     -0.00000037
    -0.00000070     -0.00000581      0.00000395
     0.00068075     -0.00167784     -0.00147478
     0.00004102     -0.00005276      0.00003317
     0.00024624     -0.00006906      0.00015926
    -0.00187258     -0.00160563      0.00030950
    -0.00000900     -0.00006078     -0.00000263
    -0.00187827      0.00162551      0.00167944
    -0.00000756      0.00002661      0.00001220
     0.00001231     -0.00000636     -0.00000526
    -0.00000790      0.00002602      0.00001210
    -0.00187106      0.00161399      0.00168490
    -0.00000754     -0.00006136     -0.00000336
    -0.00187680     -0.00164097      0.00030328
    -0.00011722      0.00024195      0.00036422
    -0.00000492      0.00000972      0.00000538
    -0.00011893      0.00000597      0.00006942
     0.00000830     -0.00001681     -0.00001295
    -0.00000092     -0.00000091      0.00000106
     0.00000766     -0.00001081     -0.00000979
    -0.00000940      0.00000794      0.00005208
    -0.00000651     -0.00000043      0.00000218
    -0.00001083     -0.00000423      0.00003466
    -0.00001118     -0.00000284      0.00003369
    -0.00000719      0.00000019      0.00000263
    -0.00001260      0.00000982      0.00005166
     0.00000815     -0.00001113     -0.00001006
    -0.00000089     -0.00000095      0.00000102
     0.00000751     -0.00001612     -0.00001233
    -0.00011345      0.00000083      0.00006512
    -0.00000437      0.00000881      0.00000484
    -0.00011535      0.00024147      0.00036441
    -0.25393067     -0.20197376     -0.20201102
     0.00001635     -0.00013831     -0.00015670
     0.00004326     -0.00002344      0.00003465
     0.00010816     -0.00017073     -0.00009586
    -0.00007643     -0.00006936     -0.00007844
     0.00001452      0.00001518      0.00001695
     0.00015756      0.00005581     -0.00001669
     0.00002822      0.00000096      0.00000504
     0.00000764      0.00001244     -0.00000879
     0.00009009     -0.00012033     -0.00020895
    -0.00006405     -0.00007402     -0.00007996
    -0.00001294      0.00001642      0.00003785
     0.00001049      0.00000874      0.00001978
     0.00000076      0.00000056      0.00000068
    -0.00000577      0.00000666      0.00000725
     0.00001227      0.00000550      0.00001685
     0.00000648     -0.00000166      0.00001033
    -0.00000097      0.00000135     -0.00000019
     0.00016959     -0.00001078      0.00005260
    -0.00000976     -0.00000531     -0.00000574
     0.00001801     -0.00000500      0.00000600
     0.00001489      0.00003385     -0.00000408
     0.00000611      0.00000407     -0.00000277
    -0.00000453      0.00000002     -0.00000085
    -0.00000479      0.00002097      0.00002848
    -0.00000211      0.00000203      0.00000310
     0.00000395      0.00000125      0.00000573
     0.00000110     -0.00000158      0.00000290
    -0.00000533     -0.00000097      0.00000005
    -0.00000818      0.00001847      0.00002529
    -0.00000735     -0.00000305     -0.00000384
     0.00000247      0.00000044     -0.00000617
     0.00001250      0.00003108     -0.00000700
     0.00001476     -0.00000787      0.00000278
    -0.00001192     -0.00000835     -0.00000919
     0.00015837     -0.00002117      0.00004728
    -0.00000353     -0.00000122     -0.00000283
     0.00000333     -0.00000454      0.00000734
     0.00000957      0.00000247      0.00001557
    -0.00000869      0.00000344      0.00000406
    -0.00000267     -0.00000287     -0.00000268
     0.00000789      0.00000622      0.00001721
    -0.00001553      0.00001440      0.00003614
    -0.00006777     -0.00007731     -0.00008341
     0.00009035     -0.00011948     -0.00021378
     0.00000452      0.00000865     -0.00001146
     0.00002609     -0.00000264      0.00000243
     0.00014593      0.00004979     -0.00002764
     0.00001102      0.00001334      0.00001401
    -0.00008070     -0.00007360     -0.00008222
     0.00010814     -0.00017578     -0.00009613
     0.00002874     -0.00002394      0.00003446
     0.00002760     -0.00014597     -0.00016455
    -0.25738189     -0.21026398     -0.21029814
     0.00005079     -0.00006255     -0.00007283
     0.00001691      0.00001000      0.00000619
     0.00004241     -0.00001360      0.00001646
     0.00001079      0.00003042      0.00000186
    -0.00000275     -0.00000642      0.00000508
    -0.00002149     -0.00003342      0.00007285
     0.00070466     -0.00005444      0.00051784
     0.00001388      0.00001476     -0.00001023
     0.00075541      0.00083087     -0.00055013
    -0.00001125     -0.00001075      0.00001001
     0.00000017     -0.00000124      0.00000077
     0.00000310      0.00000214      0.00000510
    -0.00000152      0.00000360      0.00000766
    -0.00000074     -0.00000132      0.00000091
    -0.00000362      0.00000185      0.00000431
     0.00000062     -0.00000336     -0.00001631
    -0.00000541     -0.00000051     -0.00000236
    -0.00001207      0.00000379     -0.00002011
    -0.00002315     -0.00014274      0.00013954
     0.00003535      0.00001892     -0.00002269
     0.00001286      0.00000509     -0.00000585
     0.00003336     -0.00000732      0.00002432
    -0.00000188      0.00000311     -0.00000643
    -0.00003415     -0.00008763      0.00000751
    -0.00009604      0.00037657     -0.00062677
     0.00002292     -0.00001611      0.00002399
     0.00010024     -0.00001545      0.00032296
     0.00008640     -0.00000419      0.00029807
     0.00002603     -0.00001338      0.00002121
    -0.00010722      0.00037668     -0.00063572
    -0.00003250     -0.00008529      0.00000499
     0.00000126      0.00000623     -0.00000961
     0.00003803     -0.00000378      0.00002059
     0.00001460      0.00000792     -0.00000823
     0.00003771      0.00002156     -0.00002523
    -0.00001619     -0.00013350      0.00013205
    -0.00000955      0.00000664     -0.00002251
    -0.00000283      0.00000201     -0.00000499
     0.00000361     -0.00000102     -0.00001895
    -0.00000058      0.00000497      0.00000132
     0.00000229      0.00000177     -0.00000210
     0.00000213      0.00000723      0.00000420
     0.00000568      0.00000471      0.00000249
     0.00000276      0.00000132     -0.00000183
    -0.00000805     -0.00000776      0.00000704
     0.00075687      0.00084218     -0.00055731
     0.00001607      0.00001687     -0.00001319
     0.00071495     -0.00005000      0.00052361
    -0.00001847     -0.00002909      0.00006900
     0.00000019     -0.00000339      0.00000216
     0.00001478      0.00003420     -0.00000154
     0.00004388     -0.00001057      0.00001461
     0.00001916      0.00001241      0.00000356
     0.00005160     -0.00006365     -0.00007637
    -0.00009022     -0.00012592     -0.00001405
    -0.00000696      0.00002098     -0.00004959
    -0.00017811      0.00049882      0.00070844
    -0.00000817      0.00001080     -0.00000662
     0.00000869      0.00000836      0.00000117
    -0.00001220      0.00001187     -0.00001169
    -0.00016136      0.00024589     -0.00013477
     0.00000551      0.00003765      0.00003225
    -0.00037031      0.00003578     -0.00062805
     0.00000932      0.00000177      0.00002207
    -0.00000111      0.00000228      0.00000185
    -0.00000312     -0.00001265     -0.00000277
    -0.00000207      0.00000136     -0.00000046
    -0.00000228      0.00000199     -0.00000159
    -0.00000283      0.00000049     -0.00000313
     0.00001256     -0.00001302      0.00002915
     0.00000102     -0.00000788     -0.00000191
    -0.00002272      0.00001217     -0.00001192
    -0.00005159      0.00003417      0.00002917
    -0.00004329      0.00009381     -0.00002781
    -0.00049612      0.00043276     -0.00022011
    -0.00000243      0.00000868     -0.00000101
     0.00000295      0.00000557     -0.00000343
     0.00000257      0.00000093     -0.00000493
    -0.00000275      0.00000603     -0.00000668
    -0.00017360      0.00009144     -0.00011235
    -0.00031267      0.00080310      0.00020206
    -0.00030213      0.00080449      0.00021738
    -0.00017079      0.00008761     -0.00010985
     0.00000039      0.00000441     -0.00000282
     0.00000545     -0.00000201     -0.00000231
     0.00000598      0.00000269     -0.00000046
     0.00000012      0.00000603      0.00000149
    -0.00047638      0.00042080     -0.00021094
    -0.00003935      0.00009054     -0.00002511
    -0.00004899      0.00003290      0.00003140
    -0.00001998      0.00000953     -0.00000929
     0.00000468     -0.00001164      0.00000179
     0.00001567     -0.00001617      0.00003214
    -0.00000030     -0.00000215     -0.00000055
     0.00000080     -0.00000103      0.00000145
     0.00000049     -0.00000126      0.00000214
    -0.00000014     -0.00001568      0.00000032
     0.00000211     -0.00000078      0.00000488
     0.00001171     -0.00000090      0.00002430
    -0.00037318      0.00004116     -0.00063669
     0.00000932      0.00003331      0.00003627
    -0.00015497      0.00024069     -0.00012986
    -0.00001016      0.00000920     -0.00000914
     0.00001178      0.00000542      0.00000426
    -0.00000574      0.00000847     -0.00000400
    -0.00017084      0.00049493      0.00071116
    -0.00000326      0.00001692     -0.00004632
    -0.00008968     -0.00012697     -0.00001202
     0.00000476     -0.00008640     -0.00019219
     0.00000761     -0.00000706     -0.00000233
     0.00006989     -0.00005448     -0.00005725
     0.00000135      0.00001463      0.00000325
     0.00000262     -0.00000009     -0.00000296
    -0.00001133      0.00002496      0.00000686
     0.00003504      0.00000898     -0.00004098
     0.00001186     -0.00000339     -0.00000698
     0.00001544      0.00000973      0.00000177
     0.00001831      0.00000840     -0.00000556
     0.00000715      0.00000188      0.00000975
     0.00002278      0.00002947      0.00000127
     0.00000230     -0.00000332     -0.00000416
     0.00000199     -0.00000054     -0.00000180
    -0.00000423     -0.00000121     -0.00000211
     0.00004023     -0.00002687     -0.00001071
     0.00000700     -0.00000884     -0.00000372
     0.00006316     -0.00010997     -0.00018306
     0.00049117      0.00052286     -0.00007986
     0.00003863      0.00002231      0.00000038
     0.00067465     -0.00106376     -0.00076409
    -0.00001350     -0.00000557     -0.00000437
    -0.00000370     -0.00000211      0.00000140
     0.00000620     -0.00002817     -0.00001220
     0.00108623     -0.00089074     -0.00108704
    -0.00001669      0.00001064     -0.00000688
     0.00068143      0.00020619     -0.00013954
     0.00067776      0.00019981     -0.00013350
    -0.00001865      0.00001302     -0.00000472
     0.00108121     -0.00088564     -0.00107664
     0.00000342     -0.00002542     -0.00000964
    -0.00000632      0.00000047      0.00000393
    -0.00001637     -0.00000327     -0.00000155
     0.00067417     -0.00105107     -0.00076321
     0.00003470      0.00002546      0.00000267
     0.00049990      0.00054907     -0.00007384
     0.00005919     -0.00010734     -0.00018111
     0.00000450     -0.00000635     -0.00000121
     0.00003781     -0.00002501     -0.00000782
    -0.00000749      0.00000186      0.00000111
    -0.00000053      0.00000198      0.00000073
    -0.00000029     -0.00000076     -0.00000149
     0.00001812      0.00003373      0.00000524
     0.00000427      0.00000495      0.00001258
     0.00001533      0.00001184     -0.00000232
     0.00001339      0.00001171      0.00000433
     0.00000933     -0.00000114     -0.00000447
     0.00003344      0.00001113     -0.00003819
    -0.00001420      0.00002752      0.00000981
     0.00000006      0.00000245     -0.00000042
    -0.00000127      0.00001693      0.00000573
     0.00006208     -0.00004653     -0.00004836
     0.00000433     -0.00000354      0.00000113
     0.00000042     -0.00008270     -0.00018902
109  -0.00047541  0.00000000  0.00000000
    -0.25738321     -0.21009213     -0.21006031
     0.00002786      0.00004907      0.00005218
     0.00002075     -0.00021166     -0.00017362
     0.00015605      0.00002930     -0.00001160
     0.00000610      0.00000398      0.00001926
     0.00002722      0.00003709      0.00003194
     0.00010680     -0.00016514     -0.00012242
     0.00001280     -0.00000766      0.00000411
    -0.00007787     -0.00008086      0.00000746
     0.00016831     -0.00001769     -0.00002836
     0.00001631      0.00002659      0.00001038
    -0.00001026      0.00001688      0.00001448
    -0.00000685     -0.00001044     -0.00000677
     0.00000218      0.00000376     -0.00000060
    -0.00000322     -0.00000164     -0.00000185
     0.00001314      0.00000368      0.00001557
    -0.00000617      0.00000192      0.00000002
     0.00000488      0.00000956      0.00000516
     0.00008892     -0.00009909     -0.00014693
    -0.00001414     -0.00000605     -0.00000100
    -0.00006491      0.00001856     -0.00007091
     0.00001058      0.00001465     -0.00000717
    -0.00000269     -0.00000316      0.00000037
     0.00000532      0.00000526      0.00000221
     0.00000881     -0.00008069     -0.00007587
    -0.00000750     -0.00000444     -0.00000281
    -0.00000030     -0.00000048     -0.00000067
    -0.00008861     -0.00063079      0.00106160
     0.00002467     -0.00000984      0.00002678
     0.00008425      0.00020913     -0.00019596
    -0.00001980     -0.00013157      0.00004961
     0.00003509      0.00002943     -0.00002485
     0.00001306     -0.00000472     -0.00000954
     0.00003660      0.00003465     -0.00003146
    -0.00000063      0.00000041     -0.00000000
    -0.00003358     -0.00011088      0.00010884
     0.00000311     -0.00000993     -0.00002401
    -0.00000415     -0.00000183      0.00000088
    -0.00001072     -0.00000351     -0.00001180
    -0.00000913     -0.00000543      0.00000555
     0.00000104      0.00000026     -0.00000074
     0.00000398     -0.00000033      0.00000272
     0.00000084      0.00000341     -0.00000360
     0.00000051      0.00000017     -0.00000071
    -0.00000235     -0.00000169      0.00000756
     0.00070366      0.00069914     -0.00053078
     0.00001463     -0.00000096      0.00000450
     0.00075598     -0.00021357      0.00088629
     0.00005129     -0.00001450      0.00008489
     0.00001758      0.00002253     -0.00001540
     0.00004256      0.00002975     -0.00000983
     0.00001340     -0.00004800     -0.00001059
    -0.00000153      0.00000359      0.00000200
    -0.00002020     -0.00002619      0.00002559
    -0.00036881      0.00076602      0.00037935
    -0.00015571      0.00005366     -0.00013748
     0.00000904     -0.00000390     -0.00000446
    -0.00001134     -0.00000149     -0.00000195
    -0.00000686      0.00000093     -0.00000883
     0.00001109     -0.00001143      0.00000579
    -0.00017661      0.00007645     -0.00005179
    -0.00008792      0.00018786     -0.00005984
    -0.00000428      0.00000290      0.00003309
    -0.00002118      0.00001130     -0.00001472
     0.00001403     -0.00000794      0.00001997
     0.00000384      0.00000037      0.00000482
    -0.00000158     -0.00000265      0.00000073
    -0.00000081      0.00000168      0.00000007
     0.00000007      0.00000011      0.00000038
    -0.00000126      0.00000237      0.00001653
     0.00001086     -0.00000508      0.00001167
     0.00000178      0.00000178     -0.00000429
    -0.00030314      0.00013740     -0.00001186
    -0.00000084     -0.00000182      0.00000567
    -0.00017144      0.00018204     -0.00008656
     0.00000384      0.00000642      0.00000502
    -0.00000125      0.00000577      0.00000338
     0.00000527      0.00000199      0.00000354
    -0.00048448      0.00108030      0.00083841
    -0.00004949      0.00003889     -0.00001197
    -0.00004008      0.00000773     -0.00003056
     0.00068264      0.00063502     -0.00004527
     0.00003652      0.00001820     -0.00001029
     0.00049551     -0.00051974     -0.00049712
     0.00000579     -0.00002283     -0.00001092
    -0.00000503      0.00000370      0.00000084
    -0.00001492      0.00001183      0.00001408
     0.00067470     -0.00030995     -0.00079353
    -0.00001722      0.00002070     -0.00000012
     0.00108547      0.00054888     -0.00042961
     0.00006458     -0.00013434     -0.00024079
     0.00000604     -0.00000810     -0.00000975
     0.00000290      0.00007527      0.00012482
    -0.00001186      0.00002334      0.00001425
     0.00000130      0.00000057     -0.00000007
     0.00000008     -0.00000489     -0.00000053
     0.00001611      0.00000584     -0.00000526
     0.00001107     -0.00000446     -0.00000795
     0.00003464     -0.00001647     -0.00003405
     0.00002156     -0.00002290     -0.00003589
     0.00000591     -0.00000594     -0.00000666
     0.00001665      0.00000007     -0.00001911
    -0.00000505      0.00000736      0.00000988
     0.00000071      0.00000034     -0.00000024
     0.00000097     -0.00000385     -0.00000050
     0.00006237     -0.00000754     -0.00009005
     0.00000609     -0.00000362     -0.00000428
     0.00003937     -0.00007177     -0.00009260
     0.26602520      0.23863883      0.23863047
    -0.00001107      0.00016262      0.00020943
    -0.00001752      0.00009017      0.00005634
    -0.00001031      0.00005828      0.00007180
    -0.00001073     -0.00002417      0.00000590
    -0.00001275      0.00000432     -0.00000160
    -0.00000671      0.00021052      0.00008368
    -0.00001362      0.00000797     -0.00000685
    -0.00001122     -0.00001070      0.00000467
    -0.00003511      0.00007963      0.00009040
    -0.00002737     -0.00000679     -0.00001049
     0.00002274      0.00000852      0.00000435
     0.00001525      0.00000499     -0.00001000
    -0.00000427     -0.00000531     -0.00000349
     0.00000604     -0.00000049      0.00000005
     0.00000111     -0.00000652      0.00000818
    -0.00000310      0.00000464     -0.00000327
    -0.00000079     -0.00000325     -0.00000103
    -0.00003142      0.00007532      0.00016322
     0.00002238      0.00000996      0.00000800
    -0.00002780     -0.00001070     -0.00002544
     0.00000148     -0.00000163      0.00001052
    -0.00000029     -0.00000100      0.00000527
    -0.00000257      0.00000009     -0.00000103
     0.00001488      0.00000559     -0.00000676
     0.00000556      0.00000483      0.00000470
    -0.00000493     -0.00000401     -0.00000596
     0.00000940      0.00001793      0.00001786
     0.00000006     -0.00000129     -0.00000122
    -0.00000432     -0.00001557     -0.00000410
     0.00000132     -0.00000067     -0.00000136
    -0.00000338     -0.00000244     -0.00000329
    -0.00001147     -0.00002115     -0.00000496
    -0.00001717     -0.00000384     -0.00004633
    -0.00001957     -0.00002909     -0.00000808
    -0.00017560     -0.00008011     -0.00021553
     0.00000029     -0.00000136     -0.00000086
    -0.00000651     -0.00000312     -0.00000251
    -0.00001889     -0.00000794     -0.00002814
     0.00000339     -0.00000279     -0.00000263
    -0.00000397     -0.00000366     -0.00000366
    -0.00001086     -0.00000594     -0.00000328
     0.00001148     -0.00000490     -0.00001938
     0.00000852     -0.00000378      0.00000693
    -0.00003123      0.00005717      0.00011132
    -0.00004395     -0.00004640     -0.00001529
    -0.00002262     -0.00001970     -0.00002157
    -0.00019451     -0.00023048     -0.00008056
     0.00000428     -0.00000716     -0.00000782
     0.00000815      0.00000702     -0.00000637
    -0.00006341      0.00010332      0.00005717
    -0.00043450     -0.00021357     -0.00022926
     0.00002853      0.00011164      0.00010317
    -0.00574513     -0.03009039     -0.03008820
    -0.00005989      0.00007028      0.00001969
    -0.00001404     -0.00000873     -0.00000402
     0.00001104     -0.00001258     -0.00001046
    -0.00002971     -0.00005056      0.00003337
    -0.00000152     -0.00000146     -0.00000002
     0.00001747      0.00002234     -0.00002994
    -0.00009546      0.00019378     -0.00020510
    -0.00000703      0.00001948     -0.00000705
    -0.00017582     -0.00022230      0.00018894
     0.00000323      0.00000089     -0.00000285
    -0.00000203     -0.00000143      0.00000126
    -0.00000298     -0.00000623     -0.00000266
    -0.00000303     -0.00000599     -0.00000090
    -0.00000138     -0.00000092      0.00000172
    -0.00000028     -0.00000325     -0.00000100
    -0.00000207      0.00000018     -0.00001382
     0.00000257      0.00000022      0.00000123
     0.00001730      0.00000195      0.00000692
    -0.00006082      0.00000794      0.00001987
    -0.00001436     -0.00001683      0.00001263
     0.00001128     -0.00002198      0.00001656
    -0.00002998      0.00002575     -0.00001680
    -0.00000150     -0.00000148      0.00000043
     0.00001760      0.00004666      0.00001387
    -0.00008825      0.00001048      0.00049170
    -0.00000698      0.00000787      0.00000342
    -0.00018015      0.00017329     -0.00036336
    -0.00078148      0.00035963     -0.00120579
    -0.00002324      0.00000598      0.00000341
    -0.00078034      0.00001484      0.00037315
     0.00003911      0.00008478     -0.00005496
    -0.00001143     -0.00001845      0.00002076
    -0.00000145      0.00000147      0.00000674
    -0.00000203     -0.00000360     -0.00001257
    -0.00001229     -0.00000127      0.00000580
     0.00003967      0.00007454     -0.00005905
     0.00001250      0.00000873      0.00000273
     0.00000464      0.00000116      0.00000002
     0.00001260      0.00001005      0.00000444
     0.00000785      0.00000306     -0.00000813
     0.00000081      0.00000192     -0.00000166
     0.00000049     -0.00000338     -0.00000305
     0.00000004      0.00000069     -0.00000454
     0.00000031      0.00000043     -0.00000039
     0.00000737      0.00000833     -0.00000873
    -0.00035049     -0.00043286      0.00023423
     0.00000816     -0.00000649     -0.00000211
    -0.00035218      0.00005625     -0.00036988
     0.00001302      0.00002625     -0.00006260
     0.00000255      0.00000078     -0.00000073
    -0.00004792     -0.00004262      0.00002262
    -0.00004901      0.00001390      0.00000017
     0.00000211      0.00000093     -0.00000077
     0.00001191      0.00002818      0.00001112
     0.00007988      0.00005942      0.00000808
    -0.00001289      0.00000217      0.00002512
     0.00003746     -0.00009353      0.00000734
    -0.00000057     -0.00000339      0.00000136
    -0.00000764      0.00000171     -0.00000599
     0.00001004     -0.00000313      0.00000047
     0.00007929     -0.00008254      0.00006819
    -0.00001322     -0.00001578     -0.00005117
     0.00003800     -0.00001418      0.00019340
    -0.00000179     -0.00000547     -0.00001638
    -0.00000143     -0.00000139     -0.00000194
     0.00001318      0.00000761      0.00000792
    -0.00000068      0.00000009     -0.00000141
    -0.00000200      0.00000190     -0.00000141
     0.00000015      0.00000116      0.00000021
    -0.00000247      0.00000114     -0.00000937
    -0.00000195      0.00000297     -0.00000241
     0.00001266     -0.00000955      0.00001929
    -0.00000351      0.00000242     -0.00002216
     0.00006050     -0.00006984      0.00004613
     0.00033359     -0.00026553      0.00017662
    -0.00000306     -0.00000226     -0.00000621
    -0.00000676      0.00000096     -0.00000376
    -0.00000998      0.00000472      0.00000209
    -0.00000416      0.00000572     -0.00001261
     0.00006013      0.00001667      0.00002158
     0.00033321     -0.00064144     -0.00022476
     0.00013852     -0.00021647      0.00000932
     0.00010067     -0.00006485      0.00007230
     0.00001299      0.00000849      0.00000030
     0.00001101     -0.00001022      0.00001002
     0.00000459     -0.00000752      0.00000824
    -0.00000459      0.00000372     -0.00000385
     0.00006545     -0.00007379      0.00005408
     0.00002844     -0.00008246      0.00002948
     0.00002229     -0.00000929     -0.00004324
     0.00001386     -0.00000734      0.00000614
    -0.00000303      0.00001051     -0.00000126
    -0.00000309      0.00000474     -0.00001947
     0.00000183      0.00000042      0.00000117
     0.00000152     -0.00000215      0.00000044
     0.00000154     -0.00000160      0.00000142
    -0.00000421      0.00001087     -0.00000604
     0.00000237     -0.00000151      0.00000100
     0.00000239      0.00000073      0.00000037
     0.00014053     -0.00016537      0.00036415
     0.00001310     -0.00001404     -0.00000297
     0.00010399     -0.00010798      0.00008640
     0.00001091      0.00000865      0.00000888
    -0.00000456     -0.00000990      0.00000064
     0.00000466     -0.00000520      0.00000250
     0.00006453     -0.00033816     -0.00043918
     0.00002234     -0.00002953      0.00001404
     0.00002674      0.00001866      0.00002499
     0.00000764     -0.00002102      0.00008206
    -0.00001036      0.00000333      0.00000358
     0.00000706     -0.00001995     -0.00006136
    -0.00000460     -0.00001244     -0.00000066
    -0.00000042     -0.00000117     -0.00000008
    -0.00000474      0.00000406      0.00000553
    -0.00000295     -0.00001678     -0.00000539
    -0.00000539      0.00000271      0.00000225
    -0.00000309      0.00001059     -0.00000256
    -0.00002333      0.00001730      0.00001679
    -0.00000431      0.00000139     -0.00000115
    -0.00002287     -0.00003326     -0.00000144
     0.00000053     -0.00000050     -0.00000202
     0.00000067     -0.00000173     -0.00000142
     0.00000050      0.00000002      0.00000182
     0.00001371     -0.00001363     -0.00001563
    -0.00000046      0.00000098     -0.00000052
     0.00001389      0.00003042      0.00007089
    -0.00039507     -0.00048922      0.00002087
    -0.00004194      0.00001427      0.00000288
    -0.00038948      0.00020048      0.00008958
     0.00001086     -0.00000345      0.00001000
     0.00000192     -0.00000127     -0.00000114
     0.00001091      0.00000726     -0.00000762
    -0.00060327      0.00036403      0.00063611
     0.00002923     -0.00000659     -0.00000470
    -0.00060850     -0.00018938      0.00026615
    -0.00057371     -0.00037276      0.00016467
     0.00001361     -0.00000430     -0.00000874
    -0.00032302      0.00036868      0.00033830
    -0.00000235     -0.00000245      0.00000763
     0.00000133     -0.00000008     -0.00000044
     0.00000986      0.00000252     -0.00001080
    -0.00057083      0.00120668      0.00021574
     0.00001254     -0.00000176      0.00001103
    -0.00032595     -0.00023153      0.00007808
    -0.00005707      0.00005851      0.00010682
    -0.00000925      0.00000872      0.00000521
    -0.00001974     -0.00001153     -0.00001857
     0.00000996     -0.00000531     -0.00000423
    -0.00000198      0.00000039      0.00000154
     0.00000244      0.00000077     -0.00000080
    -0.00003409      0.00001365     -0.00000666
    -0.00000776      0.00000505     -0.00000319
    -0.00002464      0.00000068      0.00001014
    -0.00003313     -0.00000696      0.00001378
    -0.00000731      0.00000258      0.00000995
    -0.00002385     -0.00002322      0.00002920
     0.00001015     -0.00002148     -0.00001022
    -0.00000201      0.00000119      0.00000216
     0.00000244      0.00000025      0.00000150
    -0.00005830      0.00005636      0.00006629
    -0.00000986      0.00000816      0.00000822
    -0.00002050      0.00006239      0.00008240
