#  T(K)     E(eV/cell)    F(eV/cell)    Fc(eV/cell)   S(kB/cell)    Cv(kB/cell)
   10.00    1.32518061    1.32513994    0.11423433    0.04718789    0.15776512
   20.00    1.32581659    1.32495266    0.18546222    0.50126802    1.65522351
   30.00    1.32850054    1.32404862    0.24045760    1.72206874    4.71664462
   40.00    1.33398606    1.32181503    0.28491156    3.53095005    7.95395629
   50.00    1.34204163    1.31788801    0.32152700    5.60578704   10.63016334
   60.00    1.35211995    1.31213973    0.35189588    7.73247284   12.66117610
   70.00    1.36371293    1.30457790    0.37707012    9.80327740   14.17034302
   80.00    1.37643359    1.29527340    0.39779737   11.77273830   15.30030941
   90.00    1.39000729    1.28432108    0.41463663   13.62700090   16.16682039
  100.00    1.40424581    1.27182039    0.42802181   15.36723772   16.85521446
  110.00    1.41902322    1.25786654    0.43829953   17.00122079   17.42585355
  120.00    1.43425706    1.24254678    0.44575313   18.53909856   17.92011365
  130.00    1.44989416    1.22593942    0.45061851   19.99131556   18.36543054
  140.00    1.46590049    1.20811400    0.45309517   21.36764195   18.77931423
  150.00    1.48225396    1.18913207    0.45335405   22.67678433   19.17244561
  160.00    1.49893960    1.16904820    0.45154322   23.92629688   19.55098513
  170.00    1.51594641    1.14791091    0.44779222   25.12263941   19.91822941
  180.00    1.53326543    1.12576359    0.44221530   26.27129848   20.27575310
  190.00    1.55088860    1.10264528    0.43491402   27.37692656   20.62416363
  200.00    1.56880812    1.07859130    0.42597922   28.44347685   20.96357845
  210.00    1.58701623    1.05363385    0.41549264   29.47432345   21.29391151
  220.00    1.60550505    1.02780240    0.40352823   30.47236388   21.61503428
  230.00    1.62426658    1.00112412    0.39015322   31.44010398   21.92685760
  240.00    1.64329281    0.97362417    0.37542898   32.37972722   22.22936606
  250.00    1.66257573    0.94532593    0.35941176   33.29315054   22.52262552
  260.00    1.68210742    0.91625123    0.34215330   34.18206933   22.80677674
  270.00    1.70188013    0.88642052    0.32370137   35.04799346   23.08202291
  280.00    1.72188627    0.85585303    0.30410019   35.89227636   23.34861551
  290.00    1.74211853    0.82456686    0.28339083   36.71613835   23.60684081
  300.00    1.76256981    0.79257915    0.26161151   37.52068577   23.85700802
