#  T(K)     E(eV/cell)    F(eV/cell)    Fc(eV/cell)   S(kB/cell)    Cv(kB/cell)
   10.00    3.46401929    3.46398049    0.18748044    0.04502927    0.13166119
   20.00    3.46449123    3.46382677    0.31762816    0.38553890    1.12396533
   30.00    3.46610303    3.46319961    0.42613601    1.12308339    2.64284890
   40.00    3.46904074    3.46182499    0.52059089    2.09337147    4.15466080
   50.00    3.47321383    3.45956216    0.60459609    3.16840043    5.49711605
   60.00    3.47845552    3.45635578    0.68027387    4.27425440    6.63461434
   70.00    3.48459489    3.45219851    0.74902658    5.37060206    7.58640666
   80.00    3.49148909    3.44710818    0.81185092    6.43769882    8.39401681
   90.00    3.49903302    3.44111391    0.86949211    7.46799181    9.10121960
  100.00    3.50715658    3.43424812    0.92252859    8.46062480    9.74454695
  110.00    3.51581692    3.42654235    0.97142247    9.41801796   10.35062736
  120.00    3.52499004    3.41802544    1.01655144   10.34387629   10.93693968
  130.00    3.53466382    3.40872285    1.05823002   11.24211824   11.51381406
  140.00    3.54483268    3.39865679    1.09672415   12.11636035   12.08655946
  150.00    3.55549416    3.38784657    1.13226171   12.96971713   12.65725102
  160.00    3.56664663    3.37630904    1.16504011   13.80476669   13.22605893
  170.00    3.57828819    3.36405903    1.19523202   14.62359451   13.79215685
  180.00    3.59041597    3.35110978    1.22298976   15.42786690   14.35430045
  190.00    3.60302598    3.33747325    1.24844873   16.21890920   14.91116927
  200.00    3.61611316    3.32316036    1.27173001   16.99777702   15.46155007
  210.00    3.62967145    3.30818122    1.29294260   17.76531659   16.00441954
  220.00    3.64369402    3.29254530    1.31218506   18.52221320   16.53896732
  230.00    3.65817342    3.27626151    1.32954702   19.26902922   17.06458607
  240.00    3.67310175    3.25933833    1.34511029   20.00623318   17.58084586
  250.00    3.68847083    3.24178387    1.35894987   20.73422173   18.08746300
  260.00    3.70427226    3.22360592    1.37113472   21.45333604   18.58426926
  270.00    3.72049755    3.20481200    1.38172854   22.16387399   19.07118437
  280.00    3.73713817    3.18540938    1.39079028   22.86609930   19.54819302
  290.00    3.75418558    3.16540512    1.39837467   23.56024822   20.01532653
  300.00    3.77163131    3.14480609    1.40453268   24.24653462   20.47264888
