 10.          2.78066229 
 20.          2.78119555 
 30.          2.78241487 
 40.          2.78411697 
 50.          2.78614141 
 60.          2.78841851 
 70.          2.79092741 
 80.          2.79366746 
 90.          2.79664641 
 100.           2.79987617 
 110.           2.80337074 
 120.           2.80714478 
 130.           2.81121254 
 140.           2.81558697 
 150.           2.82027936 
 160.           2.82529916 
 170.           2.83065402 
 180.           2.83634998 
 190.           2.84239167 
 200.           2.84878253 
 210.           2.85552495 
 220.           2.86262049 
 230.           2.87006994 
 240.           2.87787344 
 250.           2.88603052 
 260.           2.89454019 
 270.           2.90340091 
 280.          2.9126107 
 290.          2.9221671 
 300.           2.93206723 
