#  T(K)     E(eV/cell)    F(eV/cell)    Fc(eV/cell)   S(kB/cell)    Cv(kB/cell)
   10.00    2.99280403    2.99270327    0.22333919    0.11692100    0.27084392
   20.00    2.99343609    2.99242922    0.37502607    0.58421056    1.31538836
   30.00    2.99521799    2.99159527    0.49966823    1.40132197    2.87325352
   40.00    2.99843235    2.98994406    0.60674752    2.46254811    4.59068395
   50.00    3.00311394    2.98731005    0.70076717    3.66790896    6.25740723
   60.00    3.00918184    2.98360147    0.78437953    4.94743470    7.80429481
   70.00    3.01652911    2.97877424    0.85933720    6.25891952    9.22856772
   80.00    3.02505610    2.97281220    0.92688579    7.57827025   10.54502461
   90.00    3.03467675    2.96571499    0.98795668    8.89181195   11.76923887
  100.00    3.04531748    2.95749131    1.04327278   10.19174194   12.91458582
  110.00    3.05691544    2.94815494    1.09341161   11.47368645   13.99271190
  120.00    3.06941730    2.93772250    1.13884519   12.73537784   15.01405144
  130.00    3.08277819    2.92621190    1.17996660   13.97588636   15.98789848
  140.00    3.09696075    2.91364149    1.21710821   15.19513352   16.92227419
  150.00    3.11193392    2.90002942    1.25055480   16.39356457   17.82382091
  160.00    3.12767179    2.88539332    1.28055309   17.57192357   18.69781294
  170.00    3.14415243    2.86975012    1.30731888   18.73110097   19.54827755
  180.00    3.16135690    2.85311594    1.33104255   19.87203384   20.37818281
  190.00    3.17926847    2.83550610    1.35189328   20.99564404   21.18964809
  200.00    3.19787191    2.81693515    1.37002243   22.10280298   21.98414505
  210.00    3.21715306    2.79741692    1.38556620   23.19431419   22.76267187
  220.00    3.23709846    2.77696457    1.39864778   24.27090731   23.52589423
  230.00    3.25769513    2.75559066    1.40937918   25.33323892   24.27425345
  240.00    3.27893040    2.73330724    1.41786264   26.38189724   25.00804615
  250.00    3.30079180    2.71012584    1.42419189   27.41740859   25.72748053
  260.00    3.32326704    2.68605760    1.42845314   28.44024440   26.43271493
  270.00    3.34634394    2.66111325    1.43072596   29.45082819   27.12388314
  280.00    3.37001043    2.63530318    1.43108405   30.44954192   27.80111043
  290.00    3.39425455    2.60863747    1.42959580   31.43673172   28.46452308
  300.00    3.41906446    2.58112591    1.42632492   32.41271289   29.11425376
  310.00    3.44442841    2.55277804    1.42133084   33.37777419   29.75044396
  320.00    3.47033482    2.52360314    1.41466918   34.33218152   30.37324489
  330.00    3.49677221    2.49361030    1.40639206   35.27618103   30.98281732
  340.00    3.52372925    2.46280837    1.39654845   36.21000175   31.57933082
  350.00    3.55119476    2.43120605    1.38518444   37.13385782   32.16296290
  360.00    3.57915773    2.39881182    1.37234348   38.04795039   32.73389788
  370.00    3.60760729    2.36563402    1.35806661   38.95246920   33.29232597
  380.00    3.63653276    2.33168083    1.34239264   39.84759393   33.83844224
  390.00    3.66592360    2.29696026    1.32535835   40.73349540   34.37244583
  400.00    3.69576946    2.26148018    1.30699863   41.61033654   34.89453915
  410.00    3.72606017    2.22524835    1.28734661   42.47827322   35.40492721
  420.00    3.75678574    2.18827237    1.26643384   43.33745503   35.90381701
  430.00    3.78793634    2.15055971    1.24429032   44.18802588   36.39141705
  440.00    3.81950233    2.11211775    1.22094469   45.03012454   36.86793681
  450.00    3.85147426    2.07295372    1.19642427   45.86388517   37.33358636
  460.00    3.88384285    2.03307475    1.17075518   46.68943769   37.78857596
  470.00    3.91659901    1.99248786    1.14396238   47.50690814   38.23311572
  480.00    3.94973381    1.95119996    1.11606979   48.31641906   38.66741532
  490.00    3.98323853    1.90921787    1.08710033   49.11808968   39.09168365
  500.00    4.01710461    1.86654828    1.05707598   49.91203625   39.50612862
