#  T(K)     E(eV/cell)    F(eV/cell)    Fc(eV/cell)   S(kB/cell)    Cv(kB/cell)
    0.00           NaN    5.81213356           NaN           NaN           NaN
   10.00    5.81223690    5.81209520    0.31038709    0.16442978    0.45578330
   20.00    5.81330528    5.81165652    0.52762861    0.95664902    2.14458873
   30.00    5.81604078    5.81031402    0.70971291    2.21519587    4.23151486
   40.00    5.82060183    5.80776769    0.86896606    3.72332993    6.33616387
   50.00    5.82690958    5.80386376    1.01124213    5.34867997    8.26643258
   60.00    5.83478128    5.79853952    1.13998909    7.00942712    9.96355619
   70.00    5.84401657    5.79178671    1.25748522    8.65855230   11.43518566
   80.00    5.85443363    5.78362741    1.36534982   10.27083812   12.71221167
   90.00    5.86588029    5.77409931    1.46479362   11.83408300   13.83079577
  100.00    5.87823510    5.76324707    1.55675638   13.34372560   14.82534932
  110.00    5.89140447    5.75111717    1.64198887   14.79960477   15.72583281
  120.00    5.90531834    5.73775509    1.72110471   16.20399093   16.55695622
  130.00    5.91992575    5.72320376    1.79461485   17.56038504   17.33831211
  140.00    5.93519059    5.70750281    1.86295140   18.87279251   18.08495968
  150.00    5.95108806    5.69068839    1.92648455   20.14529565   18.80818003
  160.00    5.96760173    5.67279318    1.98553502   21.38181416   19.51623791
  170.00    5.98472122    5.65384661    2.04038336   22.58598242   20.21506286
  180.00    6.00244048    5.63387510    2.09127704   23.76109779   20.90881459
  190.00    6.02075645    5.61290240    2.13843600   24.91011019   21.60032880
  200.00    6.03966805    5.59094984    2.18205700   26.03563458   22.29145675
  210.00    6.05917548    5.56803666    2.22231707   27.13997469   22.98331797
  220.00    6.07927965    5.54418022    2.25937640   28.22515146   23.67648612
  230.00    6.09998179    5.51939625    2.29338057   29.29293223   24.37112572
  240.00    6.12128312    5.49369907    2.32446250   30.34485878   25.06709367
  250.00    6.14318463    5.46710175    2.35274402   31.38227324   25.76401626
  260.00    6.16568693    5.43961627    2.37833721   32.40634157   26.46134888
  270.00    6.18879009    5.41125370    2.40134552   33.41807469   27.15842371
  280.00    6.21249356    5.38202427    2.42186473   34.41834724   27.85448863
  290.00    6.23679614    5.35193754    2.43998378   35.40791437   28.54873953
