#  T(K)     E(eV/cell)    F(eV/cell)    Fc(eV/cell)   S(kB/cell)    Cv(kB/cell)
   10.00    5.26840551    5.26839262    0.27817313    0.01495544    0.05252525
   20.00    5.26866536    5.26832289    0.47750111    0.19870820    0.70886562
   30.00    5.26979809    5.26795042    0.64706950    0.71470420    1.93903417
   40.00    5.27195859    5.26703477    0.79731195    1.42845583    3.02492910
   50.00    5.27492369    5.26547476    0.93318377    2.19299397    3.81133201
   60.00    5.27846409    5.26326052    1.05760357    2.94048442    4.37759981
   70.00    5.28243348    5.26041808    1.17249987    3.64966554    4.82133561
   80.00    5.28675898    5.25698181    1.27924334    4.31934494    5.21339177
   90.00    5.29141640    5.25298343    1.37885884    4.95548138    5.59696971
  100.00    5.29640959    5.24844862    1.47214185    5.56560558    5.99531463
  110.00    5.30175661    5.24339670    1.55972787    6.15667772    6.41929385
  120.00    5.30748162    5.23784153    1.64213631    6.73445677    6.87286000
  130.00    5.31361047    5.23179252    1.71979969    7.30347719    7.35644444
  140.00    5.32016857    5.22525566    1.79308377    7.86722822    7.86886320
  150.00    5.32718003    5.21823428    1.86230190    8.42836874    8.40830102
  160.00    5.33466728    5.21072972    1.92772557    8.98891799    8.97277513
  170.00    5.34265104    5.20274181    1.98959225    9.55040740    9.56032540
  180.00    5.35115037    5.19426921    2.04811142   10.11399557   10.16907019
  190.00    5.36018276    5.18530972    2.10346926   10.68055324   10.79720236
  200.00    5.36976417    5.17586048    2.15583231   11.25072573   11.44296401
  210.00    5.37990902    5.16591817    2.20535043   11.82497860   12.10461894
  220.00    5.39063027    5.15547913    2.25215921   12.40363168   12.78043123
  230.00    5.40193936    5.14453948    2.29638188   12.98688468   13.46865318
  240.00    5.41384624    5.13309518    2.33813096   13.57483706   14.16752259
  250.00    5.42635931    5.12114220    2.37750956   14.16750391   14.87526800
  260.00    5.43948547    5.10867648    2.41461258   14.76482905   15.59011999
  270.00    5.45323007    5.09569405    2.44952756   15.36669610   16.31032626
  280.00    5.46759698    5.08219107    2.48233559   15.97293823   17.03416876
  290.00    5.48258863    5.06816386    2.51311194   16.58334668   17.75998095
  300.00    5.49820601    5.05360892    2.54192671   17.19767855   18.48616417
