#  T(K)     E(eV/cell)    F(eV/cell)    Fc(eV/cell)   S(kB/cell)    Cv(kB/cell)
   10.00    5.26485780    5.26484527    0.27803935    0.01453556    0.05278895
   20.00    5.26513305    5.26477297    0.47723357    0.20892246    0.75210093
   30.00    5.26632057    5.26438106    0.64666817    0.75023138    2.01595045
   40.00    5.26854922    5.26342454    0.79677685    1.48672680    3.10273298
   50.00    5.27157720    5.26180685    0.93251490    2.26759136    3.87882302
   60.00    5.27517090    5.25952316    1.05680093    3.02638991    4.43407778
   70.00    5.27918500    5.25660305    1.17156345    3.74358531    4.86905158
   80.00    5.28354876    5.25308318    1.27817315    4.41920357    5.25487769
   90.00    5.28824000    5.24899668    1.37765487    5.05996694    5.63425207
  100.00    5.29326402    5.24437015    1.47080411    5.67386386    6.02977863
  110.00    5.29863985    5.23922353    1.55825635    6.26812269    6.45176695
  120.00    5.30439214    5.23357111    1.64053102    6.84865780    6.90375581
  130.00    5.31054699    5.22742263    1.71806063    7.42009421    7.38590454
  140.00    5.31712986    5.22078434    1.79121093    7.98597579    7.89687372
  150.00    5.32416481    5.21365980    1.86029529    8.54899712    8.43477837
  160.00    5.33167417    5.20605056    1.92558518    9.11120366    8.99762324
  170.00    5.33967861    5.19795663    1.98731809    9.67414865    9.58346994
  180.00    5.34819714    5.18937684    2.04570349   10.23901055   10.19047561
  190.00    5.35724723    5.18030912    2.10092755   10.80667906   10.81687725
  200.00    5.36684486    5.17075077    2.15315682   11.37781773   11.46095910
  210.00    5.37700453    5.16069858    2.20254117   11.95290962   12.12102094
  220.00    5.38773926    5.15014897    2.24921618   12.53229111   12.79535484
  230.00    5.39906063    5.13909817    2.29330507   13.11617731   13.48223269
  240.00    5.41097868    5.12754221    2.33492038   13.70468179   14.17990409
  250.00    5.42350196    5.11547712    2.37416521   14.29783234   14.88660255
  260.00    5.43663749    5.10289891    2.41113445   14.89558407   15.60055807
  270.00    5.45039075    5.08980363    2.44591566   15.49783054   16.32001345
  280.00    5.46476574    5.07618750    2.47858991   16.10441347   17.04324255
  290.00    5.47976499    5.06204686    2.50923250   16.71513150   17.76856864
  300.00    5.49538960    5.04737824    2.53791349   17.32974795   18.49438152
