#  T(K)     E(eV/cell)    F(eV/cell)    Fc(eV/cell)   S(kB/cell)    Cv(kB/cell)
   10.00    5.26765492    5.26764207    0.27817381    0.01490848    0.05234530
   20.00    5.26791336    5.26757267    0.47750249    0.19767913    0.70516778
   30.00    5.26904145    5.26720200    0.64707155    0.71153037    1.93255304
   40.00    5.27119625    5.26628994    0.79731469    1.42337517    3.01844286
   50.00    5.27415613    5.26473492    0.93318720    2.18655910    3.80576598
   60.00    5.27769216    5.26252665    1.05760769    2.93312222    4.37300130
   70.00    5.28165794    5.25969085    1.17250467    3.64165649    4.81752944
   80.00    5.28598044    5.25626170    1.27924883    4.31086948    5.21020032
   90.00    5.29063533    5.25227078    1.37886501    4.94665937    5.59427136
  100.00    5.29562638    5.24774368    1.47214871    5.55652193    5.99304810
  110.00    5.30097163    5.24269968    1.55973541    6.14739759    6.41744470
  120.00    5.30669523    5.23715258    1.64214454    6.72503411    6.87144316
  130.00    5.31282305    5.23111173    1.71980861    7.29395910    7.35548821
  140.00    5.31938054    5.22458310    1.79309337    7.85765703    7.86839710
  150.00    5.32639182    5.21756997    1.86231219    8.41878278    8.40834781
  160.00    5.33387933    5.21007367    1.92773654    8.97935177    8.97334648
  170.00    5.34186381    5.20209398    1.98960391    9.54089157    9.56142043
  180.00    5.35036431    5.19362955    2.04812377   10.10455687   10.17067582
  190.00    5.35939830    5.18467815    2.10348229   10.67121453   10.79929491
  200.00    5.36898170    5.17523691    2.15584603   11.24150606   11.44551135
  210.00    5.37912893    5.16530249    2.20536484   11.81589346   12.10758275
  220.00    5.38985290    5.15487122    2.25217430   12.39469322   12.78376922
  230.00    5.40116501    5.14393920    2.29639766   12.97810204   13.47232099
  240.00    5.41307518    5.13250241    2.33814742   13.56621670   14.17147545
  250.00    5.42559176    5.12055678    2.37752671   14.15904996   14.87946201
  260.00    5.43872162    5.10809827    2.41463041   14.75654360   15.59451306
  270.00    5.45247008    5.09512291    2.44954608   15.35857956   16.31487888
  280.00    5.46684097    5.08162685    2.48235480   15.96498958   17.03884438
  290.00    5.48183669    5.06760642    2.51313184   16.57556377   17.76474631
  300.00    5.49745821    5.05305812    2.54194729   17.19005828   18.49098938
