#  T(K)     E(eV/cell)    F(eV/cell)    Fc(eV/cell)   S(kB/cell)    Cv(kB/cell)
   10.00    9.39284623    9.39263137    0.56551468    0.24933549    0.55539978
   20.00    9.39414431    9.39206344    0.95935508    1.20736703    2.75782982
   30.00    9.39798494    9.39031657    1.28839811    2.96624148    6.27637548
   40.00    9.40502450    9.38678893    1.57536162    5.29034333   10.03857303
   50.00    9.41519264    9.38111512    1.83103510    7.90901544   13.48773390
   60.00    9.42813452    9.37312671    2.06177339   10.63892178   16.46959871
   70.00    9.44344883    9.36277835    2.27177559   13.37337612   19.00514896
   80.00    9.46078623    9.35009299    2.46402615   16.05667381   21.18155231
   90.00    9.47988001    9.33512697    2.64075654   18.66421256   23.09726777
  100.00    9.50054371    9.31794948    2.80369883   21.18905163   24.83778561
  110.00    9.52265611    9.29863125    2.95423671   23.63349680   26.46883617
  120.00    9.54614438    9.27723890    3.09350115   26.00416332   28.03754830
  130.00    9.57096963    9.25383251    3.22243387   28.30923853   29.57612363
  140.00    9.59711562    9.22846501    3.34183127   30.55704757   31.10562660
  150.00    9.62458066    9.20118235    3.45237565   32.75535656   32.63911282
  160.00    9.65337170    9.17202413    3.55465811   34.91107892   34.18399987
  170.00    9.68350031    9.14102441    3.64919572   37.03019496   35.74380070
  180.00    9.71497987    9.10821248    3.73644461   39.11777939   37.31937248
  190.00    9.74782368    9.07361364    3.81681013   41.17807888   38.90980975
  200.00    9.78204373    9.03724983    3.89065492   43.21460874   40.51307913
  210.00    9.81764995    8.99914025    3.95830528   45.23025214   42.12646663
  220.00    9.85464976    8.95930184    4.02005642   47.22735379   43.74688923
  230.00    9.89304781    8.91774976    4.07617667   49.20780437   45.37110882
  240.00    9.93284598    8.87449767    4.12691102   51.17311451   46.99587654
  250.00    9.97404337    8.82955807    4.17248400   53.12447852   48.61802797
  260.00   10.01663642    8.78294258    4.21310219   55.06282866   50.23454412
  270.00   10.06061903    8.73466208    4.24895625   56.98888094   51.84258911
  280.00   10.10598275    8.68472692    4.28022272   58.90317371   53.43953176
  290.00   10.15271695    8.63314707    4.30706550   60.80610001   55.02295673
  300.00   10.20080904    8.57993218    4.32963719   62.69793470   56.59066832
