#  T(K)     E(eV/cell)    F(eV/cell)    Fc(eV/cell)   S(kB/cell)    Cv(kB/cell)
   10.00    5.12482963    5.12477663    0.28017580    0.06150340    0.19558912
   20.00    5.12546329    5.12456648    0.47433872    0.52034872    1.50275312
   30.00    5.12771595    5.12371276    0.63603662    1.54849347    3.82137961
   40.00    5.13210986    5.12177673    0.77665168    2.99775778    6.36985593
   50.00    5.13864772    5.11847974    0.90158969    4.68076687    8.76453090
   60.00    5.14713832    5.11367913    1.01403459    6.47125811   10.89364907
   70.00    5.15733999    5.10731812    1.11609022    8.29251784   12.73607405
   80.00    5.16901075    5.09939169    1.20925184   10.09863355   14.30788600
   90.00    5.18193150    5.08992543    1.29463750   11.86310620   15.64384857
  100.00    5.19591687    5.07896195    1.37311499   13.57197188   16.78587091
  110.00    5.21081779    5.06655217    1.44537759   15.21929775   17.77532732
  120.00    5.22651899    5.05274982    1.51199191   16.80412700   18.64881984
  130.00    5.24293402    5.03760805    1.57342981   18.32841945   19.43653271
  140.00    5.25999964    5.02117759    1.63009028   19.79569956   20.16218543
  150.00    5.27767048    5.00350577    1.68231517   21.21019971   20.84378620
  160.00    5.29591464    4.98463618    1.73040066   22.57634044   21.49466523
  170.00    5.31471003    4.96460862    1.77460579   23.89843194   22.12450070
  180.00    5.33404167    4.94345927    1.81515909   25.18051630   22.74020757
  190.00    5.35389961    4.92122100    1.85226367   26.42629590   23.34665128
  200.00    5.37427740    4.89792362    1.88610120   27.63911246   23.94719414
  210.00    5.39517101    4.87359423    1.91683518   28.82195449   24.54410134
  220.00    5.41657798    4.84825748    1.94461350   29.97747914   25.13883710
  230.00    5.43849686    4.82193589    1.96957062   31.10804053   25.73227904
  240.00    5.46092674    4.79465006    1.99182928   32.21571985   26.32487331
  250.00    5.48386697    4.76641888    2.01150197   33.30235475   26.91674791
  260.00    5.50731690    4.73725979    2.02869219   34.36956678   27.50779649
  270.00    5.53127571    4.70718888    2.04349547   35.41878642   28.09774171
  280.00    5.55574229    4.67622112    2.05600025   36.45127561   28.68618395
  290.00    5.58071512    4.64437043    2.06628866   37.46814781   29.27263961
  300.00    5.60619229    4.61164983    2.07443716   38.47038581   29.85657155
