            -0.45000             0.00140
            -0.35000             0.00156
            -0.25000             0.00111
            -0.15000             0.00070
            -0.05000             0.00041
             0.05000             0.00029
             0.15000             0.00136
             0.25000             0.00194
             0.35000             0.00305
             0.45000             0.00416
             0.55000             0.00610
             0.65000             0.00717
             0.75000             0.00984
             0.85000             0.01166
             0.95000             0.01511
             1.05000             0.01824
             1.15000             0.02302
             1.25000             0.02829
             1.35000             0.03542
             1.45000             0.04431
             1.55000             0.05539
             1.65000             0.06684
             1.75000             0.08945
             1.85000             0.08142
             1.95000             0.09065
             2.05000             0.14608
             2.15000             0.17227
             2.25000             0.16902
             2.35000             0.16527
             2.45000             0.19307
             2.55000             0.17923
             2.65000             0.13533
             2.75000             0.14390
             2.85000             0.15024
             2.95000             0.14707
             3.05000             0.10749
             3.15000             0.08628
             3.25000             0.07866
             3.35000             0.08369
             3.45000             0.09468
             3.55000             0.10473
             3.65000             0.13360
             3.75000             0.13282
             3.85000             0.11128
             3.95000             0.10613
             4.05000             0.11293
             4.15000             0.15230
             4.25000             0.22701
             4.35000             0.14686
             4.45000             0.10144
             4.55000             0.11194
             4.65000             0.08031
             4.75000             0.07986
             4.85000             0.05745
             4.95000             0.04073
             5.05000             0.02965
             5.15000             0.02150
             5.25000             0.02191
             5.35000             0.01293
             5.45000             0.03406
             5.55000             0.14484
             5.65000             0.25509
             5.75000             0.12796
             5.85000             0.05605
             5.95000             0.11672
             6.05000             0.11602
             6.15000             0.10712
             6.25000             0.06610
             6.35000             0.03270
             6.45000             0.02496
             6.55000             0.01853
             6.65000             0.01371
             6.75000             0.00169
             6.85000             0.00000
             6.95000             0.00000
             7.05000             0.00000
             7.15000             0.00000
             7.25000             0.00000
             7.35000             0.00000
             7.45000             0.00000
             7.55000             0.00000
             7.65000             0.00000
             7.75000             0.00000
             7.85000             0.00000
             7.95000             0.00000
             8.05000             0.00000
             8.15000             0.00000
             8.25000             0.00000
             8.35000             0.00000
             8.45000             0.00000
             8.55000             0.00000
             8.65000             0.00000
             8.75000             0.00000
             8.85000             0.00000
             8.95000             0.00000
             9.05000             0.00000
             9.15000             0.00000
             9.25000             0.00000
             9.35000             0.00000
             9.45000             0.00000
             9.55000             0.00000
             9.65000             0.00000
             9.75000             0.00000
             9.85000             0.00000
             9.95000             0.00000
            10.05000             0.00000
            10.15000             0.00000
            10.25000             0.00000
            10.35000             0.00000
            10.45000             0.00000
            10.55000             0.00000
            10.65000             0.00000
            10.75000             0.00000
            10.85000             0.00000
            10.95000             0.00000
            11.05000             0.00000
            11.15000             0.00000
            11.25000             0.00000
            11.35000             0.00000
            11.45000             0.00000
            11.55000             0.00000
            11.65000             0.00000
            11.75000             0.00000
            11.85000             0.00000
            11.95000             0.00000
            12.05000             0.00169
            12.15000             0.01273
            12.25000             0.02121
            12.35000             0.02681
            12.45000             0.03130
            12.55000             0.04205
            12.65000             0.07821
            12.75000             0.13937
            12.85000             0.33083
            12.95000             0.34792
            13.05000             0.21144
            13.15000             0.14316
            13.25000             0.09320
            13.35000             0.11309
            13.45000             0.07413
            13.55000             0.00136
            13.65000             0.00251
            13.75000             0.00457
            13.85000             0.00647
            13.95000             0.00890
            14.05000             0.01128
            14.15000             0.01520
            14.25000             0.02623
            14.35000             0.05152
            14.45000             0.08039
            14.55000             0.07631
            14.65000             0.09209
            14.75000             0.06799
            14.85000             0.05589
            14.95000             0.05354
            15.05000             0.05305
            15.15000             0.08620
            15.25000             0.08743
            15.35000             0.08480
            15.45000             0.09827
            15.55000             0.06828
            15.65000             0.05815
            15.75000             0.06285
            15.85000             0.10251
            15.95000             0.07833
            16.05000             0.06940
            16.15000             0.05012
            16.25000             0.03945
            16.35000             0.03567
            16.45000             0.03431
            16.55000             0.05951
            16.65000             0.04213
            16.75000             0.01746
            16.85000             0.07393
            16.95000             0.09913
            17.05000             0.08978
            17.15000             0.08603
            17.25000             0.05988
            17.35000             0.05132
            17.45000             0.05029
            17.55000             0.04765
            17.65000             0.03011
            17.75000             0.02792
            17.85000             0.03398
            17.95000             0.05004
            18.05000             0.07512
            18.15000             0.05733
            18.25000             0.05420
            18.35000             0.04814
            18.45000             0.03707
            18.55000             0.03422
            18.65000             0.02545
            18.75000             0.02047
            18.85000             0.01614
            18.95000             0.01347
            19.05000             0.01137
            19.15000             0.00548
            19.25000             0.00008
            19.35000             0.00000
            19.45000             0.00000
            19.55000             0.00000
            19.65000             0.00000
            19.75000             0.00000
            19.85000             0.00000
            19.95000             0.00000
            20.05000             0.00000
            20.15000             0.00000
            20.25000             0.00000
            20.35000             0.00000
            20.45000             0.00000
            20.55000             0.00000
            20.65000             0.00000
            20.75000             0.00000
            20.85000             0.00000
            20.95000             0.00000
            21.05000             0.00000
            21.15000             0.00000
            21.25000             0.00000
            21.35000             0.00000
            21.45000             0.00000
            21.55000             0.00000
            21.65000             0.00000
            21.75000             0.00000
            21.85000             0.00000
            21.95000             0.00000
            22.05000             0.00000
            22.15000             0.00000
            22.25000             0.00000
            22.35000             0.00000
            22.45000             0.00000
            22.55000             0.00000
            22.65000             0.00000
            22.75000             0.00000
            22.85000             0.00000
            22.95000             0.00000
            23.05000             0.00000
            23.15000             0.00000
            23.25000             0.00000
            23.35000             0.00000
            23.45000             0.00000
            23.55000             0.00000
            23.65000             0.00000
            23.75000             0.00000
            23.85000             0.00000
            23.95000             0.00000
            24.05000             0.00000
            24.15000             0.00000
            24.25000             0.00000
            24.35000             0.00000
            24.45000             0.00000
            24.55000             0.00000
            24.65000             0.00000
            24.75000             0.00000
            24.85000             0.00000
            24.95000             0.00000
            25.05000             0.00000
            25.15000             0.00000
            25.25000             0.00000
            25.35000             0.00000
            25.45000             0.00000
            25.55000             0.00000
            25.65000             0.00000
            25.75000             0.00000
            25.85000             0.00000
            25.95000             0.00000
            26.05000             0.00000
            26.15000             0.00000
            26.25000             0.00000
            26.35000             0.00000
            26.45000             0.00000
            26.55000             0.00000
            26.65000             0.00000
            26.75000             0.00000
            26.85000             0.00000
            26.95000             0.00000
            27.05000             0.00000
            27.15000             0.00000
            27.25000             0.00000
            27.35000             0.00000
            27.45000             0.00000
            27.55000             0.00000
            27.65000             0.00000
            27.75000             0.00000
            27.85000             0.00000
            27.95000             0.00000
            28.05000             0.00000
            28.15000             0.00000
            28.25000             0.00000
            28.35000             0.00000
            28.45000             0.00000
            28.55000             0.00000
            28.65000             0.00000
            28.75000             0.00000
            28.85000             0.00000
            28.95000             0.00000
            29.05000             0.00000
            29.15000             0.00000
            29.25000             0.00000
            29.35000             0.00000
            29.45000             0.00000
            29.55000             0.00000
            29.65000             0.00000
            29.75000             0.00000
            29.85000             0.00000
            29.95000             0.00000
