            -0.45000             0.00481
            -0.35000             0.00433
            -0.25000             0.00351
            -0.15000             0.00231
            -0.05000             0.00101
             0.05000             0.00099
             0.15000             0.00316
             0.25000             0.00536
             0.35000             0.00722
             0.45000             0.00946
             0.55000             0.01098
             0.65000             0.01312
             0.75000             0.01685
             0.85000             0.02046
             0.95000             0.02637
             1.05000             0.02938
             1.15000             0.03057
             1.25000             0.03362
             1.35000             0.03650
             1.45000             0.03796
             1.55000             0.03566
             1.65000             0.04041
             1.75000             0.04573
             1.85000             0.05183
             1.95000             0.06062
             2.05000             0.06258
             2.15000             0.06690
             2.25000             0.06931
             2.35000             0.07524
             2.45000             0.07483
             2.55000             0.08692
             2.65000             0.10472
             2.75000             0.11584
             2.85000             0.10319
             2.95000             0.09767
             3.05000             0.08448
             3.15000             0.07097
             3.25000             0.05446
             3.35000             0.06651
             3.45000             0.08554
             3.55000             0.09053
             3.65000             0.08639
             3.75000             0.09012
             3.85000             0.09858
             3.95000             0.09919
             4.05000             0.09434
             4.15000             0.07676
             4.25000             0.04206
             4.35000             0.03874
             4.45000             0.03019
             4.55000             0.00996
             4.65000             0.00169
             4.75000             0.00635
             4.85000             0.09329
             4.95000             0.08182
             5.05000             0.04393
             5.15000             0.00867
             5.25000             0.00000
             5.35000             0.00385
             5.45000             0.05223
             5.55000             0.06955
             5.65000             0.08671
             5.75000             0.23603
             5.85000             0.01988
             5.95000             0.03963
             6.05000             0.04729
             6.15000             0.06517
             6.25000             0.07655
             6.35000             0.07963
             6.45000             0.05766
             6.55000             0.04875
             6.65000             0.03997
             6.75000             0.01335
             6.85000             0.00000
             6.95000             0.00000
             7.05000             0.00000
             7.15000             0.00000
             7.25000             0.00000
             7.35000             0.00000
             7.45000             0.00000
             7.55000             0.00000
             7.65000             0.00000
             7.75000             0.00000
             7.85000             0.00000
             7.95000             0.00000
             8.05000             0.00000
             8.15000             0.00000
             8.25000             0.00000
             8.35000             0.00000
             8.45000             0.00000
             8.55000             0.00000
             8.65000             0.00000
             8.75000             0.00000
             8.85000             0.00000
             8.95000             0.00000
             9.05000             0.00000
             9.15000             0.00000
             9.25000             0.00000
             9.35000             0.00000
             9.45000             0.00000
             9.55000             0.00000
             9.65000             0.00000
             9.75000             0.00000
             9.85000             0.00000
             9.95000             0.00000
            10.05000             0.00000
            10.15000             0.00000
            10.25000             0.00000
            10.35000             0.00000
            10.45000             0.00000
            10.55000             0.00000
            10.65000             0.00000
            10.75000             0.00000
            10.85000             0.00000
            10.95000             0.00000
            11.05000             0.00000
            11.15000             0.00000
            11.25000             0.00000
            11.35000             0.00000
            11.45000             0.00000
            11.55000             0.00000
            11.65000             0.00000
            11.75000             0.00000
            11.85000             0.03113
            11.95000             0.05188
            12.05000             0.06842
            12.15000             0.05154
            12.25000             0.03102
            12.35000             0.08637
            12.45000             0.08690
            12.55000             0.04594
            12.65000             0.01494
            12.75000             0.07039
            12.85000             0.17713
            12.95000             0.14832
            13.05000             0.07229
            13.15000             0.00000
            13.25000             0.00000
            13.35000             0.00000
            13.45000             0.00000
            13.55000             0.00000
            13.65000             0.00000
            13.75000             0.00000
            13.85000             0.00000
            13.95000             0.00000
            14.05000             0.00000
            14.15000             0.00000
            14.25000             0.00000
            14.35000             0.00000
            14.45000             0.00000
            14.55000             0.00000
            14.65000             0.00000
            14.75000             0.00000
            14.85000             0.00000
            14.95000             0.00000
            15.05000             0.00000
            15.15000             0.00000
            15.25000             0.00000
            15.35000             0.00000
            15.45000             0.00000
            15.55000             0.00000
            15.65000             0.03935
            15.75000             0.08349
            15.85000             0.07728
            15.95000             0.05917
            16.05000             0.13669
            16.15000             0.06881
            16.25000             0.00334
            16.35000             0.03346
            16.45000             0.19934
            16.55000             0.00127
            16.65000             0.00655
            16.75000             0.16030
            16.85000             0.14557
            16.95000             0.14811
            17.05000             0.14877
            17.15000             0.07702
            17.25000             0.01588
            17.35000             0.00000
            17.45000             0.00000
            17.55000             0.00000
            17.65000             0.00000
            17.75000             0.00000
            17.85000             0.00000
            17.95000             0.00000
            18.05000             0.00000
            18.15000             0.00000
            18.25000             0.00000
            18.35000             0.00000
            18.45000             0.00000
            18.55000             0.00000
            18.65000             0.00000
            18.75000             0.00000
            18.85000             0.00000
            18.95000             0.00000
            19.05000             0.00000
            19.15000             0.00000
            19.25000             0.00000
            19.35000             0.00000
            19.45000             0.00000
            19.55000             0.00000
            19.65000             0.00000
            19.75000             0.00000
            19.85000             0.00000
            19.95000             0.00000
            20.05000             0.00000
            20.15000             0.00000
            20.25000             0.00000
            20.35000             0.00000
            20.45000             0.00000
            20.55000             0.00000
            20.65000             0.00000
            20.75000             0.00000
            20.85000             0.00000
            20.95000             0.00000
            21.05000             0.00000
            21.15000             0.00000
            21.25000             0.24644
            21.35000             0.21481
            21.45000             0.00688
            21.55000             0.00000
            21.65000             0.00000
            21.75000             0.00000
            21.85000             0.14103
            21.95000             0.15880
            22.05000             0.16830
            22.15000             0.00000
            22.25000             0.00000
            22.35000             0.00000
            22.45000             0.00000
            22.55000             0.00000
            22.65000             0.00000
            22.75000             0.08127
            22.85000             0.15441
            22.95000             0.05342
            23.05000             0.12406
            23.15000             0.05496
            23.25000             0.00000
            23.35000             0.00000
            23.45000             0.00000
            23.55000             0.00000
            23.65000             0.00000
            23.75000             0.00000
            23.85000             0.00000
            23.95000             0.00000
            24.05000             0.00000
            24.15000             0.00000
            24.25000             0.05710
            24.35000             0.07060
            24.45000             0.09090
            24.55000             0.06524
            24.65000             0.05458
            24.75000             0.08870
            24.85000             0.09086
            24.95000             0.10722
            25.05000             0.09204
            25.15000             0.09504
            25.25000             0.09592
            25.35000             0.08660
            25.45000             0.07509
            25.55000             0.05996
            25.65000             0.04289
            25.75000             0.04093
            25.85000             0.04310
            25.95000             0.03377
            26.05000             0.01865
            26.15000             0.01722
            26.25000             0.02033
            26.35000             0.03322
            26.45000             0.02442
            26.55000             0.00000
            26.65000             0.00000
            26.75000             0.00000
            26.85000             0.00000
            26.95000             0.00000
            27.05000             0.00000
            27.15000             0.00000
            27.25000             0.00000
            27.35000             0.00000
            27.45000             0.00000
            27.55000             0.00000
            27.65000             0.00000
            27.75000             0.00000
            27.85000             0.00000
            27.95000             0.00000
            28.05000             0.00000
            28.15000             0.00000
            28.25000             0.00000
            28.35000             0.00000
            28.45000             0.00000
            28.55000             0.00000
            28.65000             0.00000
            28.75000             0.00000
            28.85000             0.05019
            28.95000             0.16513
            29.05000             0.11378
            29.15000             0.08392
            29.25000             0.04468
            29.35000             0.11834
            29.45000             0.30942
            29.55000             0.05081
            29.65000             0.00000
            29.75000             0.00000
            29.85000             0.19956
            29.95000             0.03450
