#  T(K)     E(eV/cell)    F(eV/cell)    Fc(eV/cell)   S(kB/cell)    Cv(kB/cell)
    0.00           NaN    9.38445524           NaN           NaN           NaN
   10.00    9.38462480    9.38437373    0.56441162    0.29135855    0.61768501
   20.00    9.38598101    9.38374620    0.95762168    1.29668932    2.80346562
   30.00    9.38981455    9.38191992    1.28621278    3.05376090    6.21168811
   40.00    9.39675853    9.37832926    1.57284024    5.34653952    9.88969772
   50.00    9.40677838    9.37262345    1.82826383    7.92698311   13.29803637
   60.00    9.41954805    9.36463548    2.05882089   10.62050066   16.26183593
   70.00    9.43467883    9.35431739    2.26869896   13.32214552   18.78773344
   80.00    9.45182580    9.34168909    2.46087426   15.97594509   20.95724873
   90.00    9.47072370    9.32680435    2.63757213   18.55671617   22.86701319
  100.00    9.49118651    9.30973022    2.80051987   21.05699974   24.60181694
  110.00    9.51309305    9.29053571    2.95109736   23.47868106   26.22697468
  120.00    9.53637021    9.26928604    3.09043244   25.82803447   27.78933149
  130.00    9.56097860    9.24604019    3.21946426   28.11297076   29.32093410
  140.00    9.58690145    9.22085015    3.33898702   30.34159317   30.84281423
  150.00    9.61413651    9.19376114    3.44968112   32.52149308   32.36808987
  160.00    9.64269029    9.16481214    3.55213606   34.65944918   33.90430125
  170.00    9.67257402    9.13403672    3.64686748   36.76134004   35.45511263
  180.00    9.70380087    9.10146373    3.73433025   38.83216498   37.02153737
  190.00    9.73638407    9.06711808    3.81492860   40.87611574   38.60281580
  200.00    9.77033566    9.03102139    3.88902417   42.89666818   40.19704136
  210.00    9.80566572    8.99319255    3.95694237   44.89667745   41.80160450
  220.00    9.84238188    8.95364822    4.01897760   46.87846850   43.41350400
  230.00    9.88048910    8.91240327    4.07539744   48.84391804   45.02956259
  240.00    9.91998958    8.86947111    4.12644621   50.79452673   46.64657382
  250.00    9.96088277    8.82486399    4.17234783   52.73148152   48.26140018
  260.00   10.00316550    8.77859326    4.21330829   54.65570896   49.87103699
  270.00   10.04683206    8.73066957    4.24951775   56.56792039   51.47265265
  280.00   10.09187438    8.68110304    4.28115224   58.46864997   53.06361260
  290.00   10.13828222    8.62990338    4.30837523   60.35828679   54.64149232
