#  T(K)     E(eV/cell)    F(eV/cell)    Fc(eV/cell)   S(kB/cell)    Cv(kB/cell)
    0.00           NaN    4.00702676           NaN           NaN           NaN
   10.00    4.00705060    4.00701696    0.19027614    0.03903846    0.10026833
   20.00    4.00735430    4.00690737    0.32321107    0.25931662    0.72011955
   30.00    4.00845664    4.00648722    0.43450292    0.76179989    1.90446155
   40.00    4.01070537    4.00552578    0.53173971    1.50265772    3.33320183
   50.00    4.01420870    4.00385157    0.61852528    2.40377739    4.79157355
   60.00    4.01894322    4.00135534    0.69698220    3.40162751    6.18141064
   70.00    4.02483356    3.99797378    0.76851302    4.45275540    7.47234195
   80.00    4.03179271    3.99367390    0.83411458    5.52934679    8.66283751
   90.00    4.03973700    3.98844185    0.89453223    6.61391015    9.76019269
  100.00    4.04858986    3.98227590    0.95034449    7.69536853   10.77285673
  110.00    4.05828160    3.97518202    1.00201354    8.76658835   11.70828902
  120.00    4.06874846    3.96717119    1.04991712    9.82290165   12.57279227
  130.00    4.07993173    3.95825765    1.09436980   10.86123447   13.37186194
  140.00    4.09177722    3.94845784    1.13563756   11.87958687   14.11054051
  150.00    4.10423496    3.93778956    1.17394830   12.87671318   14.79364369
  160.00    4.11725911    3.92627142    1.20949948   13.85191606   15.42586125
  170.00    4.13080778    3.91392248    1.24246378   14.80490652   16.01177221
  180.00    4.14484301    3.90076188    1.27299356   15.73570332   16.55581421
  190.00    4.15933055    3.88680866    1.30122422   16.64455749   17.06223605
  200.00    4.17423973    3.87208155    1.32727687   17.53189367   17.53505093
  210.00    4.18954323    3.85659887    1.35126052   18.39826379   17.97799916
  220.00    4.20521681    3.84037840    1.37327376   19.24430998   18.39452344
  230.00    4.22123908    3.82343737    1.39340621   20.07073501   18.78775646
  240.00    4.23759121    3.80579237    1.41173971   20.87827869   19.16051944
  250.00    4.25425665    3.78745934    1.42834926   21.66769917   19.51532920
  260.00    4.27122091    3.76845358    1.44330384   22.43975842   19.85441161
  270.00    4.28847132    3.74878970    1.45666715   23.19521094   20.17971963
  280.00    4.30599673    3.72848172    1.46849815   23.93479532   20.49295408
  290.00    4.32378741    3.70754298    1.47885159   24.65922800   20.79558602
