             0.05000             0.00000
             0.15000             0.00431
             0.25000             0.00646
             0.35000             0.01507
             0.45000             0.00861
             0.55000             0.02584
             0.65000             0.03230
             0.75000             0.07537
             0.85000             0.06029
             0.95000             0.06891
             1.05000             0.05383
             1.15000             0.08613
             1.25000             0.11843
             1.35000             0.08398
             1.45000             0.10551
             1.55000             0.09475
             1.65000             0.06675
             1.75000             0.10336
             1.85000             0.07321
             1.95000             0.07106
             2.05000             0.07106
             2.15000             0.10121
             2.25000             0.07752
             2.35000             0.10982
             2.45000             0.07106
             2.55000             0.14858
             2.65000             0.20026
             2.75000             0.20887
             2.85000             0.21964
             2.95000             0.21102
             3.05000             0.06891
             3.15000             0.09044
             3.25000             0.13566
             3.35000             0.24548
             3.45000             0.19811
             3.55000             0.22394
             3.65000             0.18949
             3.75000             0.14212
             3.85000             0.11843
             3.95000             0.08183
             4.05000             0.09259
             4.15000             0.08183
             4.25000             0.11628
             4.35000             0.13997
             4.45000             0.20457
             4.55000             0.19595
             4.65000             0.19595
             4.75000             0.21748
             4.85000             0.21533
             4.95000             0.14858
             5.05000             0.01723
             5.15000             0.00000
             5.25000             0.00000
             5.35000             0.00000
             5.45000             0.00215
             5.55000             0.01292
             5.65000             0.03661
             5.75000             0.08613
             5.85000             0.10982
             5.95000             0.14427
             6.05000             0.19380
             6.15000             0.13566
             6.25000             0.08398
             6.35000             0.05599
             6.45000             0.05814
             6.55000             0.04522
             6.65000             0.03015
             6.75000             0.02369
             6.85000             0.03661
             6.95000             0.02153
             7.05000             0.00000
             7.15000             0.00000
             7.25000             0.00000
             7.35000             0.00000
             7.45000             0.00000
             7.55000             0.00000
             7.65000             0.00000
             7.75000             0.00000
             7.85000             0.00000
             7.95000             0.00000
             8.05000             0.00000
             8.15000             0.00000
             8.25000             0.00000
             8.35000             0.00000
             8.45000             0.00000
             8.55000             0.00000
             8.65000             0.00000
             8.75000             0.00000
             8.85000             0.00000
             8.95000             0.00000
             9.05000             0.00000
             9.15000             0.00000
             9.25000             0.00000
             9.35000             0.00000
             9.45000             0.00000
             9.55000             0.00000
             9.65000             0.00000
             9.75000             0.00000
             9.85000             0.00000
             9.95000             0.00000
            10.05000             0.00000
            10.15000             0.00000
            10.25000             0.00000
            10.35000             0.00000
            10.45000             0.00000
            10.55000             0.00000
            10.65000             0.00000
            10.75000             0.00000
            10.85000             0.00000
            10.95000             0.00000
            11.05000             0.00000
            11.15000             0.00000
            11.25000             0.00000
            11.35000             0.00000
            11.45000             0.00000
            11.55000             0.00000
            11.65000             0.00000
            11.75000             0.00000
            11.85000             0.00000
            11.95000             0.00000
            12.05000             0.00000
            12.15000             0.00000
            12.25000             0.00000
            12.35000             0.00000
            12.45000             0.00000
            12.55000             0.00000
            12.65000             0.00000
            12.75000             0.00000
            12.85000             0.00000
            12.95000             0.04953
            13.05000             0.06460
            13.15000             0.05814
            13.25000             0.10121
            13.35000             0.10551
            13.45000             0.08829
            13.55000             0.07321
            13.65000             0.08829
            13.75000             0.09475
            13.85000             0.12705
            13.95000             0.15289
            14.05000             0.06675
            14.15000             0.00646
            14.25000             0.00000
            14.35000             0.00000
            14.45000             0.00000
            14.55000             0.00000
            14.65000             0.00000
            14.75000             0.00000
            14.85000             0.00000
            14.95000             0.00000
            15.05000             0.00000
            15.15000             0.00000
            15.25000             0.00000
            15.35000             0.00000
            15.45000             0.00000
            15.55000             0.00000
            15.65000             0.00000
            15.75000             0.00000
            15.85000             0.00000
            15.95000             0.00000
            16.05000             0.00000
            16.15000             0.00000
            16.25000             0.00000
            16.35000             0.00000
            16.45000             0.00000
            16.55000             0.00000
            16.65000             0.00000
            16.75000             0.00000
            16.85000             0.00000
            16.95000             0.00000
            17.05000             0.00000
            17.15000             0.06245
            17.25000             0.33376
            17.35000             0.61800
            17.45000             0.06245
            17.55000             0.00000
            17.65000             0.00000
            17.75000             0.00000
            17.85000             0.00000
            17.95000             0.00000
            18.05000             0.00000
            18.15000             0.00000
            18.25000             0.15935
            18.35000             0.28639
            18.45000             0.37252
            18.55000             0.14212
            18.65000             0.09044
            18.75000             0.02584
            18.85000             0.00000
            18.95000             0.00000
            19.05000             0.00000
            19.15000             0.00000
            19.25000             0.00000
            19.35000             0.00000
            19.45000             0.00000
            19.55000             0.00000
            19.65000             0.00000
            19.75000             0.00000
            19.85000             0.00000
            19.95000             0.00000
            20.05000             0.00000
            20.15000             0.00000
            20.25000             0.00000
            20.35000             0.00000
            20.45000             0.00000
            20.55000             0.00000
            20.65000             0.00000
            20.75000             0.00000
            20.85000             0.00000
            20.95000             0.00000
            21.05000             0.00000
            21.15000             0.00000
            21.25000             0.00000
            21.35000             0.00000
            21.45000             0.00000
            21.55000             0.00000
            21.65000             0.00000
            21.75000             0.00000
            21.85000             0.00000
            21.95000             0.00000
            22.05000             0.00000
            22.15000             0.00000
            22.25000             0.00000
            22.35000             0.00000
            22.45000             0.00000
            22.55000             0.00000
            22.65000             0.00000
            22.75000             0.00000
            22.85000             0.00000
            22.95000             0.00000
            23.05000             0.00000
            23.15000             0.00000
            23.25000             0.00000
            23.35000             0.00000
            23.45000             0.00000
            23.55000             0.00000
            23.65000             0.00000
            23.75000             0.00000
            23.85000             0.00000
            23.95000             0.00000
            24.05000             0.00000
            24.15000             0.00000
            24.25000             0.00000
            24.35000             0.00000
            24.45000             0.00000
            24.55000             0.00000
            24.65000             0.00000
            24.75000             0.00000
            24.85000             0.00000
            24.95000             0.00000
