         125
 -0.4499999999999999 -0.4499999999999999 -0.4500000000000000  8.000000
 -0.4499999999999999 -0.4499999999999999 -0.3500000000000000  8.000000
 -0.4499999999999999 -0.4500000000000000 -0.2500000000000000  8.000000
 -0.4499999999999999 -0.4499999999999999 -0.1500000000000000  8.000000
 -0.4500000000000000 -0.4500000000000000 -0.0500000000000000  8.000000
 -0.4500000000000000 -0.3500000000000000 -0.4500000000000001  8.000000
 -0.4500000000000000 -0.3500000000000000 -0.3500000000000000  8.000000
 -0.4500000000000000 -0.3499999999999999 -0.2500000000000000  8.000000
 -0.4500000000000000 -0.3499999999999999 -0.1500000000000000  8.000000
 -0.4500000000000000 -0.3500000000000000 -0.0500000000000000  8.000000
 -0.4500000000000000 -0.2499999999999999 -0.4500000000000000  8.000000
 -0.4500000000000000 -0.2500000000000000 -0.3500000000000000  8.000000
 -0.4500000000000000 -0.2500000000000000 -0.2500000000000000  8.000000
 -0.4500000000000000 -0.2500000000000000 -0.1500000000000000  8.000000
 -0.4500000000000000 -0.2500000000000000 -0.0500000000000000  8.000000
 -0.4500000000000000 -0.1500000000000000 -0.4500000000000000  8.000000
 -0.4499999999999999 -0.1500000000000000 -0.3500000000000000  8.000000
 -0.4500000000000000 -0.1500000000000000 -0.2500000000000000  8.000000
 -0.4499999999999999 -0.1500000000000000 -0.1500000000000000  8.000000
 -0.4500000000000000 -0.1500000000000000 -0.0500000000000000  8.000000
 -0.4500000000000000 -0.0500000000000000 -0.4500000000000001  8.000000
 -0.4500000000000000 -0.0500000000000000 -0.3500000000000000  8.000000
 -0.4500000000000000 -0.0500000000000000 -0.2500000000000001  8.000000
 -0.4499999999999999 -0.0500000000000000 -0.1500000000000000  8.000000
 -0.4500000000000000 -0.0500000000000000 -0.0500000000000000  8.000000
 -0.3500000000000000 -0.4499999999999999 -0.4500000000000000  8.000000
 -0.3500000000000000 -0.4500000000000000 -0.3500000000000000  8.000000
 -0.3500000000000000 -0.4500000000000000 -0.2500000000000000  8.000000
 -0.3500000000000000 -0.4499999999999998 -0.1500000000000000  8.000000
 -0.3499999999999999 -0.4499999999999999 -0.0500000000000000  8.000000
 -0.3499999999999999 -0.3500000000000000 -0.4500000000000000  8.000000
 -0.3500000000000000 -0.3500000000000000 -0.3500000000000000  8.000000
 -0.3499999999999999 -0.3499999999999999 -0.2500000000000000  8.000000
 -0.3500000000000000 -0.3500000000000000 -0.1500000000000000  8.000000
 -0.3499999999999999 -0.3500000000000000 -0.0500000000000000  8.000000
 -0.3500000000000000 -0.2499999999999999 -0.4500000000000000  8.000000
 -0.3499999999999999 -0.2500000000000001 -0.3500000000000000  8.000000
 -0.3499999999999999 -0.2500000000000000 -0.2500000000000001  8.000000
 -0.3499999999999999 -0.2500000000000000 -0.1500000000000000  8.000000
 -0.3499999999999999 -0.2499999999999999 -0.0500000000000000  8.000000
 -0.3500000000000000 -0.1500000000000000 -0.4500000000000000  8.000000
 -0.3500000000000000 -0.1499999999999999 -0.3500000000000000  8.000000
 -0.3500000000000000 -0.1500000000000000 -0.2500000000000000  8.000000
 -0.3500000000000000 -0.1500000000000000 -0.1500000000000000  8.000000
 -0.3499999999999999 -0.1500000000000000 -0.0500000000000000  8.000000
 -0.3499999999999999 -0.0500000000000000 -0.4500000000000000  8.000000
 -0.3499999999999999 -0.0500000000000000 -0.3500000000000000  8.000000
 -0.3500000000000000 -0.0500000000000000 -0.2500000000000001  8.000000
 -0.3500000000000000 -0.0500000000000000 -0.1500000000000000  8.000000
 -0.3500000000000000 -0.0500000000000000 -0.0500000000000000  8.000000
 -0.2499999999999999 -0.4499999999999999 -0.4500000000000000  8.000000
 -0.2500000000000000 -0.4500000000000000 -0.3500000000000000  8.000000
 -0.2500000000000000 -0.4499999999999999 -0.2500000000000000  8.000000
 -0.2499999999999999 -0.4499999999999999 -0.1500000000000000  8.000000
 -0.2499999999999999 -0.4500000000000000 -0.0500000000000000  8.000000
 -0.2499999999999999 -0.3500000000000000 -0.4500000000000000  8.000000
 -0.2499999999999999 -0.3500000000000000 -0.3500000000000000  8.000000
 -0.2500000000000000 -0.3500000000000000 -0.2500000000000000  8.000000
 -0.2499999999999999 -0.3500000000000000 -0.1500000000000000  8.000000
 -0.2499999999999999 -0.3500000000000000 -0.0500000000000000  8.000000
 -0.2499999999999999 -0.2499999999999999 -0.4500000000000001  8.000000
 -0.2499999999999999 -0.2500000000000000 -0.3500000000000000  8.000000
 -0.2500000000000000 -0.2499999999999999 -0.2500000000000000  8.000000
 -0.2499999999999999 -0.2500000000000000 -0.1500000000000000  8.000000
 -0.2499999999999999 -0.2500000000000000 -0.0500000000000000  8.000000
 -0.2499999999999999 -0.1500000000000000 -0.4500000000000000  8.000000
 -0.2500000000000000 -0.1500000000000000 -0.3500000000000000  8.000000
 -0.2499999999999999 -0.1500000000000000 -0.2500000000000000  8.000000
 -0.2500000000000000 -0.1500000000000000 -0.1500000000000000  8.000000
 -0.2500000000000000 -0.1500000000000000 -0.0500000000000000  8.000000
 -0.2499999999999999 -0.0500000000000000 -0.4500000000000000  8.000000
 -0.2500000000000000 -0.0500000000000000 -0.3500000000000000  8.000000
 -0.2499999999999999 -0.0500000000000000 -0.2500000000000000  8.000000
 -0.2499999999999999 -0.0500000000000000 -0.1500000000000000  8.000000
 -0.2500000000000000 -0.0500000000000000 -0.0500000000000000  8.000000
 -0.1500000000000000 -0.4499999999999999 -0.4500000000000000  8.000000
 -0.1500000000000000 -0.4500000000000000 -0.3500000000000000  8.000000
 -0.1500000000000000 -0.4500000000000000 -0.2500000000000000  8.000000
 -0.1500000000000000 -0.4500000000000000 -0.1500000000000000  8.000000
 -0.1500000000000000 -0.4500000000000000 -0.0500000000000000  8.000000
 -0.1500000000000000 -0.3500000000000000 -0.4500000000000000  8.000000
 -0.1499999999999999 -0.3500000000000000 -0.3500000000000000  8.000000
 -0.1500000000000000 -0.3500000000000000 -0.2500000000000000  8.000000
 -0.1500000000000000 -0.3499999999999999 -0.1500000000000000  8.000000
 -0.1500000000000000 -0.3500000000000000 -0.0500000000000000  8.000000
 -0.1500000000000000 -0.2500000000000000 -0.4500000000000001  8.000000
 -0.1500000000000000 -0.2500000000000000 -0.3500000000000000  8.000000
 -0.1500000000000000 -0.2500000000000000 -0.2500000000000000  8.000000
 -0.1500000000000000 -0.2500000000000000 -0.1500000000000000  8.000000
 -0.1500000000000000 -0.2500000000000000 -0.0500000000000000  8.000000
 -0.1500000000000000 -0.1500000000000000 -0.4500000000000000  8.000000
 -0.1500000000000000 -0.1500000000000000 -0.3500000000000000  8.000000
 -0.1499999999999999 -0.1500000000000000 -0.2500000000000000  8.000000
 -0.1500000000000000 -0.1500000000000000 -0.1500000000000000  8.000000
 -0.1500000000000000 -0.1500000000000000 -0.0500000000000000  8.000000
 -0.1500000000000000 -0.0500000000000000 -0.4500000000000000  8.000000
 -0.1500000000000000 -0.0500000000000000 -0.3500000000000000  8.000000
 -0.1500000000000000 -0.0500000000000000 -0.2500000000000000  8.000000
 -0.1500000000000000 -0.0500000000000000 -0.1500000000000000  8.000000
 -0.1500000000000000 -0.0500000000000000 -0.0500000000000000  8.000000
 -0.0500000000000000 -0.4500000000000000 -0.4500000000000000  8.000000
 -0.0500000000000000 -0.4500000000000000 -0.3500000000000000  8.000000
 -0.0500000000000000 -0.4500000000000000 -0.2500000000000000  8.000000
 -0.0500000000000000 -0.4499999999999999 -0.1500000000000000  8.000000
 -0.0500000000000000 -0.4499999999999999 -0.0500000000000000  8.000000
 -0.0500000000000000 -0.3500000000000000 -0.4500000000000000  8.000000
 -0.0500000000000000 -0.3500000000000000 -0.3500000000000000  8.000000
 -0.0500000000000000 -0.3500000000000000 -0.2500000000000000  8.000000
 -0.0500000000000000 -0.3500000000000000 -0.1500000000000000  8.000000
 -0.0500000000000000 -0.3500000000000000 -0.0500000000000000  8.000000
 -0.0500000000000000 -0.2500000000000000 -0.4500000000000001  8.000000
 -0.0500000000000000 -0.2500000000000001 -0.3500000000000000  8.000000
 -0.0500000000000000 -0.2500000000000000 -0.2500000000000000  8.000000
 -0.0500000000000000 -0.2499999999999999 -0.1500000000000000  8.000000
 -0.0500000000000000 -0.2500000000000000 -0.0500000000000000  8.000000
 -0.0500000000000000 -0.1500000000000000 -0.4500000000000000  8.000000
 -0.0500000000000000 -0.1499999999999999 -0.3500000000000001  8.000000
 -0.0500000000000000 -0.1500000000000000 -0.2500000000000001  8.000000
 -0.0500000000000000 -0.1500000000000000 -0.1500000000000000  8.000000
 -0.0500000000000000 -0.1500000000000000 -0.0500000000000000  8.000000
 -0.0500000000000000 -0.0500000000000000 -0.4500000000000000  8.000000
 -0.0500000000000000 -0.0500000000000000 -0.3500000000000000  8.000000
 -0.0500000000000000 -0.0500000000000000 -0.2500000000000000  8.000000
 -0.0500000000000000 -0.0500000000000000 -0.1500000000000000  8.000000
 -0.0500000000000000 -0.0500000000000000 -0.0500000000000000  8.000000
