#  T(K)     E(eV/cell)    F(eV/cell)    Fc(eV/cell)   S(kB/cell)    Cv(kB/cell)
    0.00           NaN    6.69211395           NaN           NaN           NaN
   10.00    6.69226330    6.69205819    0.36611614    0.23801629    0.61823895
   20.00    6.69358868    6.69147702    0.62095072    1.22523505    2.61897240
   30.00    6.69700116    6.68978070    0.83378278    2.79298259    5.38942989
   40.00    6.70294150    6.68654992    1.01933834    4.75538192    8.38928330
   50.00    6.71139336    6.68152371    1.18461128    6.93241588   11.16747708
   60.00    6.72207166    6.67458085    1.33372090    9.18507840   13.54492594
   70.00    6.73462017    6.66569723    1.46938911   11.42589525   15.51527067
   80.00    6.74871352    6.65490588    1.59355047   13.60732272   17.14357771
   90.00    6.76409171    6.64226875    1.70765145   15.70764509   18.51034472
  100.00    6.78056138    6.62785939    1.81281480   17.72022263   19.68756596
  110.00    6.79798471    6.61175318    1.90993745   19.64649026   20.73173951
  120.00    6.81626587    6.59402239    1.99975250   21.49177317   21.68431782
  130.00    6.83533933    6.57473389    2.08287040   23.26293953   22.57464310
  140.00    6.85516079    6.55394847    2.15980737   24.96716134   23.42314180
  150.00    6.87570068    6.53172081    2.23100569   26.61130852   24.24397733
  160.00    6.89693965    6.50809993    2.29684853   28.20168829   25.04700872
  170.00    6.91886552    6.48312966    2.35767106   29.74396386   25.83914763
  180.00    6.94147111    6.45684925    2.41376894   31.24316062   26.62526486
  190.00    6.96475281    6.42929388    2.46540493   32.70371086   27.40878543
  200.00    6.98870947    6.40049513    2.51281408   34.12951194   28.19207833
  210.00    7.01334161    6.37048144    2.55620794   35.52398592   28.97671579
  220.00    7.03865084    6.33927849    2.59577783   36.89013528   29.76365109
  230.00    7.06463938    6.30690952    2.63169772   38.23059309   30.55334660
  240.00    7.09130965    6.27339565    2.66412638   39.54766711   31.34587121
  250.00    7.11866401    6.23875615    2.69320938   40.84337854   32.14097870
  260.00    7.14670450    6.20300865    2.71908062   42.11949593   32.93817354
  270.00    7.17543261    6.16616934    2.74186369   43.37756506   33.73676780
  280.00    7.20484921    6.12825320    2.76167301   44.61893522   34.53593107
  290.00    7.23495439    6.08927409    2.77861485   45.84478266   35.33473424
