 10.          6.44488981 
 20.          6.44488981 
 30.          6.44488985 
 40.          6.44489138 
 50.          6.44490547 
 60.          6.44496432 
 70.          6.44512166 
 80.          6.44544213 
 90.          6.44598965 
 100.           6.44682045 
 110.           6.44798097 
 120.           6.44950877 
 130.           6.45143476 
 140.           6.45378545 
 150.           6.45658485 
 160.           6.45985577 
 170.           6.46362053 
 180.           6.46790134 
 190.           6.47272033 
 200.           6.47809932 
 210.           6.48405964 
 220.           6.49062173 
 230.           6.49780487 
 240.           6.50562689 
 250.           6.51410392 
 260.           6.52325023 
 270.           6.53307808 
 280.           6.54359767 
 290.           6.55481713 
 300.           6.56674252 
