12
1  0.00040000  0.00000000  0.00000000
    -0.52563204      0.42258360      0.41314966
     0.26473183     -0.21569197     -0.21087678
     0.26090021     -0.20689162     -0.20227288
1  0.00000000  0.00040000  0.00000000
     0.42258253     -0.52602869     -0.41334327
    -0.20688810      0.26109256      0.20236474
    -0.21569443      0.26493613      0.21097853
1  0.00000000  0.00000000  0.00040000
     0.41314322     -0.41333761     -0.50736372
    -0.20240695      0.20250218      0.25203624
    -0.21073627      0.21083543      0.25532748
2  0.00040000  0.00000000  0.00000000
     0.26090936     -0.20713380     -0.20250985
    -0.26405253      0.23584164      0.23057675
     0.00314317     -0.02870784     -0.02806690
2  0.00000000  0.00040000  0.00000000
    -0.21545646      0.26494674      0.21074576
     0.24457527     -0.26794751     -0.23922792
    -0.02911881      0.00300076      0.02848216
2  0.00000000  0.00000000  0.00040000
    -0.21049833      0.21059757      0.25533769
     0.23896148     -0.23907405     -0.25705335
    -0.02846314      0.02847648      0.00171566
1  -0.00040000  0.00000000  0.00000000
     0.52563098     -0.42258228     -0.41314863
    -0.26089970      0.20689099      0.20227239
    -0.26473128      0.21569129      0.21087624
1  0.00000000  -0.00040000  0.00000000
    -0.42258359      0.52603000      0.41334431
     0.21569498     -0.26493679     -0.21097907
     0.20688861     -0.26109321     -0.20236524
1  0.00000000  0.00000000  -0.00040000
    -0.41314428      0.41333893      0.50736475
     0.21073683     -0.21083611     -0.25532801
     0.20240745     -0.20250282     -0.25203674
2  -0.00040000  0.00000000  0.00000000
    -0.26474171      0.21545340      0.21064347
     0.26771514     -0.24457203     -0.23911211
    -0.00297343      0.02911863      0.02846864
2  0.00000000  -0.00040000  0.00000000
     0.20713086     -0.26110217     -0.20260220
    -0.23583852      0.26427244      0.23068219
     0.02870766     -0.00317027     -0.02808000
2  0.00000000  0.00000000  -0.00040000
     0.20264974     -0.20274502     -0.25204569
    -0.23072206      0.23083063      0.25394685
     0.02807233     -0.02808561     -0.00190116
