    4   13   39
 12.011  1.000 14.001 16.000
    1    1  0.0080  0.0000  0.0000
 -0.557866902554   0.052726371068   0.209100258601
  0.040735229232  -0.027899555791  -0.012291146385
  0.000082666237  -0.002103662061   0.002101547912
  0.005858962744   0.019239506354  -0.004957521129
 -0.010341156121  -0.017336496991   0.008131654954
  0.000240002269  -0.000594183978  -0.000010319663
 -0.001046717928  -0.000730674260  -0.002022503859
 -0.000623800811  -0.000772033443   0.000515427129
  0.000437782544  -0.000872049278  -0.002176590800
  0.078685401658  -0.004163256859  -0.018992565143
  0.091866941798  -0.030981029190  -0.020125057002
 -0.004723412269   0.008019826589   0.000929798750
  0.356695003203   0.005467237842  -0.160202983365
    1    2  0.0000  0.0080  0.0000
  0.052728243264  -0.305121405062  -0.007278470450
 -0.035937222635  -0.018933080967   0.023860535993
 -0.006728094637   0.033407751858  -0.000841612146
  0.055521688313  -0.019505042851  -0.026645007818
  0.005872985865   0.013202282254  -0.004749995952
  0.000291556632   0.000896917716   0.000211450921
  0.000344087629  -0.001237992422   0.000920325410
  0.000460242417   0.002338359667  -0.000449177247
 -0.005261568423  -0.002279411782   0.002527100745
 -0.037897593378   0.090933443867   0.013760286691
 -0.042077634273   0.142390196149   0.009949339757
  0.009773331020  -0.004511314295  -0.008027287306
  0.002909978205   0.068419295866  -0.003237488598
    1    3  0.0000  0.0000  0.0080
  0.209030682316  -0.007242921944  -0.259922789657
 -0.010624906741   0.018416394405   0.014585657950
  0.002637322317  -0.002889564278   0.002398656274
 -0.009811833345  -0.007397041925   0.007493485431
  0.005111830290   0.007561467808  -0.002918340645
  0.000427815879   0.000902939348   0.000660128590
 -0.001328908042   0.000556693858  -0.002078265048
  0.000329810492   0.000109164420  -0.000087415934
 -0.001558693229   0.000251602922  -0.003045505940
 -0.014467462535  -0.004310287391   0.049943140406
 -0.018028575266   0.003741120328   0.056617717744
 -0.001852908699  -0.005093680010  -0.004770818217
 -0.159864173438  -0.004605887541   0.141124349045
    2    1  0.0080  0.0000  0.0000
  0.040748737312  -0.035938114920  -0.010623053784
 -0.438790698701   0.042414338068   0.153018637591
  0.095002572405   0.009892591222  -0.022981078507
 -0.035989822983   0.000959743519   0.017132615018
  0.000037176363   0.003089924931  -0.000561479140
 -0.010317378886   0.007604407757   0.003439800283
  0.008625110735  -0.021132102661  -0.004778160280
  0.005663589753   0.018013886669  -0.004719442613
  0.000566488206  -0.003452702021  -0.003820652783
  0.021262019914   0.015795155604  -0.011375337021
  0.209894372116   0.012702748322  -0.089211109376
  0.113805658139  -0.054484906363  -0.027323365988
 -0.010507824374   0.004535029872   0.001802626601
    2    2  0.0000  0.0080  0.0000
 -0.027884227807  -0.018972631316   0.018406951773
  0.042440224793  -0.498928856728   0.026904929083
  0.039471455694   0.144917128166  -0.034109323195
 -0.021136216086   0.044999459083   0.004559021965
 -0.000523247915   0.001733747178   0.000065295664
 -0.009332445925   0.022232686860   0.007900610788
  0.004515544369  -0.007180598125   0.003137004441
 -0.002198227755  -0.004032497071   0.001807526787
 -0.002253853990   0.001343161008   0.000283253964
  0.021886278052   0.008601163377  -0.012279772021
  0.021870263414   0.094898629309  -0.018487671511
 -0.064164615009   0.203666353007   0.002042814331
 -0.002690931835   0.006722255251  -0.000230642070
    2    3  0.0000  0.0000  0.0080
 -0.012291264516   0.023855393163   0.014582325470
  0.152934785360   0.026897772355  -0.217726610911
 -0.027857914276  -0.017260967792   0.069888735617
  0.020154053427  -0.006620101971  -0.013172115285
 -0.000090352864  -0.001868979728   0.000073326434
  0.009775622770  -0.011041664234  -0.002484055908
  0.000225932078   0.006794081962   0.006695877961
 -0.002227788132  -0.009064884404   0.003342565154
 -0.003946804237   0.000732638818  -0.005348695362
 -0.012096166098  -0.009395056370   0.011412956095
 -0.089836279829  -0.013221236643   0.094025131085
 -0.037655686548   0.014485323397   0.045728689966
  0.002911862864  -0.004292318553  -0.007018130317
    3    1  0.0080  0.0000  0.0000
  0.000101217456  -0.006703730605   0.002638585530
  0.095067973534   0.039418260435  -0.027866285747
 -0.464254825953   0.072590347362   0.199239841589
  0.143526121388  -0.106977800736  -0.039283786008
  0.001297681887   0.002072174838  -0.003104960126
  0.000871943427  -0.003587512172  -0.002158904816
 -0.000732020800  -0.000216818619   0.001128527897
  0.199427327314   0.012030783965  -0.100025977543
 -0.008830546032   0.006426488489   0.000761741199
  0.032429613244  -0.024050899693  -0.018494241821
  0.010714464728   0.022570028247  -0.016935523940
 -0.011328897249  -0.015307220396   0.004746719855
  0.001709947055   0.001735898884  -0.000645736067
    3    2  0.0000  0.0080  0.0000
 -0.002103713158   0.033406081810  -0.002877815775
  0.009901936683   0.144889277955  -0.017237315180
  0.072652520379  -0.475914028940   0.013553794291
 -0.083047287056   0.238422624400   0.018192727058
  0.003115119767  -0.003153612070  -0.001749759189
 -0.002527437287   0.000723425781   0.000414657632
  0.001178423046  -0.000299747163  -0.001152110093
  0.010258402192   0.044700384168  -0.008964064687
 -0.011886554637   0.012881476354   0.003757349128
 -0.036948870288  -0.017301453463   0.020797766525
  0.032321205433  -0.012300693887  -0.017708636413
  0.004132221872   0.041051837244  -0.006526848858
  0.002954033055  -0.007105572190  -0.000499744440
    3    3  0.0000  0.0000  0.0080
  0.002080198188  -0.000845848411   0.002398851587
 -0.022983052926  -0.034076200199   0.069935091661
  0.199173153494   0.013543331299  -0.182962197748
 -0.043214279028   0.031202141091   0.061623737816
 -0.003227898962  -0.001153073851  -0.002138266367
 -0.002082987350   0.001158838896  -0.002436979351
  0.000288044793   0.000653725021   0.001130088919
 -0.099371108327  -0.010064218677   0.072252887719
  0.003242663120  -0.005832305286  -0.006598921966
 -0.016417045868   0.014154886236  -0.001752455582
 -0.018353879433  -0.012293326780  -0.003716351856
  0.001620847507   0.003292767294  -0.009015855424
 -0.000754655208   0.000259283365   0.001280370593
    4    1  0.0080  0.0000  0.0000
  0.005879108731   0.055519994493  -0.009843362758
 -0.035950879317  -0.021124330351   0.020176405195
  0.143519668471  -0.083029138258  -0.043244216329
 -0.411971381869   0.041746804428   0.157679592880
  0.011793316462   0.003188139175  -0.003902008053
 -0.001276255134   0.000596165051  -0.000508142822
  0.000612708746  -0.000265021732  -0.000171094495
  0.009764227514  -0.018280289069  -0.002008641835
  0.057033415283   0.050262239759  -0.020713171351
  0.191773697069  -0.012217868064  -0.083170569320
  0.024364327276  -0.013576668752  -0.010317865048
  0.003775023132   0.007244994781  -0.003296190902
  0.000683023635  -0.010065021461  -0.000680735164
    4    2  0.0000  0.0080  0.0000
  0.019208409090  -0.019509518964  -0.007391118020
  0.000949301440   0.044988456824  -0.006615874077
 -0.107048305296   0.238401300747   0.031238894489
  0.041731122663  -0.599674693261   0.043008417270
 -0.019237881532  -0.007282379741   0.011800501389
 -0.000157898011   0.000968459694   0.000275914582
 -0.000224561770   0.000193609766   0.000368695303
  0.002287575598  -0.005137614613  -0.000471292720
  0.047021635521   0.224434505181  -0.050387090813
  0.021034545024   0.112906073182  -0.021894988421
 -0.011006097537   0.004320054809   0.005425803751
  0.002308606272  -0.001750965174  -0.002343712950
  0.003133548537   0.007142711550  -0.003014149782
    4    3  0.0000  0.0000  0.0080
 -0.004974629308  -0.026659672090   0.007502510672
  0.017133568816   0.004569343673  -0.013163998209
 -0.039288294114   0.018157602222   0.061586910769
  0.157628897923   0.042952915347  -0.192793031271
 -0.000993300131  -0.000042103376   0.005659078475
  0.000042107405  -0.000529846371  -0.000971531552
 -0.000290639107   0.000232361333   0.000824985948
 -0.004947639376   0.010631902766   0.002201550141
 -0.020240174840  -0.052125334941   0.047983663388
 -0.087547055844  -0.004263575720   0.078018754188
 -0.010948356035   0.006770855716   0.005732875716
 -0.003180815078  -0.003661318942  -0.000285779273
 -0.002393670314   0.003966870382  -0.002295988992
    5    1  0.0080  0.0000  0.0000
 -0.010291852990   0.005894108415   0.005088094811
  0.000025099834  -0.000543895537  -0.000070940148
  0.001303651931   0.003087836270  -0.003193731434
  0.011839033846  -0.019241452986  -0.001037009028
 -0.133564875991   0.134151934822   0.047645995429
 -0.000016040731  -0.000088287639   0.000010710202
  0.000040407400   0.000043084501  -0.000049368064
 -0.000063593895  -0.000921235270  -0.000597065666
 -0.000092602497   0.000438031825   0.001056685298
  0.129150841436  -0.124853990209  -0.047884046921
 -0.000120203942   0.002902015676  -0.001486511833
 -0.000138781155   0.000360076042   0.000356195477
  0.001928916754  -0.001228225910   0.000160991877
    5    2  0.0000  0.0080  0.0000
 -0.017338468559   0.013152284397   0.007568498416
  0.003063684821   0.001744310205  -0.001858933563
  0.002072605804  -0.003152561588  -0.001163096012
  0.003163355199  -0.007252915092  -0.000028707534
  0.134185680265  -0.235602312869  -0.041343523169
  0.000196036105  -0.000037637443  -0.000038700898
 -0.000166532285   0.000033607322   0.000123730081
  0.000294857709  -0.000346127504  -0.000317882542
  0.000185992821  -0.000671393271   0.000244273144
 -0.127042242887   0.231092966974   0.037834035256
  0.000740822461   0.004886679261  -0.001344963457
 -0.000281701258  -0.000728281088   0.000158122798
  0.000925909803  -0.003118619303   0.000167147481
    5    3  0.0000  0.0000  0.0080
  0.008102249528  -0.004783635349  -0.002868313373
 -0.000555775703   0.000090496079   0.000070969612
 -0.003107587761  -0.001735585343  -0.002134342767
 -0.003890015133   0.011816844797   0.005676485676
  0.047630970526  -0.041335935069  -0.029920929157
 -0.000061909612  -0.000006265816   0.000087157563
  0.000090451113  -0.000021490215   0.000015972178
 -0.000782485767   0.000331091637  -0.001072397017
  0.001076887041   0.000129619460   0.001429913095
 -0.047609137106   0.036685922721   0.027829033629
 -0.001147129216  -0.002481399274  -0.001209666245
  0.000337880675  -0.000001091071   0.000248271106
 -0.000084398585   0.001311427443   0.001847845701
    6    1  0.0080  0.0000  0.0000
  0.000249555681   0.000315703178   0.000422907226
 -0.010296465377  -0.009352764405   0.009785023956
  0.000881886575  -0.002513337870  -0.002104998217
 -0.001292210582  -0.000155139805   0.000042681196
 -0.000021509342   0.000228186196  -0.000078579416
 -0.070880564409  -0.077112225747   0.056149441462
  0.002891149378   0.021160936352  -0.008212134245
  0.000022985886  -0.000084066974   0.000208477596
  0.000206037117  -0.000104415394   0.000128155459
  0.000368963099   0.000254781853  -0.000236229404
  0.000864283740   0.000364549628   0.000399697847
  0.076798191428   0.066911595693  -0.056297679653
  0.000207696806   0.000086197297  -0.000206763808
    6    2  0.0000  0.0080  0.0000
 -0.000596685645   0.000911710023   0.000898084529
  0.007585391708   0.022203329024  -0.011020064834
 -0.003597934733   0.000749475713   0.001144119010
  0.000588259130   0.000982221952  -0.000532009163
 -0.000082989712  -0.000025995181  -0.000024252282
 -0.077196941126  -0.259614166911   0.116595384868
 -0.002558228354  -0.004044766815   0.002853865071
  0.000183839763  -0.000161827975  -0.000022013215
 -0.000237060475   0.000253688107   0.000109167959
  0.000296010031  -0.000759454593  -0.000082703737
  0.003071981119  -0.003087115613  -0.000651357412
  0.072039301689   0.242783660903  -0.108926855679
  0.000505056605  -0.000190758633  -0.000341365115
    6    3  0.0000  0.0000  0.0080
 -0.000029088716   0.000190083710   0.000659715230
  0.003447537375   0.007895975533  -0.002456757598
 -0.002169203250   0.000413378582  -0.002434934303
 -0.000492429759   0.000269702878  -0.000968793257
  0.000011622521  -0.000049263555   0.000085961312
  0.056164863139   0.116526880182  -0.071683260482
  0.002517797437  -0.002961344080   0.004627711675
  0.000136986032   0.000077664909   0.000341820588
  0.000113681185   0.000117429626   0.000351018174
  0.000143657538  -0.000177929850  -0.000210958106
  0.001582994512   0.000335308168   0.001870795436
 -0.061419558260  -0.122517967914   0.069991128209
 -0.000008859754  -0.000119918189  -0.000173446878
    7    1  0.0080  0.0000  0.0000
 -0.001019338066   0.000360483093  -0.001359971068
  0.008616342653   0.004519001987   0.000225464391
 -0.000698195826   0.001179083924   0.000283353928
  0.000620956825  -0.000228757728  -0.000293984712
  0.000062694348  -0.000167003870   0.000098186821
  0.002934636955  -0.002552891027   0.002479820981
 -0.322969764419  -0.010250246215   0.096894800432
 -0.000314965773  -0.000142183656   0.000095263135
 -0.000018215111   0.000034654837   0.000021039022
 -0.000438446214  -0.000300330718   0.000331387938
  0.001227519009  -0.001991238445  -0.000502168963
  0.311828111697   0.009657425695  -0.098534775109
  0.000168663923  -0.000117997878   0.000261583205
    7    2  0.0000  0.0080  0.0000
 -0.000735992698  -0.001222897380   0.000549839208
 -0.021127930359  -0.007129161747   0.006785959598
 -0.000200075129  -0.000329827275   0.000647837165
 -0.000250209836   0.000190191174   0.000227986247
  0.000060562573   0.000024389826  -0.000031795094
  0.021150006488  -0.004081885731  -0.002948809366
 -0.010236896576  -0.048363067801   0.010240267909
  0.000330812121   0.000764123390  -0.000448805642
  0.000027716115  -0.000038345845  -0.000072858971
  0.000567347666   0.000339050567  -0.000323685949
 -0.002546498686   0.003579718007   0.000616935570
  0.013126926951   0.055819756482  -0.015266397179
 -0.000165768630   0.000447956333   0.000023526505
    7    3  0.0000  0.0000  0.0080
 -0.002060567470   0.000910640189  -0.002086246138
 -0.004744188812   0.003133621431   0.006671231464
  0.001133212291  -0.001158707494   0.001149192677
 -0.000165142542   0.000374455955   0.000839980114
 -0.000046787157   0.000130884974   0.000027589327
 -0.008221768995   0.002856113602   0.004651422296
  0.096823966191   0.010243404568  -0.035150092892
 -0.000342809821  -0.000340617524  -0.000516071041
 -0.000043716041  -0.000016864517  -0.000050934099
  0.000290697483  -0.000273197197  -0.000128573177
 -0.000396785673   0.000322603477  -0.001852423110
 -0.082785311073  -0.016089942738   0.026070243352
  0.000559201621  -0.000092394728   0.000374681227
    8    1  0.0080  0.0000  0.0000
 -0.000608634851   0.000493179409   0.000305405280
  0.005669763304  -0.002225547597  -0.002201129003
  0.199480176428   0.010267172882  -0.099417433005
  0.009745265278   0.002313347489  -0.004933969946
 -0.000051864625   0.000311265270  -0.000784457464
  0.000031022153   0.000177533609   0.000138523023
 -0.000330840813   0.000328746155  -0.000358146096
 -0.211302804564  -0.010324301900   0.107247624898
  0.000474236674   0.000127624148   0.001773041684
 -0.001959371298  -0.002633450220  -0.001748072165
 -0.001041728794   0.001335498280  -0.001094713544
 -0.000335737989  -0.000085623162   0.000944859356
  0.000230519096  -0.000085444363   0.000128466980
    8    2  0.0000  0.0080  0.0000
 -0.000777848217   0.002327065522   0.000113697236
  0.017988202619  -0.004044313478  -0.009037234166
  0.012017549547   0.044803377541  -0.010050409034
 -0.018248220653  -0.005133750740   0.010632328951
 -0.000905363899  -0.000345722976   0.000317543863
 -0.000093783761  -0.000181812382   0.000084087011
 -0.000125297568   0.000768180968  -0.000352864380
 -0.010353592994  -0.042880785096   0.009427510929
  0.000573410987  -0.000638138448   0.000258782906
 -0.002251922678   0.003040585033   0.000039919444
  0.002133404190   0.003926901749  -0.002012994441
 -0.000060691218  -0.000926510758   0.000484967824
  0.000104153644  -0.000715076935   0.000094663855
    8    3  0.0000  0.0000  0.0080
  0.000501939243  -0.000473113473  -0.000070528984
 -0.004689799871   0.001824924813   0.003376321513
 -0.099919208970  -0.008926383652   0.072328493614
 -0.001971336499  -0.000486732859   0.002235520265
 -0.000607135258  -0.000320076718  -0.001066526647
  0.000212760350  -0.000008323061   0.000342547367
  0.000089083172  -0.000449001103  -0.000529374279
  0.107190478235   0.009396867970  -0.073630177532
  0.001668832925   0.000505507005   0.002787272049
 -0.001802333364   0.000159534729  -0.004805856056
 -0.001208221457  -0.001559947511  -0.001919001687
  0.000466356944   0.000159144232   0.000565673496
  0.000068584549   0.000177599628   0.000385636879
    9    1  0.0080  0.0000  0.0000
  0.000453577366  -0.005247205444  -0.001577656559
  0.000582532276  -0.002233371572  -0.003942270969
 -0.008782327578  -0.011855170534   0.003267605206
  0.057098580425   0.046901026311  -0.020203906297
 -0.000093980410   0.000204019227   0.001079185717
  0.000210755484  -0.000228959115   0.000113445747
 -0.000029813672   0.000025559574  -0.000049530412
  0.000478353068   0.000577300129   0.001635646968
 -0.057929439237  -0.055114179978   0.027883051644
  0.007366360300   0.025246276505  -0.009011151314
 -0.000441898084   0.000713114908   0.000968242755
 -0.000534359687  -0.000447858652   0.000692408574
  0.001621659750   0.001459448639  -0.000855071058
    9    2  0.0000  0.0080  0.0000
 -0.000864001714  -0.002265859696   0.000246189656
 -0.003434731675   0.001395627034   0.000718627400
  0.006457599548   0.012818769136  -0.005839656334
  0.050291828999   0.224432769254  -0.052139780158
  0.000447999429  -0.000659056754   0.000117021675
 -0.000114230120   0.000254259031   0.000122202554
  0.000049537211  -0.000018572798  -0.000027662199
  0.000134382383  -0.000631520076   0.000498584034
 -0.055204776169  -0.235054759495   0.057641155908
  0.001348831650  -0.001067914296  -0.001018174072
 -0.000016892281  -0.000266622375   0.000251861550
  0.000621326385   0.000768808979  -0.000433570597
  0.000283126353   0.000294072055  -0.000136799417
    9    3  0.0000  0.0000  0.0080
 -0.002184242992   0.002516749350  -0.003036493329
 -0.003815741710   0.000290552430  -0.005341629553
  0.000773771413   0.003734455600  -0.006560848061
 -0.020694536040  -0.050305732992   0.048037667273
  0.001056511421   0.000242565492   0.001436995742
  0.000137531822   0.000119579303   0.000359705715
  0.000019623986  -0.000068979735  -0.000053708216
  0.001778851969   0.000267742648   0.002791050123
  0.027888917872   0.057545254527  -0.041223688178
 -0.005852975808  -0.013625571666   0.001482516219
  0.001076548209  -0.000147429369   0.001077616273
  0.000505312000   0.000173888031   0.000177399764
 -0.000689572142  -0.000743073618   0.000853416227
   10    1  0.0080  0.0000  0.0000
  0.078709100900  -0.037958820195  -0.014475425047
  0.021262498024   0.021903316822  -0.012100941544
  0.032459551049  -0.036917148434  -0.016419906982
  0.191788486567   0.021132940254  -0.087587384044
  0.129082040027  -0.127146734206  -0.047725649293
  0.000357271229   0.000310810230   0.000134156127
 -0.000435252060   0.000577016959   0.000283654916
 -0.001954930509  -0.002251028332  -0.001809227837
  0.007389226370   0.001392667527  -0.005857340697
 -0.459239665818   0.122226588172   0.204675337175
 -0.026994735821  -0.003945255372   0.009377835368
 -0.001562884305  -0.004867599587   0.000835444167
  0.029139294348   0.045543246162  -0.029330552310
   10    2  0.0000  0.0080  0.0000
 -0.004131059488   0.090952966728  -0.004320474385
  0.015796531235   0.008585348782  -0.009394090613
 -0.024043333465  -0.017301930614   0.014151457273
 -0.012229432648   0.112886376319  -0.004302652220
 -0.124983151844   0.231039646213   0.036748092073
  0.000264205555  -0.000774482192  -0.000179509503
 -0.000285457568   0.000342276446  -0.000285609420
 -0.002630657887   0.003029094730   0.000147015213
  0.025307854670  -0.001049823011  -0.013677380617
  0.122279037197  -0.478906149119  -0.006974033866
 -0.017548906206   0.044207473564   0.001717601913
 -0.004830503541   0.001968609724   0.003273801075
  0.027034873990   0.005020592429  -0.016904216922
   10    3  0.0000  0.0000  0.0080
 -0.019028588362   0.013796995654   0.049981218580
 -0.011375990623  -0.012299302541   0.011428176917
 -0.018492698498   0.020783906840  -0.001763323669
 -0.083163964753  -0.021922060351   0.077975626959
 -0.047943330802   0.037828746160   0.027709911338
 -0.000274149485  -0.000082800146  -0.000211793905
  0.000322724883  -0.000331728305  -0.000126768161
 -0.001742683753   0.000040407820  -0.004820473580
 -0.009059518009  -0.001044004255   0.001450834314
  0.204609716807  -0.007058329825  -0.148773957406
  0.011449841878  -0.005224953316  -0.015281215329
  0.001603710075   0.002276667514  -0.000392025693
 -0.026905069358  -0.026763545248   0.002823789635
   11    1  0.0080  0.0000  0.0000
  0.091843954002  -0.041989143605  -0.018034062402
  0.209804782032   0.021854340354  -0.089844829305
  0.010716312103   0.032352314132  -0.018367977804
  0.024363939901  -0.010984814887  -0.010913976960
 -0.000125562753   0.000769705423  -0.001114809285
  0.000854705049   0.003073118498   0.001580152608
  0.001163681013  -0.002565104225  -0.000366234290
 -0.001068271614   0.002118859335  -0.001178701368
 -0.000421064007  -0.000011108090   0.001081760945
 -0.026992120885  -0.017553235356   0.011441978688
 -0.395581271209   0.073744680910   0.176428100100
  0.041936850508  -0.022430919019  -0.026263124355
  0.043504065861  -0.038378693472  -0.024448276571
   11    2  0.0000  0.0080  0.0000
 -0.030943304425   0.142397682216   0.003740307481
  0.012597434197   0.094936535268  -0.013192769089
  0.022574052192  -0.012298762848  -0.012306258882
 -0.013588604441   0.004314804334   0.006778534438
  0.002909612476   0.004844448264  -0.002511419023
  0.000383220937  -0.003055632048   0.000325788372
 -0.001967248316   0.003569383751   0.000310798704
  0.001363401345   0.003927727938  -0.001582384531
  0.000709357594  -0.000274915366  -0.000159758089
 -0.003979379516   0.044168351377  -0.005214989547
  0.073788849488  -0.275896254893  -0.008983903203
 -0.037788175987  -0.003841391701   0.020444733630
 -0.026059215545  -0.002791976291   0.012351319740
   11    3  0.0000  0.0000  0.0080
 -0.020082770275   0.009877027571   0.056640023345
 -0.089092790851  -0.018426804720   0.093993999430
 -0.016964665645  -0.017715777441  -0.003691763794
 -0.010294576540   0.005418189105   0.005734280714
 -0.001477383035  -0.001341782360  -0.001199215711
  0.000403904374  -0.000639580197   0.001886007799
 -0.000475336848   0.000635013866  -0.001851052893
 -0.001079829876  -0.001998188310  -0.001913621842
  0.000971932083   0.000255985867   0.001094206080
  0.009394662655   0.001730461203  -0.015276453549
  0.176357479963  -0.008984337276  -0.139810081735
 -0.021725060020   0.012221775464   0.005647226690
 -0.025935565984   0.018968017227  -0.001253554534
   12    1  0.0080  0.0000  0.0000
 -0.004700117343   0.009733224435  -0.001852261931
  0.113851056584  -0.064096560073  -0.037670075777
 -0.011326154209   0.004104797292   0.001620806172
  0.003752327617   0.002281628998  -0.003181021678
 -0.000137017420  -0.000282736895   0.000341502303
  0.076760579834   0.071949099820  -0.061480104067
  0.311928128635   0.013176775060  -0.082939114004
 -0.000382701768  -0.000070270698   0.000463630481
 -0.000531044297   0.000593483187   0.000495866569
 -0.001565203477  -0.004864468988   0.001601884401
  0.041919116019  -0.037758028368  -0.021708737218
 -0.533037679185   0.007845082706   0.205503695206
  0.003468709010  -0.002612026476  -0.001196070456
   12    2  0.0000  0.0080  0.0000
  0.007990815445  -0.004527898685  -0.005068851192
 -0.054481858451   0.203707747959   0.014517031925
 -0.015294034936   0.040991316463   0.003325315856
  0.007248044924  -0.001740324314  -0.003669992629
  0.000360509832  -0.000721124090   0.000006283980
  0.067046776344   0.242844044760  -0.122689085371
  0.009617513892   0.055801272027  -0.016107464717
 -0.000072420196  -0.000902582134   0.000165929517
 -0.000452248371   0.000775870358   0.000175267032
 -0.004881557099   0.001979239470   0.002283423473
 -0.022442903390  -0.003784474604   0.012226195548
  0.007768435445  -0.534692496363   0.113361437692
 -0.002407073438   0.000269409154   0.001474508885
   12    3  0.0000  0.0000  0.0080
  0.000884537881  -0.007982562986  -0.004750396734
 -0.027307801764   0.002042215816   0.045765379255
  0.004711336974  -0.006508735298  -0.009009202755
 -0.003281902785  -0.002325859875  -0.000291722533
  0.000357748705   0.000153353713   0.000256710665
 -0.056380893330  -0.108945358115   0.069836910460
 -0.098591917104  -0.015312399600   0.025994024497
  0.000892104316   0.000478775526   0.000559820558
  0.000681981290  -0.000431553083   0.000180323993
  0.000833006978   0.003294460492  -0.000387401701
 -0.026249663317   0.020418751901   0.005624784247
  0.205551625847   0.113301761083  -0.135222711745
 -0.002100163690   0.001817150428   0.001443481794
   13    1  0.0080  0.0000  0.0000
  0.356499865565   0.002832525390  -0.159788935657
 -0.010408422543  -0.002701999320   0.002974205810
  0.001715016400   0.002963059847  -0.000736336339
  0.000683108570   0.003124777283  -0.002389804693
  0.001971531558   0.000939218872  -0.000099697308
  0.000189414242   0.000502727521   0.000015375824
  0.000159564090  -0.000163031776   0.000590115838
  0.000220282018   0.000108511190   0.000092826778
  0.001602560786   0.000283848407  -0.000661037817
  0.029077646867   0.027042911188  -0.026883940031
  0.043509580512  -0.026043021884  -0.025910731999
  0.003478381503  -0.002437570761  -0.002181500371
 -0.428698529566  -0.006451955957   0.214979459966
   13    2  0.0000  0.0080  0.0000
  0.005534476308   0.068447713627  -0.004619418658
  0.004520940082   0.006695796597  -0.004276713817
  0.001749623162  -0.007123160105   0.000250387253
 -0.010036703012   0.007153233146   0.003958390183
 -0.001209845100  -0.003118723295   0.001314121996
  0.000080707008  -0.000197549702  -0.000109502855
 -0.000117517382   0.000450597509  -0.000090262342
 -0.000083971671  -0.000716777604   0.000179056287
  0.001444977874   0.000269343574  -0.000739102910
  0.045482061769   0.005040349431  -0.026745364299
 -0.038346598662  -0.002771406533   0.018943073466
 -0.002595413435   0.000261663738   0.001805854108
 -0.006422736940  -0.074391080382   0.010129481588
   13    3  0.0000  0.0000  0.0080
 -0.160050675378  -0.003175429580   0.141186119835
  0.001726793910  -0.000232696033  -0.007000746261
 -0.000632143235  -0.000493338726   0.001291285101
 -0.000673919457  -0.002996234754  -0.002277093922
  0.000147439819   0.000165342651   0.001851344816
 -0.000199058440  -0.000327768531  -0.000160784884
  0.000264042159   0.000026786764   0.000377905370
  0.000136177289   0.000097801405   0.000386651520
 -0.000837027687  -0.000126080685   0.000840855306
 -0.029304541355  -0.016872041375   0.002816531140
 -0.024446854831   0.012352692425  -0.001297641225
 -0.001189276603   0.001473936837   0.001442165623
  0.215059043808   0.010107029602  -0.139456592421
