#  T(K)     E(eV/cell)    F(eV/cell)    Fc(eV/cell)   S(kB/cell)    Cv(kB/cell)
   10.00    7.59212431    7.59204458    0.44586770    0.09251763    0.29648022
   20.00    7.59323408    7.59170209    0.74838061    0.88889568    2.78331384
   30.00    7.59757301    7.59016415    0.99678514    2.86585747    7.49552989
   40.00    7.60628115    7.58650571    1.21005162    5.73707833   12.69162163
   50.00    7.61931167    7.58013895    1.39718968    9.09155538   17.43892966
   60.00    7.63612597    7.57078270    1.56350588   12.63787592   21.46267846
   70.00    7.65610707    7.55835253    1.71250662   16.20553443   24.81077249
   80.00    7.67873875    7.54287196    1.84668404   19.70823868   27.64340390
   90.00    7.70364901    7.52441504    1.96790151   23.11012553   30.12359299
  100.00    7.73059099    7.50307386    2.07760536   26.40210578   32.37569270
  110.00    7.75940568    7.47894227    2.17695106   29.58748080   34.48004543
  120.00    7.78998736    7.45210889    2.26688297   32.67410804   36.48195451
  130.00    7.82225852    7.42265508    2.34818750   35.67059348   38.40344367
  140.00    7.85615425    7.39065508    2.42152966   38.58471902   40.25312750
  150.00    7.89161385    7.35617697    2.48747919   41.42299423   42.03306371
  160.00    7.92857714    7.31928376    2.54652969   44.19070708   43.74292182
  170.00    7.96698349    7.28003433    2.59911295   46.89215031   45.38220683
  180.00    8.00677215    7.23848422    2.64560983   49.53087202   46.95123963
  190.00    8.04788310    7.19468615    2.68635882   52.10989056   48.45142340
  200.00    8.09025797    7.14869040    2.72166274   54.63185743   49.88514855
  210.00    8.13384081    7.10054509    2.75179408   57.09917162   51.25555018
  220.00    8.17857859    7.05029634    2.77699933   59.51405495   52.56623605
  230.00    8.22442147    6.99798843    2.79750257   61.87859916   53.82104269
  240.00    8.27132298    6.94366388    2.81350836   64.19479343   55.02384188
  250.00    8.31923995    6.88736351    2.82520422   66.46453966   56.17840061
  260.00    8.36813234    6.82912658    2.83276262   68.68966004   57.28828868
  270.00    8.41796313    6.76899077    2.83634279   70.87190058   58.35682479
  280.00    8.46869800    6.70699232    2.83609213   73.01293249   59.38705158
  290.00    8.52030515    6.64316603    2.83214753   75.11435292   60.38173119
  300.00    8.57275504    6.57754539    2.82463640   77.17768557   61.34335443
