#  T(K)     E(eV/cell)    F(eV/cell)    Fc(eV/cell)   S(kB/cell)    Cv(kB/cell)
   10.00   10.69140520   10.69129237    0.62210091    0.13094107    0.37681828
   20.00   10.69243990   10.69090954    1.05784058    0.88794870    2.30390156
   30.00   10.69576453   10.68954012    1.42323936    2.40769578    5.55955285
   40.00   10.70213602   10.68659231    1.74295868    4.50940500    9.22897611
   50.00   10.71160552   10.68167246    2.02871105    6.94713256   12.68668175
   60.00   10.72387821   10.67457658    2.28739501    9.53530341   15.72259408
   70.00   10.73858067   10.66522854    2.52356886   12.16015715   18.33486020
   80.00   10.75537839   10.65362640    2.74047240   14.75969440   20.60106845
   90.00   10.77401423   10.63980643    2.94052800   17.30452609   22.61654508
  100.00   10.79431034   10.62382122    3.12561591   19.78431975   24.46724419
  110.00   10.81615521   10.60572734    3.29723820   22.19908375   26.22066571
  120.00   10.83948722   10.58557885    3.45662258   24.55388581   27.92537370
  130.00   10.86427942   10.56342447    3.60479136   26.85581149   29.61388386
  140.00   10.89052729   10.53930652    3.74260906   29.11230718   31.30635095
  150.00   10.91823961   10.51326111    3.87081634   31.33034505   33.01397353
  160.00   10.94743195   10.48531866    3.99005489   33.51605881   34.74176419
  170.00   10.97812233   10.45550473    4.10088602   35.67463809   36.49065270
  180.00   11.01032836   10.42384080    4.20380485   37.81035651   38.25900997
  190.00   11.04406556   10.39034502    4.29925144   39.92666179   40.04371183
  200.00   11.07934636   10.35503289    4.38761943   42.02628811   41.84085631
  210.00   11.11617968   10.31791784    4.46926306   44.11136968   43.64623024
  220.00   11.15457079   10.27901166    4.54450278   46.18354522   45.45560034
  230.00   11.19452135   10.23832491    4.61362988   48.24404941   47.26488540
  240.00   11.23602961   10.19586723    4.67691031   50.29379040   49.07025055
  250.00   11.27909065   10.15164761    4.73458781   52.33341428   50.86815218
  260.00   11.32369663   10.10567457    4.78688663   54.36335798   52.65535324
  270.00   11.36983703   10.05795631    4.83401374   56.38389248   54.42892151
  280.00   11.41749896   10.00850088    4.87616078   58.39515786   56.18621905
  290.00   11.46666734    9.95731624    4.91350569   60.39719179   57.92488757
  300.00   11.51732522    9.90441036    4.94621411   62.38995260   59.64283260
