 10.          1.71506292 
 20.          1.71506292 
 30.          1.71506293 
 40.          1.71506347 
 50.          1.71506881 
 60.          1.71509185 
 70.         1.7151532 
 80.          1.71527553 
 90.          1.71547851 
 100.           1.71577707 
 110.           1.71618197 
 120.           1.71670116 
 130.           1.71734123 
 140.           1.71810838 
 150.           1.71900909 
 160.          1.7200503 
 170.           1.72123953 
 180.           1.72258472 
 190.           1.72409409 
 200.           1.72577591 
 210.           1.72763836 
 220.           1.72968925 
 230.           1.73193598 
 240.           1.73438533 
 250.           1.73704342 
 260.           1.73991561 
 270.          1.7430065 
 280.           1.74631989 
 290.           1.74985879 
 300.           1.75362546 
