#  T(K)     E(eV/cell)    F(eV/cell)    Fc(eV/cell)   S(kB/cell)    Cv(kB/cell)
   10.00    5.80530118    5.80519986    0.31054755    0.11757734    0.35032002
   20.00    5.80620433    5.80485554    0.52791475    0.78260149    1.90418965
   30.00    5.80875024    5.80370622    0.71011161    1.95110184    4.05062963
   40.00    5.81319967    5.80140671    0.86946879    3.42126787    6.25661808
   50.00    5.81947532    5.79776823    1.01184256    5.03797490    8.26680627
   60.00    5.82737208    5.79271015    1.14068215    6.70387639   10.01736462
   70.00    5.83666918    5.78621615    1.25826673    8.36399198   11.52197642
   80.00    5.84717000    5.77830516    1.36621617    9.98923008   12.81797769
   90.00    5.85871264    5.76901407    1.46574167   11.56558193   13.94665344
  100.00    5.87116965    5.75838776    1.55778335   13.08771530   14.94603144
  110.00    5.88444398    5.74647341    1.64309224   14.55520162   15.84839261
  120.00    5.89846367    5.73331727    1.72228219   15.97027276   16.67981306
  130.00    5.91317676    5.71896305    1.79586435   17.33648331   17.46062748
  140.00    5.92854660    5.70345110    1.86427099   18.65792066   18.20626857
  150.00    5.94454807    5.68681821    1.92787243   19.93875044   18.92819343
  160.00    5.96116452    5.66909764    1.98698952   21.18296743   19.63474827
  170.00    5.97838543    5.65031930    2.04190291   22.39427105   20.33190553
  180.00    5.99620461    5.63051011    2.09286016   23.57601454   21.02385611
  190.00    6.01461890    5.60969421    2.14008131   24.73119630   21.71346621
  200.00    6.03362715    5.58789332    2.18376316   25.86247390   22.40261946
  210.00    6.05322951    5.56512702    2.22408285   26.97218906   23.09246885
  220.00    6.07342687    5.54141297    2.26120058   28.06239695   23.78362064
  230.00    6.09422047    5.51676720    2.29526202   29.13489597   24.47626922
  240.00    6.11561156    5.49120428    2.32640013   30.19125618   25.17029735
  250.00    6.13760119    5.46473750    2.35473678   31.23284548   25.86535232
  260.00    6.16019004    5.43737908    2.38038410   32.26085331   26.56090546
  270.00    6.18337826    5.40914026    2.40344558   33.27631189   27.25630003
  280.00    6.20716540    5.38003147    2.42401702   34.28011519   27.95079052
  290.00    6.23155032    5.35006239    2.44218740   35.27303579   28.64357554
  300.00    6.25653121    5.31924213    2.45803956   36.25573995   29.33382538
