           -19.95000             0.00000
           -19.85000             0.00000
           -19.75000             0.00000
           -19.65000             0.00000
           -19.55000             0.00000
           -19.45000             0.00000
           -19.35000             0.00000
           -19.25000             0.00000
           -19.15000             0.00000
           -19.05000             0.00000
           -18.95000             0.00000
           -18.85000             0.00000
           -18.75000             0.00000
           -18.65000             0.00000
           -18.55000             0.00000
           -18.45000             0.00000
           -18.35000             0.00000
           -18.25000             0.00000
           -18.15000             0.00000
           -18.05000             0.00000
           -17.95000             0.00000
           -17.85000             0.00000
           -17.75000             0.00000
           -17.65000             0.00000
           -17.55000             0.00000
           -17.45000             0.00000
           -17.35000             0.00000
           -17.25000             0.00000
           -17.15000             0.00000
           -17.05000             0.00000
           -16.95000             0.00000
           -16.85000             0.00000
           -16.75000             0.00000
           -16.65000             0.00000
           -16.55000             0.00000
           -16.45000             0.00000
           -16.35000             0.00000
           -16.25000             0.00000
           -16.15000             0.00000
           -16.05000             0.00000
           -15.95000             0.00000
           -15.85000             0.00000
           -15.75000             0.00000
           -15.65000             0.00000
           -15.55000             0.00000
           -15.45000             0.00000
           -15.35000             0.00000
           -15.25000             0.00000
           -15.15000             0.00000
           -15.05000             0.00000
           -14.95000             0.00000
           -14.85000             0.00000
           -14.75000             0.00000
           -14.65000             0.00000
           -14.55000             0.00000
           -14.45000             0.00000
           -14.35000             0.00000
           -14.25000             0.00000
           -14.15000             0.00000
           -14.05000             0.00000
           -13.95000             0.00000
           -13.85000             0.00000
           -13.75000             0.00000
           -13.65000             0.00000
           -13.55000             0.00000
           -13.45000             0.00000
           -13.35000             0.00000
           -13.25000             0.00000
           -13.15000             0.00000
           -13.05000             0.00000
           -12.95000             0.00000
           -12.85000             0.00000
           -12.75000             0.00000
           -12.65000             0.00000
           -12.55000             0.00000
           -12.45000             0.00000
           -12.35000             0.00000
           -12.25000             0.00000
           -12.15000             0.00000
           -12.05000             0.00000
           -11.95000             0.00000
           -11.85000             0.00000
           -11.75000             0.00000
           -11.65000             0.00000
           -11.55000             0.00000
           -11.45000             0.00000
           -11.35000             0.00000
           -11.25000             0.00000
           -11.15000             0.00000
           -11.05000             0.00000
           -10.95000             0.00000
           -10.85000             0.00000
           -10.75000             0.00000
           -10.65000             0.00000
           -10.55000             0.00000
           -10.45000             0.00000
           -10.35000             0.00000
           -10.25000             0.00000
           -10.15000             0.00000
           -10.05000             0.00000
            -9.95000             0.00000
            -9.85000             0.00000
            -9.75000             0.00000
            -9.65000             0.00000
            -9.55000             0.00000
            -9.45000             0.00000
            -9.35000             0.00000
            -9.25000             0.00000
            -9.15000             0.00000
            -9.05000             0.00000
            -8.95000             0.00000
            -8.85000             0.00000
            -8.75000             0.00000
            -8.65000             0.00000
            -8.55000             0.00000
            -8.45000             0.00000
            -8.35000             0.00000
            -8.25000             0.00000
            -8.15000             0.00000
            -8.05000             0.00000
            -7.95000             0.00000
            -7.85000             0.00000
            -7.75000             0.00000
            -7.65000             0.00000
            -7.55000             0.00000
            -7.45000             0.00000
            -7.35000             0.00000
            -7.25000             0.00000
            -7.15000             0.00000
            -7.05000             0.00000
            -6.95000             0.00000
            -6.85000             0.00000
            -6.75000             0.00000
            -6.65000             0.00000
            -6.55000             0.00000
            -6.45000             0.00000
            -6.35000             0.00000
            -6.25000             0.00000
            -6.15000             0.00000
            -6.05000             0.00000
            -5.95000             0.00000
            -5.85000             0.00000
            -5.75000             0.00000
            -5.65000             0.00000
            -5.55000             0.00000
            -5.45000             0.00000
            -5.35000             0.00000
            -5.25000             0.00000
            -5.15000             0.00000
            -5.05000             0.00000
            -4.95000             0.00000
            -4.85000             0.00000
            -4.75000             0.00000
            -4.65000             0.00000
            -4.55000             0.00000
            -4.45000             0.00000
            -4.35000             0.00000
            -4.25000             0.00000
            -4.15000             0.00000
            -4.05000             0.00000
            -3.95000             0.00000
            -3.85000             0.00000
            -3.75000             0.00000
            -3.65000             0.00000
            -3.55000             0.00000
            -3.45000             0.00000
            -3.35000             0.00000
            -3.25000             0.00000
            -3.15000             0.00000
            -3.05000             0.00000
            -2.95000             0.00000
            -2.85000             0.00000
            -2.75000             0.00000
            -2.65000             0.00000
            -2.55000             0.00000
            -2.45000             0.00000
            -2.35000             0.00000
            -2.25000             0.00000
            -2.15000             0.00000
            -2.05000             0.00000
            -1.95000             0.00000
            -1.85000             0.00000
            -1.75000             0.00000
            -1.65000             0.00000
            -1.55000             0.00000
            -1.45000             0.00000
            -1.35000             0.00000
            -1.25000             0.00000
            -1.15000             0.00000
            -1.05000             0.00000
            -0.95000             0.00000
            -0.85000             0.00000
            -0.75000             0.00000
            -0.65000             0.00000
            -0.55000             0.00000
            -0.45000             0.00000
            -0.35000             0.00000
            -0.25000             0.00000
            -0.15000             0.00000
            -0.05000             0.00000
             0.05000             0.00000
             0.15000             0.00000
             0.25000             0.00000
             0.35000             0.00000
             0.45000             0.00667
             0.55000             0.00000
             0.65000             0.00000
             0.75000             0.00333
             0.85000             0.01000
             0.95000             0.01000
             1.05000             0.01000
             1.15000             0.00000
             1.25000             0.01000
             1.35000             0.02667
             1.45000             0.03000
             1.55000             0.00000
             1.65000             0.04000
             1.75000             0.02000
             1.85000             0.03000
             1.95000             0.07000
             2.05000             0.06667
             2.15000             0.02000
             2.25000             0.07333
             2.35000             0.14000
             2.45000             0.10333
             2.55000             0.14333
             2.65000             0.08000
             2.75000             0.05000
             2.85000             0.06667
             2.95000             0.06333
             3.05000             0.24333
             3.15000             0.17667
             3.25000             0.15000
             3.35000             0.08333
             3.45000             0.20000
             3.55000             0.16000
             3.65000             0.14333
             3.75000             0.09000
             3.85000             0.10000
             3.95000             0.10333
             4.05000             0.08000
             4.15000             0.08333
             4.25000             0.11333
             4.35000             0.09000
             4.45000             0.09667
             4.55000             0.05333
             4.65000             0.09000
             4.75000             0.14667
             4.85000             0.09333
             4.95000             0.04333
             5.05000             0.15000
             5.15000             0.19000
             5.25000             0.18333
             5.35000             0.05000
             5.45000             0.16333
             5.55000             0.32000
             5.65000             0.27667
             5.75000             0.23333
             5.85000             0.02000
             5.95000             0.00000
             6.05000             0.00000
             6.15000             0.00000
             6.25000             0.00000
             6.35000             0.00000
             6.45000             0.00000
             6.55000             0.00000
             6.65000             0.00000
             6.75000             0.00000
             6.85000             0.00000
             6.95000             0.00000
             7.05000             0.00000
             7.15000             0.00000
             7.25000             0.00000
             7.35000             0.00000
             7.45000             0.00000
             7.55000             0.00000
             7.65000             0.00000
             7.75000             0.00000
             7.85000             0.03000
             7.95000             0.13000
             8.05000             0.13667
             8.15000             0.13333
             8.25000             0.13333
             8.35000             0.11333
             8.45000             0.16000
             8.55000             0.10000
             8.65000             0.10667
             8.75000             0.15333
             8.85000             0.12000
             8.95000             0.09333
             9.05000             0.12000
             9.15000             0.06333
             9.25000             0.03667
             9.35000             0.01333
             9.45000             0.00000
             9.55000             0.01000
             9.65000             0.01000
             9.75000             0.00000
             9.85000             0.00333
             9.95000             0.00000
            10.05000             0.00000
            10.15000             0.01000
            10.25000             0.01667
            10.35000             0.02000
            10.45000             0.02000
            10.55000             0.05667
            10.65000             0.02000
            10.75000             0.04000
            10.85000             0.07333
            10.95000             0.11333
            11.05000             0.06000
            11.15000             0.11000
            11.25000             0.06000
            11.35000             0.09333
            11.45000             0.06333
            11.55000             0.04000
            11.65000             0.01000
            11.75000             0.03000
            11.85000             0.01667
            11.95000             0.06667
            12.05000             0.09000
            12.15000             0.13000
            12.25000             0.13667
            12.35000             0.18000
            12.45000             0.08667
            12.55000             0.06000
            12.65000             0.07667
            12.75000             0.01333
            12.85000             0.00000
            12.95000             0.00000
            13.05000             0.01000
            13.15000             0.03000
            13.25000             0.02000
            13.35000             0.00000
            13.45000             0.01333
            13.55000             0.03000
            13.65000             0.02000
            13.75000             0.02000
            13.85000             0.01000
            13.95000             0.05000
            14.05000             0.03000
            14.15000             0.02000
            14.25000             0.03000
            14.35000             0.03000
            14.45000             0.06333
            14.55000             0.06000
            14.65000             0.05000
            14.75000             0.05000
            14.85000             0.09000
            14.95000             0.05000
            15.05000             0.01667
            15.15000             0.03000
            15.25000             0.01000
            15.35000             0.01000
            15.45000             0.02000
            15.55000             0.01667
            15.65000             0.00000
            15.75000             0.00333
            15.85000             0.00000
            15.95000             0.01000
            16.05000             0.00000
            16.15000             0.00000
            16.25000             0.01000
            16.35000             0.00000
            16.45000             0.00000
            16.55000             0.00333
            16.65000             0.00333
            16.75000             0.00000
            16.85000             0.00333
            16.95000             0.00000
            17.05000             0.02000
            17.15000             0.00000
            17.25000             0.01000
            17.35000             0.00333
            17.45000             0.02333
            17.55000             0.05000
            17.65000             0.02667
            17.75000             0.08333
            17.85000             0.08000
            17.95000             0.06333
            18.05000             0.11000
            18.15000             0.03000
            18.25000             0.09000
            18.35000             0.05000
            18.45000             0.05333
            18.55000             0.08333
            18.65000             0.05000
            18.75000             0.00000
            18.85000             0.00000
            18.95000             0.00000
            19.05000             0.00000
            19.15000             0.00000
            19.25000             0.00000
            19.35000             0.00000
            19.45000             0.00000
            19.55000             0.00000
            19.65000             0.00000
            19.75000             0.00000
            19.85000             0.00000
            19.95000             0.00000
            20.05000             0.00000
            20.15000             0.00000
            20.25000             0.00000
            20.35000             0.00000
            20.45000             0.00000
            20.55000             0.00000
            20.65000             0.00000
            20.75000             0.00000
            20.85000             0.00000
            20.95000             0.00000
            21.05000             0.00000
            21.15000             0.00000
            21.25000             0.00000
            21.35000             0.00000
            21.45000             0.00000
            21.55000             0.00000
            21.65000             0.00000
            21.75000             0.00000
            21.85000             0.00000
            21.95000             0.00000
            22.05000             0.00000
            22.15000             0.00000
            22.25000             0.00000
            22.35000             0.00000
            22.45000             0.00000
            22.55000             0.00000
            22.65000             0.00000
            22.75000             0.00000
            22.85000             0.00000
            22.95000             0.00000
            23.05000             0.00000
            23.15000             0.00000
            23.25000             0.00000
            23.35000             0.00000
            23.45000             0.00000
            23.55000             0.00000
            23.65000             0.00000
            23.75000             0.00000
            23.85000             0.00000
            23.95000             0.00000
            24.05000             0.00000
            24.15000             0.00000
            24.25000             0.00000
            24.35000             0.00000
            24.45000             0.00000
            24.55000             0.00000
            24.65000             0.00000
            24.75000             0.00000
            24.85000             0.00000
            24.95000             0.00000
            25.05000             0.00000
            25.15000             0.00000
            25.25000             0.00000
            25.35000             0.00000
            25.45000             0.00000
            25.55000             0.00000
            25.65000             0.00000
            25.75000             0.00000
            25.85000             0.00000
            25.95000             0.00000
            26.05000             0.00000
            26.15000             0.00000
            26.25000             0.00000
            26.35000             0.00000
            26.45000             0.00000
            26.55000             0.00000
            26.65000             0.00000
            26.75000             0.00000
            26.85000             0.00000
            26.95000             0.00000
            27.05000             0.00000
            27.15000             0.00000
            27.25000             0.00000
            27.35000             0.00000
            27.45000             0.00000
            27.55000             0.00000
            27.65000             0.00000
            27.75000             0.00000
            27.85000             0.00000
            27.95000             0.00000
            28.05000             0.00000
            28.15000             0.00000
            28.25000             0.00000
            28.35000             0.00000
            28.45000             0.00000
            28.55000             0.00000
            28.65000             0.00000
            28.75000             0.00000
            28.85000             0.00000
            28.95000             0.00000
            29.05000             0.00000
            29.15000             0.00000
            29.25000             0.00000
            29.35000             0.00000
            29.45000             0.00000
            29.55000             0.00000
            29.65000             0.00000
            29.75000             0.00000
            29.85000             0.00000
            29.95000             0.00000
