    2    4   12
 14.001  1.000
    1    1  0.0080  0.0000  0.0000
 -0.363740944621   0.102896391906   0.102974050374
  0.222673680187   0.067804570217  -0.094323153564
  0.060991747082  -0.042518125841   0.054126140046
  0.080075517352  -0.128182836283  -0.062777036855
    1    2  0.0000  0.0080  0.0000
  0.103059773140  -0.363738163983   0.102847305564
  0.054087431120   0.060973347828  -0.042493814527
 -0.062801758282   0.080077729386  -0.128182189441
 -0.094345445978   0.222687086769   0.067828698404
    1    3  0.0000  0.0000  0.0080
  0.102853905793   0.103049788118  -0.363742282358
 -0.128186660862  -0.062796148046   0.080082054773
  0.067829457187  -0.094348902844   0.222683112055
 -0.042496702119   0.054095262772   0.060977115530
    2    1  0.0080  0.0000  0.0000
  0.222714419719   0.054166126584  -0.128225936800
 -0.229951046268  -0.060261634509   0.124921483389
 -0.006765096727  -0.002474985247   0.008559172005
  0.014001723277   0.008570493172  -0.005254718594
    2    2  0.0000  0.0080  0.0000
  0.067782652279   0.060988923247  -0.062741152829
 -0.060210254028  -0.059837077819   0.052595806828
  0.015404079524   0.005619400397  -0.005261358350
 -0.022976477775  -0.006771245825   0.015406704352
    2    3  0.0000  0.0000  0.0080
 -0.094279865166  -0.042523738097   0.080120460063
  0.124866663105   0.052620476322  -0.099715942747
 -0.022968078034  -0.007625360104   0.013992091527
 -0.007618719905  -0.002471378121   0.005603391157
    3    1  0.0080  0.0000  0.0000
  0.060984209573  -0.062750406998   0.067801631417
 -0.006767438672   0.015396909700  -0.022978006052
 -0.059834526681   0.052601945907  -0.060228147647
  0.005617755780  -0.005248448609   0.015404522282
    3    2  0.0000  0.0080  0.0000
 -0.042528435336   0.080115969191  -0.094278842266
 -0.002471204451   0.005602827506  -0.007618336849
  0.052625433161  -0.099710128610   0.124865478967
 -0.007625793375   0.013991331914  -0.022968299852
    3    3  0.0000  0.0000  0.0080
  0.054199744635  -0.128247892396   0.222698747020
  0.008567381692  -0.005252392827   0.014007403698
 -0.060283536876   0.124935976934  -0.229954367710
 -0.002483589450   0.008564308289  -0.006751783008
    4    1  0.0080  0.0000  0.0000
  0.080102225340  -0.094236754471  -0.042514740528
  0.013982625564  -0.022971281504  -0.007628731071
  0.005612634299  -0.007635211324  -0.002464102360
 -0.099697485203   0.124843247300   0.052607573959
    4    2  0.0000  0.0080  0.0000
 -0.128245827141   0.222702554089   0.054197463255
  0.008563717420  -0.006751196926  -0.002483384890
 -0.005250892429   0.014006673065   0.008566951307
  0.124933002150  -0.229958030228  -0.060281029672
    4    3  0.0000  0.0000  0.0080
 -0.062741097794   0.067791078229   0.060991908277
 -0.005260549174   0.015404592704   0.005619889246
  0.015405512765  -0.022976951251  -0.006771600658
  0.052596134203  -0.060218719682  -0.059840196865
