1 0.0007826849580720711
1 0.000624840408362659
1 3.7424698111467505e-05
1 2.4022849572456923e-06
1 2.2081734120578316e-06
1 1.089686321600368e-06
0 0.040820104244542355
0 0.052012984062493446
0 0.0752142809167493
0 0.0873351990887545
0 0.09366400220641515
0 0.09662355196240145
0 0.11399753471871728
0 0.11947170727681049
0 0.12061380600223272
0 0.12368361785118616
0 0.12540972723184696
0 0.1313625166444859
0 0.14028242452665315
0 0.143222653821143
0 0.15187171333963223
0 0.16883410345504402
0 0.1756702373970175
0 0.1834929018821414
0 0.1848443136415882
0 0.19098312692552247
0 0.38137650667804746
0 0.3814412611495134
0 0.38321044968348283
0 0.3837207186276322
