#  T(K)     E(eV/cell)    F(eV/cell)    Fc(eV/cell)   S(kB/cell)    Cv(kB/cell)
    0.00           NaN    6.70559357           NaN           NaN           NaN
   10.00    6.70572728    6.70554671    0.37132778    0.20954121    0.60063794
   20.00    6.70721718    6.70496127    0.62817242    1.30892821    3.10678475
   30.00    6.71135283    6.70306094    0.84180612    3.20742551    6.56783913
   40.00    6.71855467    6.69929570    1.02737856    5.58724098   10.10615986
   50.00    6.72865079    6.69336874    1.19208485    8.18857567   13.23961219
   60.00    6.74121740    6.68516917    1.34016281   10.84014536   15.83735227
   70.00    6.75580398    6.67469980    1.47441263   13.44527511   17.94192079
   80.00    6.77202659    6.66202378    1.59682455   15.95652258   19.65202002
   90.00    6.78958976    6.64723151    1.70888666   18.35543233   21.06898510
  100.00    6.80827879    6.63042172    1.81175399   20.63932979   22.27735207
  110.00    6.82794291    6.61169167    1.90634930   22.81341955   23.34110580
  120.00    6.84847843    6.59113239    1.99342676   24.88632156   24.30614448
  130.00    6.86981491    6.56882695    2.07361439   26.86768445   25.20443694
  140.00    6.89190490    6.54485011    2.14744327   28.76699361   26.05795986
  150.00    6.91471673    6.51926873    2.21536840   30.59303665   26.88180098
  160.00    6.93822957    6.49214248    2.27778397   32.35371397   27.68638745
  170.00    6.96243017    6.46352461    2.33503479   34.05601983   28.47900049
  180.00    6.98731053    6.43346270    2.38742503   35.70609998   29.26477116
  190.00    7.01286642    6.40199941    2.43522502   37.30933747   30.04732372
  200.00    7.03909621    6.36917301    2.47867657   38.87044325   30.82919025
  210.00    7.06600012    6.33501800    2.51799728   40.39354114   31.61208168
  220.00    7.09357952    6.29956554    2.55338403   41.88224342   32.39707090
  230.00    7.12183650    6.26284388    2.58501575   43.33971649   33.18472282
  240.00    7.15077345    6.22487870    2.61305582   44.76873736   33.97519280
  250.00    7.18039273    6.18569345    2.63765396   46.17174219   34.76830564
  260.00    7.21069646    6.14530961    2.65894794   47.55086817   35.56362230
  270.00    7.24168627    6.10374694    2.67706489   48.90798981   36.36049795
  280.00    7.27336317    6.06102366    2.69212255   50.24475063   37.15813318
  290.00    7.30572742    6.01715669    2.70423022   51.56259099   37.95561931
