           -19.95000             0.00000
           -19.85000             0.00000
           -19.75000             0.00000
           -19.65000             0.00000
           -19.55000             0.00000
           -19.45000             0.00000
           -19.35000             0.00000
           -19.25000             0.00000
           -19.15000             0.00000
           -19.05000             0.00000
           -18.95000             0.00000
           -18.85000             0.00000
           -18.75000             0.00000
           -18.65000             0.00000
           -18.55000             0.00000
           -18.45000             0.00000
           -18.35000             0.00000
           -18.25000             0.00000
           -18.15000             0.00000
           -18.05000             0.00000
           -17.95000             0.00000
           -17.85000             0.00000
           -17.75000             0.00000
           -17.65000             0.00000
           -17.55000             0.00000
           -17.45000             0.00000
           -17.35000             0.00000
           -17.25000             0.00000
           -17.15000             0.00000
           -17.05000             0.00000
           -16.95000             0.00000
           -16.85000             0.00000
           -16.75000             0.00000
           -16.65000             0.00000
           -16.55000             0.00000
           -16.45000             0.00000
           -16.35000             0.00000
           -16.25000             0.00000
           -16.15000             0.00000
           -16.05000             0.00000
           -15.95000             0.00000
           -15.85000             0.00000
           -15.75000             0.00000
           -15.65000             0.00000
           -15.55000             0.00000
           -15.45000             0.00000
           -15.35000             0.00000
           -15.25000             0.00000
           -15.15000             0.00000
           -15.05000             0.00000
           -14.95000             0.00000
           -14.85000             0.00000
           -14.75000             0.00000
           -14.65000             0.00000
           -14.55000             0.00000
           -14.45000             0.00000
           -14.35000             0.00000
           -14.25000             0.00000
           -14.15000             0.00000
           -14.05000             0.00000
           -13.95000             0.00000
           -13.85000             0.00000
           -13.75000             0.00000
           -13.65000             0.00000
           -13.55000             0.00000
           -13.45000             0.00000
           -13.35000             0.00000
           -13.25000             0.00000
           -13.15000             0.00000
           -13.05000             0.00000
           -12.95000             0.00000
           -12.85000             0.00000
           -12.75000             0.00000
           -12.65000             0.00000
           -12.55000             0.00000
           -12.45000             0.00000
           -12.35000             0.00000
           -12.25000             0.00000
           -12.15000             0.00000
           -12.05000             0.00000
           -11.95000             0.00000
           -11.85000             0.00000
           -11.75000             0.00000
           -11.65000             0.00000
           -11.55000             0.00000
           -11.45000             0.00000
           -11.35000             0.00000
           -11.25000             0.00000
           -11.15000             0.00000
           -11.05000             0.00000
           -10.95000             0.00000
           -10.85000             0.00000
           -10.75000             0.00000
           -10.65000             0.00000
           -10.55000             0.00000
           -10.45000             0.00000
           -10.35000             0.00000
           -10.25000             0.00000
           -10.15000             0.00000
           -10.05000             0.00000
            -9.95000             0.00000
            -9.85000             0.00000
            -9.75000             0.00000
            -9.65000             0.00000
            -9.55000             0.00000
            -9.45000             0.00000
            -9.35000             0.00000
            -9.25000             0.00000
            -9.15000             0.00000
            -9.05000             0.00000
            -8.95000             0.00000
            -8.85000             0.00000
            -8.75000             0.00000
            -8.65000             0.00000
            -8.55000             0.00000
            -8.45000             0.00000
            -8.35000             0.00000
            -8.25000             0.00000
            -8.15000             0.00000
            -8.05000             0.00000
            -7.95000             0.00000
            -7.85000             0.00000
            -7.75000             0.00000
            -7.65000             0.00000
            -7.55000             0.00000
            -7.45000             0.00000
            -7.35000             0.00000
            -7.25000             0.00000
            -7.15000             0.00000
            -7.05000             0.00000
            -6.95000             0.00000
            -6.85000             0.00000
            -6.75000             0.00000
            -6.65000             0.00000
            -6.55000             0.00000
            -6.45000             0.00000
            -6.35000             0.00000
            -6.25000             0.00000
            -6.15000             0.00000
            -6.05000             0.00000
            -5.95000             0.00000
            -5.85000             0.00000
            -5.75000             0.00000
            -5.65000             0.00000
            -5.55000             0.00000
            -5.45000             0.00000
            -5.35000             0.00000
            -5.25000             0.00000
            -5.15000             0.00000
            -5.05000             0.00000
            -4.95000             0.00000
            -4.85000             0.00000
            -4.75000             0.00000
            -4.65000             0.00000
            -4.55000             0.00000
            -4.45000             0.00000
            -4.35000             0.00000
            -4.25000             0.00000
            -4.15000             0.00000
            -4.05000             0.00000
            -3.95000             0.00000
            -3.85000             0.00000
            -3.75000             0.00000
            -3.65000             0.00000
            -3.55000             0.00000
            -3.45000             0.00000
            -3.35000             0.00000
            -3.25000             0.00000
            -3.15000             0.00000
            -3.05000             0.00000
            -2.95000             0.00000
            -2.85000             0.00000
            -2.75000             0.00000
            -2.65000             0.00000
            -2.55000             0.00000
            -2.45000             0.00000
            -2.35000             0.00000
            -2.25000             0.00000
            -2.15000             0.00000
            -2.05000             0.00000
            -1.95000             0.00000
            -1.85000             0.00000
            -1.75000             0.00000
            -1.65000             0.00000
            -1.55000             0.00000
            -1.45000             0.00000
            -1.35000             0.00000
            -1.25000             0.00000
            -1.15000             0.00000
            -1.05000             0.00000
            -0.95000             0.00000
            -0.85000             0.00000
            -0.75000             0.00000
            -0.65000             0.00000
            -0.55000             0.00000
            -0.45000             0.00000
            -0.35000             0.00000
            -0.25000             0.00000
            -0.15000             0.00000
            -0.05000             0.00000
             0.05000             0.00005
             0.15000             0.00023
             0.25000             0.00065
             0.35000             0.00144
             0.45000             0.00218
             0.55000             0.00273
             0.65000             0.00398
             0.75000             0.00458
             0.85000             0.00639
             0.95000             0.00755
             1.05000             0.00977
             1.15000             0.01046
             1.25000             0.01315
             1.35000             0.01505
             1.45000             0.01833
             1.55000             0.02181
             1.65000             0.02741
             1.75000             0.03384
             1.85000             0.04125
             1.95000             0.05005
             2.05000             0.05144
             2.15000             0.05130
             2.25000             0.05264
             2.35000             0.06481
             2.45000             0.06560
             2.55000             0.07583
             2.65000             0.09185
             2.75000             0.10597
             2.85000             0.11991
             2.95000             0.13347
             3.05000             0.13014
             3.15000             0.13403
             3.25000             0.13384
             3.35000             0.11569
             3.45000             0.11255
             3.55000             0.15255
             3.65000             0.13769
             3.75000             0.15241
             3.85000             0.19625
             3.95000             0.17718
             4.05000             0.20222
             4.15000             0.15565
             4.25000             0.11787
             4.35000             0.07194
             4.45000             0.08000
             4.55000             0.11644
             4.65000             0.13366
             4.75000             0.05407
             4.85000             0.00829
             4.95000             0.02102
             5.05000             0.04468
             5.15000             0.07815
             5.25000             0.06880
             5.35000             0.07292
             5.45000             0.12130
             5.55000             0.21083
             5.65000             0.07755
             5.75000             0.02190
             5.85000             0.01519
             5.95000             0.01773
             6.05000             0.01421
             6.15000             0.01972
             6.25000             0.02380
             6.35000             0.02245
             6.45000             0.02398
             6.55000             0.02333
             6.65000             0.02088
             6.75000             0.01042
             6.85000             0.00000
             6.95000             0.00000
             7.05000             0.00000
             7.15000             0.00000
             7.25000             0.00000
             7.35000             0.00000
             7.45000             0.00000
             7.55000             0.00000
             7.65000             0.00000
             7.75000             0.00000
             7.85000             0.00000
             7.95000             0.00000
             8.05000             0.00000
             8.15000             0.00000
             8.25000             0.00000
             8.35000             0.00000
             8.45000             0.00000
             8.55000             0.00000
             8.65000             0.00000
             8.75000             0.00000
             8.85000             0.00000
             8.95000             0.00000
             9.05000             0.00000
             9.15000             0.00000
             9.25000             0.00000
             9.35000             0.00000
             9.45000             0.00000
             9.55000             0.00000
             9.65000             0.00000
             9.75000             0.03185
             9.85000             0.08111
             9.95000             0.07042
            10.05000             0.06079
            10.15000             0.04255
            10.25000             0.03801
            10.35000             0.03648
            10.45000             0.03662
            10.55000             0.03671
            10.65000             0.04157
            10.75000             0.04620
            10.85000             0.05602
            10.95000             0.04292
            11.05000             0.00375
            11.15000             0.00000
            11.25000             0.00000
            11.35000             0.00000
            11.45000             0.00000
            11.55000             0.00000
            11.65000             0.00000
            11.75000             0.00000
            11.85000             0.00000
            11.95000             0.00000
            12.05000             0.00000
            12.15000             0.00000
            12.25000             0.00000
            12.35000             0.00000
            12.45000             0.00000
            12.55000             0.00000
            12.65000             0.00000
            12.75000             0.00000
            12.85000             0.00079
            12.95000             0.01088
            13.05000             0.02662
            13.15000             0.04019
            13.25000             0.05796
            13.35000             0.04120
            13.45000             0.03718
            13.55000             0.03602
            13.65000             0.03921
            13.75000             0.04222
            13.85000             0.04815
            13.95000             0.07060
            14.05000             0.13509
            14.15000             0.16426
            14.25000             0.07458
            14.35000             0.05380
            14.45000             0.04755
            14.55000             0.04690
            14.65000             0.04995
            14.75000             0.06194
            14.85000             0.07505
            14.95000             0.06560
            15.05000             0.02426
            15.15000             0.00000
            15.25000             0.00000
            15.35000             0.00000
            15.45000             0.00000
            15.55000             0.00000
            15.65000             0.00000
            15.75000             0.00000
            15.85000             0.00000
            15.95000             0.00000
            16.05000             0.05787
            16.15000             0.07764
            16.25000             0.04889
            16.35000             0.04273
            16.45000             0.04000
            16.55000             0.03773
            16.65000             0.03898
            16.75000             0.04088
            16.85000             0.04435
            16.95000             0.05889
            17.05000             0.08472
            17.15000             0.04412
            17.25000             0.00819
            17.35000             0.00000
            17.45000             0.00000
            17.55000             0.00000
            17.65000             0.00000
            17.75000             0.00000
            17.85000             0.00000
            17.95000             0.00000
            18.05000             0.00000
            18.15000             0.00000
            18.25000             0.00000
            18.35000             0.00000
            18.45000             0.00000
            18.55000             0.00000
            18.65000             0.00000
            18.75000             0.00000
            18.85000             0.00000
            18.95000             0.00000
            19.05000             0.00000
            19.15000             0.00000
            19.25000             0.00000
            19.35000             0.00000
            19.45000             0.00000
            19.55000             0.00000
            19.65000             0.00750
            19.75000             0.05440
            19.85000             0.08394
            19.95000             0.05523
            20.05000             0.04639
            20.15000             0.04204
            20.25000             0.04139
            20.35000             0.04185
            20.45000             0.04463
            20.55000             0.05412
            20.65000             0.08528
            20.75000             0.04380
            20.85000             0.01875
            20.95000             0.00569
            21.05000             0.00000
            21.15000             0.00000
            21.25000             0.00000
            21.35000             0.00000
            21.45000             0.00000
            21.55000             0.00000
            21.65000             0.00000
            21.75000             0.00000
            21.85000             0.00000
            21.95000             0.00000
            22.05000             0.00000
            22.15000             0.00000
            22.25000             0.00000
            22.35000             0.00000
            22.45000             0.00000
            22.55000             0.00000
            22.65000             0.00000
            22.75000             0.00000
            22.85000             0.00000
            22.95000             0.00000
            23.05000             0.00000
            23.15000             0.00000
            23.25000             0.00000
            23.35000             0.00000
            23.45000             0.00000
            23.55000             0.00769
            23.65000             0.30389
            23.75000             0.20505
            23.85000             0.10838
            23.95000             0.00000
            24.05000             0.03954
            24.15000             0.19486
            24.25000             0.14213
            24.35000             0.18727
            24.45000             0.06120
            24.55000             0.00370
            24.65000             0.01995
            24.75000             0.03222
            24.85000             0.03792
            24.95000             0.04574
            25.05000             0.05505
            25.15000             0.06708
            25.25000             0.08088
            25.35000             0.09338
            25.45000             0.07019
            25.55000             0.04981
            25.65000             0.03648
            25.75000             0.02278
            25.85000             0.01088
            25.95000             0.00958
            26.05000             0.01491
            26.15000             0.02421
            26.25000             0.03597
            26.35000             0.04778
            26.45000             0.05370
            26.55000             0.06245
            26.65000             0.07134
            26.75000             0.05903
            26.85000             0.05333
            26.95000             0.05389
            27.05000             0.04667
            27.15000             0.03264
            27.25000             0.02560
            27.35000             0.02069
            27.45000             0.01213
            27.55000             0.00000
            27.65000             0.00000
            27.75000             0.00000
            27.85000             0.00000
            27.95000             0.00000
            28.05000             0.00000
            28.15000             0.00000
            28.25000             0.00000
            28.35000             0.00000
            28.45000             0.00000
            28.55000             0.00000
            28.65000             0.00000
            28.75000             0.00000
            28.85000             0.00000
            28.95000             0.00000
            29.05000             0.00000
            29.15000             0.00000
            29.25000             0.00000
            29.35000             0.00000
            29.45000             0.00000
            29.55000             0.00000
            29.65000             0.00000
            29.75000             0.00000
            29.85000             0.00000
            29.95000             0.00000
