10
1  0.00164545  0.00000000  0.00000000
     0.15577116      0.03132445     -0.16771276
     0.00001461      0.00002489     -0.00006332
     0.00002450      0.00000682     -0.00002070
    -0.00001528     -0.00000561      0.00003956
     0.00003358      0.00020475      0.00008162
     0.00000034      0.00002014     -0.00000225
     0.00002915      0.00004216      0.00000360
     0.00002692     -0.00003747     -0.00000682
     0.00064552      0.00006016     -0.00013710
     0.00009909      0.00044095      0.00041177
     0.00001461     -0.00007750     -0.00001722
     0.00004100      0.00001374     -0.00001251
     0.00001415     -0.00000789      0.00000797
     0.00002934     -0.00005365     -0.00000186
     0.00001744     -0.00002638     -0.00001939
     0.00004937     -0.00002859     -0.00004770
    -0.00016327     -0.00001920      0.00015688
     0.00014468     -0.00004059     -0.00017734
     0.00000293     -0.00006571      0.00007386
     0.00000432      0.00002494     -0.00007114
    -0.00001040      0.00015774     -0.00012715
     0.00002895      0.00001291     -0.00002444
     0.00017270     -0.00000501      0.00001230
    -0.00010007      0.00000609      0.00004623
    -0.00237602     -0.00231951      0.00218507
    -0.00001933     -0.00024356     -0.00002183
    -0.00003302      0.00003841      0.00000602
     0.00000157      0.00000511     -0.00004257
    -0.00010990     -0.00011663     -0.00000538
     0.00013015      0.00001401     -0.00010700
     0.00004093      0.00008511      0.00007627
     0.00001733     -0.00004823     -0.00001380
    -0.00026933      0.00103827     -0.00101613
     0.00004774      0.00004720     -0.00012638
    -0.00007696      0.00008684      0.00004785
    -0.00000736      0.00000067     -0.00000252
     0.00007811     -0.00000833      0.00004783
    -0.00001757     -0.00001950     -0.00006706
     0.00003678      0.00005879     -0.00003756
     0.00005434     -0.00003099      0.00004518
     0.00033476      0.00000558     -0.00008246
     0.00001164      0.00006694     -0.00000111
     0.00004302     -0.00001818      0.00000291
     0.00003386     -0.00004566     -0.00003441
     0.00011774     -0.00006040     -0.00000990
    -0.00000508     -0.00003669     -0.00006015
     0.00010652      0.00000590      0.00002747
    -0.00001844      0.00002115     -0.00002790
     0.00015151      0.00001503      0.00002706
    -0.00055635      0.00041352     -0.00015893
     0.00002291     -0.00001778      0.00001205
     0.00004471     -0.00000032      0.00010883
    -0.00001199     -0.00005759      0.00002240
    -0.00005088      0.00003790     -0.00001474
    -0.00019668     -0.00013470     -0.00003933
    -0.00009540      0.00011504     -0.00017520
     0.00000414      0.00016694     -0.00006450
     0.00006958     -0.00007951     -0.00004113
    -0.00002080     -0.00020633     -0.00001735
     0.00014745      0.00019428      0.00003823
    -0.00002918     -0.00001870     -0.00000480
    -0.00001424     -0.00001240     -0.00001568
    -0.00001253      0.00000516     -0.00005043
     0.00114858      0.00081935     -0.00057209
    -0.00000879     -0.00000529     -0.00003473
    -0.00052018     -0.00009786      0.00034788
    -0.00000901      0.00008748      0.00000388
     0.00013642     -0.00006575      0.00003942
     0.00005632     -0.00003610     -0.00001403
    -0.00012095     -0.00017940      0.00026769
     0.00002318     -0.00001644      0.00005034
     0.00002867     -0.00003638      0.00001521
     0.01386122      0.00934147     -0.01165126
     0.00002081     -0.00005883     -0.00000263
    -0.00003424      0.00000723      0.00003376
     0.00001456      0.00002888      0.00003902
    -0.00003813     -0.00001103      0.00005621
    -0.00004967      0.00001099     -0.00000048
     0.00001332     -0.00003664      0.00000087
    -0.00000321      0.00003166     -0.00006061
    -0.00002727     -0.00002409     -0.00005248
    -0.00000032     -0.00005766     -0.00001968
    -0.00003360     -0.00000428     -0.00003639
    -0.00022995     -0.00044025      0.00006975
    -0.00008180     -0.00009611     -0.00006962
     0.00015804      0.00006918      0.00001894
     0.00000381     -0.00000514      0.00000109
     0.00007932      0.00013584     -0.00006581
    -0.00011848      0.00028101      0.00034499
     0.00003576     -0.00000411      0.00001366
     0.00000041     -0.00004337      0.00005764
    -0.00002686     -0.00003281     -0.00004123
    -0.00001104     -0.00001978     -0.00015467
    -0.00003563      0.00005804      0.00001360
     0.00003819     -0.00002705     -0.00004269
     0.00001241      0.00025024     -0.00001924
    -0.13704118     -0.03527089      0.13201988
     0.00009814      0.00000705     -0.00012779
     0.00007449      0.00001718     -0.00010336
    -0.00000341     -0.00001508      0.00003116
    -0.00005186     -0.00001812      0.00007445
    -0.00002029      0.00002921      0.00005058
     0.00013666      0.00003768      0.00002901
    -0.00006589      0.00001437     -0.00000967
     0.00117003     -0.00428471      0.00269570
    -0.00042254      0.00005836      0.00014274
     0.00030427     -0.00007635      0.00003813
    -0.00003910     -0.00001377      0.00000463
    -0.00017620      0.00004803      0.00019099
     0.00012639      0.00012703      0.00006675
     0.00003765     -0.00007895     -0.00002676
    -0.00011332      0.00000402     -0.00017060
    -0.00115761     -0.00000318     -0.00052318
    -0.00015720     -0.00013998     -0.00015525
    -0.00016714      0.00048047     -0.00016331
    -0.00007741      0.00005618      0.00001076
     0.00015797      0.00004802     -0.00003091
     0.00001071      0.00002439      0.00001818
     0.00032186     -0.00065227      0.00045022
     0.00023694      0.00001729     -0.00023531
    -0.00498773      0.01231758      0.00460246
     0.00012147     -0.00003245     -0.00004345
    -0.00014408      0.00001148      0.00009549
    -0.00022963      0.00013160     -0.00008994
     0.00019595      0.00099419     -0.00023222
    -0.00000316      0.00004048      0.00002366
    -0.00002380     -0.00009235     -0.00002096
     0.00006387      0.00002886      0.00012415
     0.00032171     -0.00017704     -0.00001101
     0.00033421     -0.00065282      0.00048250
    -0.00004740     -0.00023548      0.00000980
    -0.00000395     -0.00024179      0.00015770
    -0.00001702      0.00015346      0.00004590
     0.00391857      0.00208534      0.00256564
    -0.00002252     -0.00002089      0.00003041
    -0.00008931      0.00009326     -0.00008577
     0.00003376     -0.00007114     -0.00008623
     0.00003647      0.00007815     -0.00005522
     0.00000930     -0.00016543     -0.00000304
    -0.00092588      0.00032561     -0.00074969
     0.00053179      0.00025593      0.00018776
     0.00002636      0.00011311      0.00001936
    -0.00001854      0.00006058      0.00000209
    -0.00013658     -0.00006106      0.00011917
    -0.04571077     -0.02965676      0.05192689
    -0.00023568      0.00028060      0.00053907
    -0.00007881      0.00001451      0.00008488
    -0.00000639     -0.00002346     -0.00002915
    -0.00007692     -0.00032443     -0.00010523
    -0.00006593     -0.00002636      0.00004193
     0.00001484      0.00001637     -0.00003093
     0.00009075      0.00010577      0.00026596
    -0.00025620     -0.00009060     -0.00012363
    -0.00004215      0.00007971      0.00000044
    -0.00016210      0.00034941     -0.00101828
     0.00009760      0.00016661     -0.00010247
    -0.00002879      0.00001789      0.00010439
    -0.00010850     -0.00014203      0.00014642
    -0.00005629     -0.00001043      0.00006901
    -0.00002762     -0.00009464     -0.00002763
    -0.00036695     -0.00053329      0.00069958
    -0.00003180      0.00008165     -0.00001737
     0.00002117      0.00009092      0.00007093
     0.00005513      0.00012194     -0.00002100
    -0.00018960     -0.00158765     -0.00150592
    -0.00006502     -0.00010790      0.00025388
    -0.00006816     -0.00005942      0.00011634
     0.00009056     -0.00010305      0.00008214
    -0.00014009      0.00012658      0.00009642
     0.01677011      0.01498436     -0.01406434
    -0.00005384      0.00004383     -0.00001385
     0.00001764      0.00003456      0.00001809
    -0.00000411      0.00000198      0.00000817
    -0.00006206     -0.00030248     -0.00026850
    -0.00019795      0.00033686      0.00016205
     0.00002116      0.00011184     -0.00006119
1  0.00000000  0.00000000  0.00164545
    -0.33325225     -0.33770460      0.33770460
    -0.00005162      0.00002724      0.00002689
    -0.00004680      0.00001828     -0.00001829
     0.00002249      0.00003160     -0.00007442
    -0.00016093     -0.00017290      0.00017289
     0.00002249      0.00007441     -0.00003160
    -0.00006624      0.00002228     -0.00002229
    -0.00005162     -0.00002689     -0.00002724
    -0.00029102     -0.00028627      0.00025899
     0.00012754     -0.00003579      0.00002659
     0.00005001      0.00007007     -0.00004869
    -0.00004230     -0.00002751     -0.00001795
    -0.00000442     -0.00006944     -0.00000884
    -0.00005465     -0.00017568      0.00000611
    -0.00001162      0.00000289      0.00005426
    -0.00008174     -0.00000108      0.00001360
     0.00030467     -0.00042647     -0.00043900
     0.00004558     -0.00003421     -0.00003821
    -0.00000735     -0.00001840     -0.00018162
    -0.00000512     -0.00000857      0.00004231
     0.00000232     -0.00023340      0.00013352
    -0.00003306     -0.00000242      0.00000874
     0.00000672     -0.00015016      0.00001349
    -0.00010093     -0.00009821     -0.00017299
     0.00116728      0.00064920     -0.00040854
    -0.00008643      0.00027147      0.00021496
     0.00005502     -0.00003734     -0.00005641
     0.00004050     -0.00000677     -0.00007809
    -0.00021482      0.00016430      0.00017787
    -0.00014940      0.00000948      0.00009069
    -0.00005131     -0.00009778     -0.00009764
    -0.00004544     -0.00002318      0.00001284
     0.00008237     -0.00054912      0.00117844
     0.00008825      0.00004916     -0.00008683
     0.00021710     -0.00004367     -0.00004081
     0.00002718      0.00001009     -0.00002797
    -0.00034688     -0.00014721      0.00021391
    -0.00000853     -0.00016092     -0.00002284
    -0.00005098     -0.00002702      0.00007679
     0.00005112      0.00001520     -0.00006287
    -0.00025308     -0.00001570      0.00046412
    -0.00006489      0.00003082      0.00007342
    -0.00004010     -0.00001521     -0.00004026
    -0.00000516     -0.00001484      0.00006166
     0.00029695      0.00035683     -0.00012887
    -0.00002585      0.00001356      0.00003182
    -0.00009795     -0.00002371     -0.00004550
    -0.00002001     -0.00005878      0.00004901
    -0.00010115      0.00017277      0.00009800
     0.00030445      0.00043879      0.00042626
    -0.00003327     -0.00000896      0.00000221
    -0.00000757      0.00018141      0.00001819
    -0.00000534     -0.00004252      0.00000836
     0.00000210     -0.00013374      0.00023319
     0.00004536      0.00003799      0.00003400
     0.00000650     -0.00001371      0.00014995
    -0.00008662     -0.00021509     -0.00027161
    -0.00005150      0.00009751      0.00009764
     0.00004030      0.00007796      0.00000663
    -0.00021501     -0.00017800     -0.00016445
    -0.00014960     -0.00009081     -0.00000963
     0.00005482      0.00005628      0.00003720
    -0.00004563     -0.00001296      0.00002304
     0.00116709      0.00040841     -0.00064935
    -0.00000501     -0.00006178      0.00001504
     0.00029709      0.00012874     -0.00035663
    -0.00006475     -0.00007355     -0.00003063
    -0.00009780      0.00004537      0.00002390
    -0.00001987     -0.00004914      0.00005898
    -0.00025294     -0.00046425      0.00001590
    -0.00002571     -0.00003195     -0.00001336
    -0.00003995      0.00004013      0.00001540
     0.00704709      0.00897874     -0.00897875
     0.00000960      0.00005612      0.00002401
    -0.00002806      0.00002912     -0.00002913
     0.00002061     -0.00005725      0.00001642
     0.00001738      0.00004517     -0.00004517
     0.00002061     -0.00001642      0.00005725
    -0.00005119     -0.00003783      0.00003782
     0.00000960     -0.00002401     -0.00005613
    -0.00000839      0.00002304      0.00016080
     0.00021724      0.00004100      0.00004354
     0.00005126      0.00006307     -0.00001533
     0.00008251     -0.00117824      0.00054899
     0.00008840      0.00008703     -0.00004929
    -0.00005084     -0.00007659      0.00002689
     0.00002733      0.00002817     -0.00001022
    -0.00034674     -0.00021372      0.00014708
     0.00012735     -0.00002674      0.00003566
    -0.00001182     -0.00005440     -0.00000302
    -0.00004250      0.00001781      0.00002739
    -0.00000462      0.00000870      0.00006932
    -0.00005485     -0.00000626      0.00017555
     0.00004981      0.00004855     -0.00007019
    -0.00008194     -0.00001374      0.00000096
    -0.00029122     -0.00025914      0.00028615
     0.29586795      0.30944607     -0.30944603
     0.00022577     -0.00028371      0.00006526
    -0.00006526     -0.00005532      0.00005536
     0.00000397      0.00003220     -0.00005715
     0.00056798      0.00008012     -0.00008008
     0.00000397      0.00005720     -0.00003216
    -0.00010799     -0.00005105      0.00005110
     0.00022577     -0.00006522      0.00028376
    -0.00200187      0.00179651     -0.00027240
    -0.00010160      0.00014137      0.00006340
    -0.00033879      0.00007144      0.00024421
     0.00007469      0.00001021     -0.00010123
     0.00027593     -0.00008916     -0.00006449
    -0.00012474     -0.00000842     -0.00012493
    -0.00027974      0.00000187     -0.00003526
     0.00015066      0.00006117      0.00019826
     0.00172297     -0.00083751      0.00083796
    -0.00021533     -0.00012634     -0.00004750
    -0.00085632     -0.00008714      0.00008759
     0.00001128     -0.00005473      0.00001445
    -0.00039295     -0.00038280      0.00038325
     0.00001128     -0.00001400      0.00005518
    -0.00075170      0.00080798     -0.00080753
    -0.00021533      0.00004795      0.00012679
    -0.00121416     -0.00674723      0.00023115
     0.00024030     -0.00041892     -0.00039246
     0.00008966      0.00005931     -0.00004556
    -0.00003518     -0.00012028      0.00015078
     0.00041578      0.00033554     -0.00018341
     0.00008993     -0.00006233     -0.00003317
    -0.00002549     -0.00002415     -0.00000918
    -0.00005208     -0.00001435      0.00000153
    -0.00003502     -0.00015068      0.00012016
     0.00041595      0.00018351     -0.00033567
     0.00024047      0.00039257      0.00041879
    -0.00002532      0.00000928      0.00002402
    -0.00005192     -0.00000143      0.00001422
    -0.00121399     -0.00023104      0.00674710
     0.00009010      0.00003328      0.00006220
     0.00008983      0.00004567     -0.00005943
    -0.00012458      0.00012480      0.00000853
    -0.00033862     -0.00024434     -0.00007133
     0.00015083     -0.00019839     -0.00006106
    -0.00200170      0.00027227     -0.00179640
    -0.00010143     -0.00006353     -0.00014126
    -0.00027957      0.00003514     -0.00000177
     0.00007485      0.00010110     -0.00001011
     0.00027610      0.00006436      0.00008927
     0.01512062      0.00448359     -0.02024947
     0.00013690      0.00001794      0.00021229
     0.00004173     -0.00008424      0.00000192
     0.00005160      0.00003068      0.00016723
    -0.00017058     -0.00035593     -0.00019224
     0.00016670      0.00003974      0.00000841
    -0.00001626     -0.00006075      0.00001599
    -0.00003398     -0.00011453     -0.00035005
     0.00097015      0.00007552     -0.00007528
     0.00007852     -0.00002646     -0.00009811
     0.00145715     -0.00078253      0.00078277
    -0.00038259     -0.00006100     -0.00004523
     0.00042791      0.00073416     -0.00073393
    -0.00038259      0.00004546      0.00006123
    -0.00000546     -0.00005815      0.00005839
     0.00007852      0.00009835      0.00002670
     0.00160547      0.00166017     -0.00165993
    -0.00006508      0.00017394     -0.00011078
     0.00025408      0.00009380     -0.00009357
     0.00004482      0.00005998     -0.00011000
     0.00060223      0.00044193     -0.00044169
     0.00004482      0.00011024     -0.00005975
    -0.00002003      0.00020795     -0.00020771
    -0.00006508      0.00011101     -0.00017370
    -0.00003390      0.00035001      0.00011449
     0.01512071      0.02024943     -0.00448363
     0.00016679     -0.00000845     -0.00003978
     0.00004182     -0.00000195      0.00008421
     0.00005169     -0.00016727     -0.00003072
    -0.00017049      0.00019220      0.00035589
     0.00013699     -0.00021233     -0.00001798
    -0.00001617     -0.00001603      0.00006071
97  0.00164545  0.00000000  0.00000000
    -0.13903148     -0.03630151      0.13997084
     0.00009560     -0.00034732      0.00019753
     0.00008636     -0.00005317     -0.00003004
     0.00002673     -0.00001378      0.00005462
    -0.00004588     -0.00022497      0.00029854
    -0.00003723      0.00005538      0.00000086
     0.00013763      0.00001076      0.00005217
    -0.00004462      0.00003011     -0.00001483
     0.00204546     -0.00314541     -0.00251034
    -0.00002504     -0.00034846      0.00111625
     0.00002288      0.00006012      0.00017974
     0.00001221      0.00003348      0.00003571
    -0.00013019      0.00007593     -0.00002500
     0.00021357      0.00024738     -0.00006013
     0.00007831     -0.00006896     -0.00017341
     0.00000625     -0.00001831     -0.00005812
    -0.00069108     -0.00029592     -0.00029592
     0.00020386     -0.00050341     -0.00050341
     0.00018500      0.00008424     -0.00021394
    -0.00001306     -0.00004112     -0.00002004
     0.00018500     -0.00021394      0.00008424
    -0.00001306     -0.00002004     -0.00004112
    -0.00078786      0.00008448      0.00008448
     0.00050559     -0.00027488     -0.00027488
     0.00204546     -0.00251034     -0.00314541
    -0.00002504      0.00111625     -0.00034846
    -0.00013019     -0.00002500      0.00007593
     0.00021357     -0.00006013      0.00024738
     0.00002288      0.00017974      0.00006012
     0.00001221      0.00003571      0.00003348
     0.00007831     -0.00017341     -0.00006896
     0.00000625     -0.00005812     -0.00001831
     0.00215525     -0.00324441      0.00308275
     0.00011974     -0.00015119      0.00012501
    -0.00024934     -0.00005545     -0.00014976
    -0.00003179      0.00005166      0.00005663
     0.00013203      0.00000919     -0.00015465
    -0.00010278     -0.00000447      0.00016495
    -0.00007768     -0.00004390      0.00010802
    -0.00000494      0.00007182     -0.00021717
     0.00215525      0.00308275     -0.00324441
     0.00011974      0.00012501     -0.00015119
     0.00013203     -0.00015465      0.00000919
    -0.00010278      0.00016495     -0.00000447
    -0.00024934     -0.00014976     -0.00005545
    -0.00003179      0.00005663      0.00005166
    -0.00007768      0.00010802     -0.00004390
    -0.00000494     -0.00021717      0.00007182
    -0.00080894      0.00074419      0.00074419
    -0.00176138     -0.00075570     -0.00075570
    -0.00006402      0.00002440     -0.00003718
    -0.00010662      0.00015897      0.00007889
    -0.00006402     -0.00003718      0.00002440
    -0.00010662      0.00007889      0.00015897
     0.00008031     -0.00023092     -0.00023092
     0.00141967      0.00045680      0.00045680
     0.00054922     -0.00078368      0.00076973
     0.00024627     -0.00016954     -0.00008994
     0.00001902      0.00003071     -0.00008117
    -0.00017056     -0.00013499     -0.00021790
    -0.00000968     -0.00002241      0.00003611
    -0.00000281      0.00007197      0.00002821
    -0.00015605     -0.00001991      0.00005756
    -0.00424125     -0.00581269      0.00221689
     0.00017272      0.00006187      0.00019353
     0.00003982      0.00006556     -0.00009524
    -0.00014727     -0.00016864     -0.00000474
    -0.00003999     -0.00026224      0.00002234
    -0.00005522      0.00004294     -0.00029381
     0.00041697      0.00047166      0.00052915
     0.00002527      0.00005273      0.00004249
    -0.00010347      0.00005561      0.00003117
    -0.13903148      0.13997084     -0.03630151
     0.00009560      0.00019753     -0.00034732
    -0.00004588      0.00029854     -0.00022497
    -0.00003723      0.00000086      0.00005538
     0.00008636     -0.00003004     -0.00005317
     0.00002673      0.00005462     -0.00001378
     0.00013763      0.00005217      0.00001076
    -0.00004462     -0.00001483      0.00003011
     0.00017272      0.00019353      0.00006187
     0.00003982     -0.00009524      0.00006556
    -0.00005522     -0.00029381      0.00004294
     0.00041697      0.00052915      0.00047166
    -0.00014727     -0.00000474     -0.00016864
    -0.00003999      0.00002234     -0.00026224
     0.00002527      0.00004249      0.00005273
    -0.00010347      0.00003117      0.00005561
     0.00054922      0.00076973     -0.00078368
     0.00024627     -0.00008994     -0.00016954
    -0.00000968      0.00003611     -0.00002241
    -0.00000281      0.00002821      0.00007197
     0.00001902     -0.00008117      0.00003071
    -0.00017056     -0.00021790     -0.00013499
    -0.00015605      0.00005756     -0.00001991
    -0.00424125      0.00221689     -0.00581269
     0.59403103     -0.32974828     -0.32974828
    -0.00044451      0.00083338      0.00083338
    -0.00033340      0.00007921     -0.00002508
     0.00010882      0.00022511      0.00028107
    -0.00033340     -0.00002508      0.00007921
     0.00010882      0.00028107      0.00022511
    -0.00022751     -0.00006925     -0.00006925
    -0.00016650      0.00073858      0.00073858
    -0.04772621      0.04577057     -0.00661889
    -0.00027482      0.00154022     -0.00024790
    -0.00044766      0.00083700     -0.00083534
     0.00003073      0.00003714      0.00002923
    -0.00003098     -0.00009433     -0.00007967
     0.00010572      0.00032661      0.00018982
     0.00028863      0.00010047     -0.00023385
     0.00039953      0.00031684      0.00092190
    -0.00182951      0.00168246      0.00168246
     0.00104602      0.00044541      0.00044541
     0.00031113     -0.00041393      0.00030821
     0.00002732     -0.00016878      0.00004536
     0.00031113      0.00030821     -0.00041393
     0.00002732      0.00004536     -0.00016878
    -0.00197085      0.00133246      0.00133246
    -0.00035511     -0.00006618     -0.00006618
    -0.04772621     -0.00661889      0.04577057
    -0.00027482     -0.00024790      0.00154022
    -0.00003098     -0.00007967     -0.00009433
     0.00010572      0.00018982      0.00032661
    -0.00044766     -0.00083534      0.00083700
     0.00003073      0.00002923      0.00003714
     0.00028863     -0.00023385      0.00010047
     0.00039953      0.00092190      0.00031684
    -0.00043149      0.00051504      0.00030737
    -0.00049631      0.00053187      0.00104574
    -0.00042178      0.00123533      0.00033043
    -0.00051956      0.00032315      0.00039296
    -0.00101365      0.00047813      0.00106453
    -0.00415013     -0.01117067     -0.02431276
    -0.00017796      0.00001785     -0.00005066
    -0.00034001      0.00036335     -0.00018758
    -0.00043149      0.00030737      0.00051504
    -0.00049631      0.00104574      0.00053187
    -0.00101365      0.00106453      0.00047813
    -0.00415013     -0.02431276     -0.01117067
    -0.00042178      0.00033043      0.00123533
    -0.00051956      0.00039296      0.00032315
    -0.00017796     -0.00005066      0.00001785
    -0.00034001     -0.00018758      0.00036335
    -0.17599981      0.11361143      0.11361143
     0.00027609     -0.00087896     -0.00087896
    -0.00006730      0.00000913     -0.00024951
    -0.00001551     -0.00022559      0.00021000
    -0.00006730     -0.00024951      0.00000913
    -0.00001551      0.00021000     -0.00022559
    -0.00011341     -0.00018711     -0.00018711
     0.00004962     -0.00035893     -0.00035893
    -0.00013906     -0.00099044      0.00037311
     0.00004791     -0.00019769      0.00023818
     0.00512539      0.00995924      0.01685753
     0.00075138     -0.00115783     -0.00082898
     0.00037145     -0.00026136      0.00002075
    -0.00013924     -0.00092307     -0.00095535
     0.00024580     -0.00001431     -0.00014776
    -0.00006460     -0.00027106     -0.00012764
    -0.00013906      0.00037311     -0.00099044
     0.00004791      0.00023818     -0.00019769
     0.00037145      0.00002075     -0.00026136
    -0.00013924     -0.00095535     -0.00092307
     0.00512539      0.01685753      0.00995924
     0.00075138     -0.00082898     -0.00115783
     0.00024580     -0.00014776     -0.00001431
    -0.00006460     -0.00012764     -0.00027106
     0.00121442     -0.00069593     -0.00069593
    -0.04271324      0.08532896      0.08532896
    -0.00002741     -0.00012706     -0.00020283
     0.00074519     -0.00078064      0.00026391
    -0.00002741     -0.00020283     -0.00012706
     0.00074519      0.00026391     -0.00078064
     0.00130081     -0.00010196     -0.00010196
     0.00046779     -0.00006876     -0.00006876
97  0.00000000  0.00000000  0.00164545
     0.32737079      0.35977118     -0.35977119
    -0.00009544      0.00006281      0.00008295
    -0.00019298      0.00002254     -0.00002255
     0.00004450      0.00002419     -0.00002154
     0.00015955      0.00037334     -0.00037335
     0.00004450      0.00002153     -0.00002419
    -0.00014955     -0.00003980      0.00003979
    -0.00009544     -0.00008296     -0.00006281
    -0.00503767      0.00414410     -0.00352595
    -0.00064687     -0.00017268     -0.00057070
    -0.00023050     -0.00015236      0.00016922
    -0.00007647     -0.00000134      0.00004888
     0.00014261      0.00015574     -0.00003597
    -0.00018519     -0.00021755      0.00003016
    -0.00036920     -0.00002132     -0.00010882
     0.00007895     -0.00001647      0.00007120
     0.00115757     -0.00053336      0.00001667
    -0.00011937      0.00014436      0.00012951
    -0.00000683     -0.00005701      0.00040593
     0.00005239      0.00006028     -0.00004808
    -0.00006874     -0.00002850     -0.00002144
     0.00002108      0.00002890      0.00001886
    -0.00032322      0.00005984      0.00029119
     0.00013994      0.00066646      0.00035068
     0.00682348      0.00825031     -0.00652248
     0.00015108      0.00023217     -0.00024111
    -0.00000289      0.00008275     -0.00015310
    -0.00005994     -0.00004242     -0.00000400
     0.00037478     -0.00056538     -0.00006295
     0.00008388     -0.00004899     -0.00004580
     0.00002629      0.00017066     -0.00006900
     0.00007427      0.00004704      0.00005324
    -0.00285987      0.00274568     -0.00004668
    -0.00013005     -0.00018237      0.00014433
    -0.00025286     -0.00003604     -0.00024774
     0.00006480      0.00001072     -0.00010832
     0.00002320      0.00029256     -0.00002589
    -0.00012040     -0.00003891      0.00007011
     0.00008896     -0.00011399      0.00001218
     0.00004458      0.00004579      0.00006343
     0.00014451     -0.00237873      0.00085335
     0.00017964     -0.00030818      0.00018971
     0.00000369      0.00016351     -0.00023711
     0.00004394     -0.00005765      0.00015794
     0.00053771      0.00035229      0.00011784
    -0.00006403      0.00009482      0.00000206
     0.00004996     -0.00006510     -0.00010414
     0.00000518     -0.00014175     -0.00006326
     0.00013973     -0.00035089     -0.00066667
     0.00115735     -0.00001688      0.00053315
     0.00002086     -0.00001907     -0.00002911
    -0.00000705     -0.00040615      0.00005679
     0.00005218      0.00004787     -0.00006050
    -0.00006896      0.00002122      0.00002829
    -0.00011958     -0.00012972     -0.00014457
    -0.00032344     -0.00029140     -0.00006005
     0.00015089      0.00024098     -0.00023231
     0.00002609      0.00006888     -0.00017080
    -0.00006013      0.00000388      0.00004228
     0.00037458      0.00006282      0.00056523
     0.00008369      0.00004568      0.00004885
    -0.00000308      0.00015297     -0.00008290
     0.00007408     -0.00005336     -0.00004718
     0.00682328      0.00652235     -0.00825046
     0.00004409     -0.00015807      0.00005785
     0.00053785     -0.00011797     -0.00035209
     0.00017978     -0.00018984      0.00030838
     0.00005010      0.00010401      0.00006529
     0.00000532      0.00006313      0.00014194
     0.00014465     -0.00085348      0.00237893
    -0.00006389     -0.00000219     -0.00009462
     0.00000383      0.00023698     -0.00016331
    -0.02486906      0.15937745     -0.15937746
     0.00005995     -0.00023908      0.00027705
    -0.00003414     -0.00020302      0.00020302
    -0.00002615      0.00001774     -0.00003493
     0.00000279     -0.00004401      0.00004400
    -0.00002615      0.00003493     -0.00001775
    -0.00012541     -0.00006676      0.00006675
     0.00005995     -0.00027706      0.00023907
    -0.00012025     -0.00006991      0.00003878
    -0.00025272      0.00024793      0.00003591
     0.00004473     -0.00006323     -0.00004592
    -0.00285973      0.00004687     -0.00274581
    -0.00012991     -0.00014413      0.00018225
     0.00008911     -0.00001199      0.00011386
     0.00006494      0.00010852     -0.00001085
     0.00002334      0.00002609     -0.00029269
    -0.00064706      0.00057055      0.00017255
    -0.00036940      0.00010868      0.00002119
    -0.00007667     -0.00004902      0.00000121
     0.00014242      0.00003582     -0.00015587
    -0.00018538     -0.00003031      0.00021742
    -0.00023070     -0.00016936      0.00015224
     0.00007876     -0.00007134      0.00001634
    -0.00503786      0.00352580     -0.00414423
    -0.59923081     -0.76897345      0.76897349
     0.00031816      0.00034758     -0.00050524
     0.00020883      0.00000464     -0.00000460
    -0.00011891     -0.00006184      0.00001375
     0.00042839      0.00010278     -0.00010274
    -0.00011891     -0.00001370      0.00006189
     0.00022995      0.00001719     -0.00001714
     0.00031816      0.00050528     -0.00034754
    -0.00937894      0.00644522      0.02032729
     0.00062007     -0.00069127     -0.00005828
     0.00079413     -0.00013194      0.00063821
     0.00007582      0.00011595      0.00007048
     0.00062369      0.00047063     -0.00021698
     0.00036669     -0.00009019      0.00017591
     0.00014301      0.00023169      0.00024996
     0.00018620      0.00027204     -0.00004836
     0.00189501      0.00171615     -0.00171570
    -0.00035056     -0.00024715     -0.00010005
    -0.00074035      0.00052035     -0.00051990
    -0.00002690     -0.00007331      0.00005051
     0.00003557     -0.00013853      0.00013898
    -0.00002690     -0.00005006      0.00007376
     0.00183599      0.00140747     -0.00140702
    -0.00035056      0.00010050      0.00024760
     0.05963994     -0.03796491     -0.06107299
     0.00009600      0.00060723      0.00028961
    -0.00025819      0.00011375     -0.00001004
    -0.00001210     -0.00011646      0.00028244
     0.00012205      0.00118996     -0.00023951
     0.00007158     -0.00016022     -0.00013895
     0.00006729      0.00028976     -0.00005073
     0.00042692      0.00029485     -0.00012882
    -0.00001193     -0.00028233      0.00011633
     0.00012222      0.00023962     -0.00119009
     0.00009616     -0.00028950     -0.00060736
     0.00006746      0.00005083     -0.00028989
     0.00042709      0.00012893     -0.00029497
     0.05964011      0.06107310      0.03796478
     0.00007175      0.00013905      0.00016009
    -0.00025802      0.00001015     -0.00011388
     0.00036686     -0.00017604      0.00009029
     0.00079429     -0.00063833      0.00013205
     0.00018637      0.00004823     -0.00027193
    -0.00937878     -0.02032742     -0.00644512
     0.00062024      0.00005815      0.00069138
     0.00014317     -0.00025009     -0.00023159
     0.00007599     -0.00007061     -0.00011584
     0.00062385      0.00021685     -0.00047052
     0.10144833      0.10415446     -0.11537571
    -0.00083831      0.00074256      0.00007907
    -0.00019820      0.00040985     -0.00038211
     0.00008553      0.00002260     -0.00025458
    -0.00050172     -0.00014796     -0.00013879
    -0.00006571     -0.00011965      0.00004475
    -0.00015481      0.00021535     -0.00007737
    -0.00057813     -0.00049119      0.00017155
     0.00026678      0.00001958     -0.00001935
    -0.00006892     -0.00008096     -0.00015418
    -0.00411267      0.00127191     -0.00127167
     0.00037378      0.00045222      0.00037486
    -0.00048571     -0.00074457      0.00074481
     0.00037378     -0.00037463     -0.00045198
    -0.00007061      0.00012110     -0.00012086
    -0.00006892      0.00015441      0.00008120
     0.00026466     -0.00098595      0.00098619
     0.00009245     -0.00037936      0.00012679
    -0.00008426     -0.00119816      0.00119839
    -0.00108283      0.00006763      0.00025298
    -0.00554113     -0.00520001      0.00520025
    -0.00108283     -0.00025274     -0.00006739
    -0.00037985      0.00020300     -0.00020276
     0.00009245     -0.00012655      0.00037960
    -0.00057804     -0.00017159      0.00049116
     0.10144843      0.11537568     -0.10415450
    -0.00006563     -0.00004479      0.00011961
    -0.00019811      0.00038207     -0.00040988
     0.00008562      0.00025454     -0.00002263
    -0.00050163      0.00013876      0.00014792
    -0.00083822     -0.00007911     -0.00074259
    -0.00015472      0.00007733     -0.00021539
145  0.00164545  0.00000000  0.00000000
    -0.02361261      0.01769569      0.02301597
    -0.00035785      0.00059525      0.00009537
    -0.00004025      0.00002557      0.00009695
     0.00002207      0.00005143     -0.00006916
    -0.00012367     -0.00038493     -0.00009910
    -0.00005259     -0.00001421      0.00005072
     0.00005713     -0.00001382      0.00004616
    -0.00008798     -0.00006581      0.00025288
    -0.04304485      0.04061414     -0.04349052
     0.00016480      0.00021589     -0.00020194
     0.00004296      0.00026476     -0.00028593
    -0.00009897      0.00006770      0.00002992
    -0.00000820      0.00005856     -0.00007658
    -0.00004996     -0.00012066     -0.00001535
     0.00003640      0.00001250     -0.00003763
    -0.00003382      0.00009856      0.00005954
    -0.00014656      0.00082022      0.00082022
    -0.00024308      0.00045421      0.00045421
     0.00000765     -0.00001675     -0.00038484
    -0.00003151      0.00003249      0.00009775
     0.00000765     -0.00038484     -0.00001675
    -0.00003151      0.00009775      0.00003249
     0.00117655      0.00057647      0.00057647
    -0.00014265     -0.00015316     -0.00015316
    -0.04304485     -0.04349052      0.04061414
     0.00016480     -0.00020194      0.00021589
    -0.00000820     -0.00007658      0.00005856
    -0.00004996     -0.00001535     -0.00012066
     0.00004296     -0.00028593      0.00026476
    -0.00009897      0.00002992      0.00006770
     0.00003640     -0.00003763      0.00001250
    -0.00003382      0.00005954      0.00009856
     0.01327052     -0.01192137      0.01091759
     0.00005807      0.00001170     -0.00005584
     0.00015546      0.00015191      0.00002850
     0.00007752      0.00001245     -0.00009067
     0.00006142     -0.00004942      0.00003559
     0.00001616      0.00009413      0.00004433
     0.00006609      0.00006562     -0.00000616
    -0.00001472     -0.00003958      0.00022968
     0.01327052      0.01091759     -0.01192137
     0.00005807     -0.00005584      0.00001170
     0.00006142      0.00003559     -0.00004942
     0.00001616      0.00004433      0.00009413
     0.00015546      0.00002850      0.00015191
     0.00007752     -0.00009067      0.00001245
     0.00006609     -0.00000616      0.00006562
    -0.00001472      0.00022968     -0.00003958
     0.00100260      0.00030593      0.00030593
    -0.00003984      0.00000750      0.00000750
     0.00007397      0.00022531      0.00003002
     0.00010884      0.00008873     -0.00009176
     0.00007397      0.00003002      0.00022531
     0.00010884     -0.00009176      0.00008873
     0.00009494      0.00018217      0.00018217
    -0.00006557      0.00024134      0.00024134
     0.00049135      0.00037417      0.00067363
    -0.00010621      0.00000245     -0.00003183
     0.00002020     -0.00004720      0.00019791
    -0.00000999     -0.00000146      0.00007330
     0.00005484     -0.00006869      0.00000888
    -0.00006589      0.00006524     -0.00000965
    -0.00006549     -0.00001331      0.00011418
     0.00171772      0.00019139     -0.00132139
    -0.00022448      0.00004204     -0.00009381
     0.00017890     -0.00002199      0.00031361
    -0.00023576      0.00025147     -0.00044763
    -0.00002366      0.00012906     -0.00003599
     0.00016088     -0.00000408      0.00010501
    -0.00032710      0.00018661     -0.00100692
    -0.00000600     -0.00006625     -0.00002671
     0.00001488      0.00005325      0.00007306
    -0.02361261      0.02301597      0.01769569
    -0.00035785      0.00009537      0.00059525
    -0.00012367     -0.00009910     -0.00038493
    -0.00005259      0.00005072     -0.00001421
    -0.00004025      0.00009695      0.00002557
     0.00002207     -0.00006916      0.00005143
     0.00005713      0.00004616     -0.00001382
    -0.00008798      0.00025288     -0.00006581
    -0.00022448     -0.00009381      0.00004204
     0.00017890      0.00031361     -0.00002199
     0.00016088      0.00010501     -0.00000408
    -0.00032710     -0.00100692      0.00018661
    -0.00023576     -0.00044763      0.00025147
    -0.00002366     -0.00003599      0.00012906
    -0.00000600     -0.00002671     -0.00006625
     0.00001488      0.00007306      0.00005325
     0.00049135      0.00067363      0.00037417
    -0.00010621     -0.00003183      0.00000245
     0.00005484      0.00000888     -0.00006869
    -0.00006589     -0.00000965      0.00006524
     0.00002020      0.00019791     -0.00004720
    -0.00000999      0.00007330     -0.00000146
    -0.00006549      0.00011418     -0.00001331
     0.00171772     -0.00132139      0.00019139
    -0.10312773      0.11126548      0.11126548
     0.00167985     -0.00031060     -0.00031060
     0.00018478      0.00002183     -0.00001333
    -0.00017300     -0.00017037     -0.00001676
     0.00018478     -0.00001333      0.00002183
    -0.00017300     -0.00001676     -0.00017037
     0.00031084      0.00001650      0.00001650
     0.00030495     -0.00021693     -0.00021693
    -0.14078805      0.10260089      0.07634408
    -0.00063001     -0.00069031     -0.00035197
    -0.00059853     -0.00082344      0.00005289
     0.00009276     -0.00022682      0.00008502
    -0.00014946      0.00003151      0.00040773
    -0.00030369     -0.00018350      0.00000406
    -0.00013999      0.00023325     -0.00003288
     0.00006348     -0.00059144     -0.00062018
     0.00004996     -0.00108018     -0.00108018
    -0.00147493     -0.00052972     -0.00052972
     0.00018390      0.00045971      0.00018266
    -0.00031536     -0.00008876     -0.00018668
     0.00018390      0.00018266      0.00045971
    -0.00031536     -0.00018668     -0.00008876
    -0.00176831     -0.00163670     -0.00163670
     0.00035970      0.00021185      0.00021185
    -0.14078805      0.07634408      0.10260089
    -0.00063001     -0.00035197     -0.00069031
    -0.00014946      0.00040773      0.00003151
    -0.00030369      0.00000406     -0.00018350
    -0.00059853      0.00005289     -0.00082344
     0.00009276      0.00008502     -0.00022682
    -0.00013999     -0.00003288      0.00023325
     0.00006348     -0.00062018     -0.00059144
     0.00021557     -0.00031262      0.00000854
     0.00004711     -0.00017168     -0.00137804
     0.00025633      0.00024954     -0.00032535
     0.00017076      0.00024379     -0.00006735
     0.00114563     -0.00053150     -0.00131084
    -0.01355389     -0.00486628      0.01278073
     0.00009728     -0.00022420     -0.00001192
     0.00000008     -0.00024481     -0.00017719
     0.00021557      0.00000854     -0.00031262
     0.00004711     -0.00137804     -0.00017168
     0.00114563     -0.00131084     -0.00053150
    -0.01355389      0.01278073     -0.00486628
     0.00025633     -0.00032535      0.00024954
     0.00017076     -0.00006735      0.00024379
     0.00009728     -0.00001192     -0.00022420
     0.00000008     -0.00017719     -0.00024481
     0.46340343     -0.36304912     -0.36304912
    -0.00041793      0.00002109      0.00002109
     0.00000677      0.00043793      0.00004005
     0.00008742      0.00004305     -0.00047101
     0.00000677      0.00004005      0.00043793
     0.00008742     -0.00047101      0.00004305
     0.00060687      0.00004418      0.00004418
     0.00083710      0.00016271      0.00016271
    -0.00017894      0.00088079     -0.00067315
     0.00002693      0.00031657     -0.00019842
     0.01613816     -0.02426455     -0.01264556
    -0.00083617      0.00114714      0.00112788
    -0.00022522     -0.00022285      0.00012348
     0.00040821      0.00088027     -0.00006064
    -0.00031542     -0.00032549      0.00012162
     0.00009790     -0.00000216      0.00011389
    -0.00017894     -0.00067315      0.00088079
     0.00002693     -0.00019842      0.00031657
    -0.00022522      0.00012348     -0.00022285
     0.00040821     -0.00006064      0.00088027
     0.01613816     -0.01264556     -0.02426455
    -0.00083617      0.00112788      0.00114714
    -0.00031542      0.00012162     -0.00032549
     0.00009790      0.00011389     -0.00000216
    -0.00124553      0.00126294      0.00126294
     0.02132566      0.06586404      0.06586404
     0.00007583     -0.00003299      0.00017357
    -0.00046193      0.00086624     -0.00009306
     0.00007583      0.00017357     -0.00003299
    -0.00046193     -0.00009306      0.00086624
     0.00000513      0.00057788      0.00057788
    -0.00021645      0.00005156      0.00005156
1  -0.00164545  0.00000000  0.00000000
    -0.15592732     -0.02765531      0.16804006
    -0.00001247     -0.00003366      0.00006642
    -0.00001696     -0.00000623      0.00002055
     0.00001943      0.00000538     -0.00003817
    -0.00002718     -0.00019904     -0.00008132
     0.00000356     -0.00001898      0.00000177
    -0.00002593     -0.00004152     -0.00000209
    -0.00002079      0.00003817      0.00000911
    -0.00061127     -0.00006948      0.00014903
    -0.00008889     -0.00044462     -0.00042317
    -0.00001431      0.00007498      0.00000896
    -0.00004368     -0.00000895      0.00001003
    -0.00001457      0.00000365     -0.00000910
    -0.00002983      0.00006258      0.00000760
    -0.00002066      0.00002531      0.00001938
    -0.00004827      0.00003603      0.00004904
     0.00015394      0.00000086     -0.00017314
    -0.00014610      0.00004360      0.00017635
    -0.00000243      0.00006767     -0.00007161
    -0.00000872     -0.00002436      0.00007073
     0.00000381     -0.00016396      0.00012554
    -0.00003172     -0.00001099      0.00002397
    -0.00018180      0.00000286     -0.00000973
     0.00009330     -0.00001835     -0.00005796
     0.00231285      0.00232671     -0.00212116
     0.00001155      0.00024600      0.00003218
     0.00003484     -0.00003911     -0.00000059
    -0.00000167     -0.00000585      0.00004980
     0.00011441      0.00013059      0.00000119
    -0.00012958     -0.00001733      0.00011157
    -0.00004361     -0.00008897     -0.00007590
    -0.00001698      0.00004569      0.00001631
     0.00023522     -0.00101100      0.00100803
    -0.00004544     -0.00003465      0.00012608
     0.00008676     -0.00008179     -0.00004404
     0.00000839      0.00000420      0.00000139
    -0.00008043      0.00001462     -0.00004745
     0.00001683      0.00002315      0.00006708
    -0.00003185     -0.00005753      0.00004069
    -0.00005186      0.00003580     -0.00004553
    -0.00034521      0.00001027      0.00008451
    -0.00000580     -0.00006945     -0.00000040
    -0.00004665      0.00001196      0.00000087
    -0.00003164      0.00004276      0.00003983
    -0.00012408      0.00005856      0.00000608
     0.00000384      0.00003877      0.00006370
    -0.00010742     -0.00000055     -0.00002732
     0.00001542     -0.00002183      0.00002852
    -0.00015006     -0.00000118     -0.00000591
     0.00056485     -0.00040563      0.00017472
    -0.00002563      0.00001713     -0.00001319
    -0.00005711     -0.00000691     -0.00011364
     0.00000774      0.00005714     -0.00002133
     0.00004272     -0.00004320      0.00001928
     0.00020251      0.00014117      0.00004644
     0.00009205     -0.00011216      0.00017026
    -0.00000362     -0.00017583      0.00006375
    -0.00007906      0.00007865      0.00004649
     0.00002549      0.00019652      0.00002095
    -0.00014234     -0.00019570     -0.00006925
     0.00002649      0.00001014      0.00000751
     0.00001445      0.00000753      0.00001673
     0.00001401     -0.00000711      0.00005363
    -0.00111966     -0.00081740      0.00055086
     0.00000283     -0.00000132      0.00003297
     0.00050635      0.00010338     -0.00033394
     0.00000780     -0.00009094     -0.00000753
    -0.00013587      0.00005894     -0.00004247
    -0.00005395      0.00003715      0.00001248
     0.00011292      0.00016220     -0.00025760
    -0.00002285      0.00001170     -0.00005246
    -0.00003109      0.00003106     -0.00001111
    -0.01367129     -0.00886411      0.01150545
    -0.00002027      0.00005673     -0.00000621
     0.00003469     -0.00000528     -0.00003663
    -0.00000806     -0.00002898     -0.00004108
     0.00003092      0.00001028     -0.00004818
     0.00005510     -0.00000305      0.00000309
    -0.00001358      0.00003949     -0.00000390
     0.00000773     -0.00002786      0.00005899
     0.00001566      0.00002235      0.00005756
     0.00001107      0.00006351      0.00001232
     0.00003436      0.00000486      0.00003508
     0.00024664      0.00041490     -0.00003159
     0.00008519      0.00009340      0.00004966
    -0.00014157     -0.00006864     -0.00002991
    -0.00000145      0.00000606     -0.00000573
    -0.00008256     -0.00012961      0.00006148
     0.00012776     -0.00027984     -0.00035572
    -0.00004044     -0.00000237     -0.00000561
    -0.00000113      0.00004486     -0.00006076
     0.00002312      0.00003669      0.00004017
     0.00001106      0.00002235      0.00014075
     0.00002909     -0.00005795     -0.00001289
    -0.00003627      0.00002738      0.00003882
    -0.00002151     -0.00024702      0.00002566
     0.13907492      0.03068784     -0.13423759
    -0.00011305      0.00000615      0.00012837
    -0.00009127     -0.00001418      0.00009551
    -0.00000602      0.00001548     -0.00002790
     0.00004779     -0.00000075     -0.00006968
     0.00001279     -0.00002668     -0.00004941
    -0.00014304     -0.00003485     -0.00003027
     0.00007306     -0.00000889      0.00001637
    -0.00136222      0.00434353     -0.00270202
     0.00043603     -0.00008290     -0.00017294
    -0.00030554      0.00005255     -0.00004085
     0.00003774      0.00000719     -0.00000756
     0.00016820     -0.00005046     -0.00019440
    -0.00012300     -0.00012608     -0.00007978
    -0.00005350      0.00007896      0.00003447
     0.00011186     -0.00001004      0.00017910
     0.00125950      0.00001326      0.00058679
     0.00016887      0.00012385      0.00014171
     0.00015602     -0.00050034      0.00015883
     0.00008547     -0.00006186     -0.00001377
    -0.00013706     -0.00002798      0.00001315
    -0.00000528     -0.00002588     -0.00001780
    -0.00032332      0.00064131     -0.00042628
    -0.00024683     -0.00002012      0.00025022
     0.00475946     -0.01238018     -0.00442048
    -0.00015005     -0.00000909      0.00003366
     0.00014468     -0.00000128     -0.00009936
     0.00022523     -0.00013027      0.00007542
    -0.00016948     -0.00107501      0.00025125
     0.00000618     -0.00004285     -0.00003009
     0.00001720      0.00008890      0.00001072
    -0.00007007     -0.00001644     -0.00011947
    -0.00032408      0.00018997      0.00000692
    -0.00035143      0.00067220     -0.00039859
     0.00005235      0.00023705      0.00000334
     0.00000977      0.00024536     -0.00014387
     0.00001634     -0.00013683     -0.00005022
    -0.00398524     -0.00206449     -0.00243356
     0.00002012      0.00002729     -0.00002792
     0.00009578     -0.00009061      0.00007387
    -0.00003313      0.00008484      0.00008378
    -0.00004641     -0.00008052      0.00007927
     0.00000968      0.00016614      0.00002540
     0.00092826     -0.00037218      0.00066342
    -0.00049531     -0.00024219     -0.00017140
    -0.00003355     -0.00010119     -0.00002456
     0.00001454     -0.00005269      0.00000565
     0.00013368      0.00004527     -0.00010364
     0.04403750      0.02943852     -0.05011571
     0.00023657     -0.00025303     -0.00053252
     0.00007455     -0.00001246     -0.00006834
     0.00001386      0.00001922      0.00003083
     0.00006582      0.00033621      0.00011893
     0.00007206      0.00002242     -0.00004175
    -0.00001414     -0.00002273      0.00002121
    -0.00008432     -0.00009706     -0.00026086
     0.00025725      0.00011404      0.00010322
     0.00004623     -0.00008230      0.00000132
     0.00020117     -0.00032933      0.00105344
    -0.00011411     -0.00015647      0.00011579
     0.00007298     -0.00000779     -0.00014700
     0.00007417      0.00012420     -0.00014436
     0.00005768      0.00002336     -0.00007509
     0.00003006      0.00008779      0.00002536
     0.00038056      0.00065033     -0.00078633
     0.00002262     -0.00006876      0.00003521
    -0.00004551     -0.00009920     -0.00008385
    -0.00007108     -0.00013509     -0.00000108
     0.00024275      0.00163773      0.00150158
     0.00007027      0.00013671     -0.00023849
     0.00006502      0.00005156     -0.00010374
    -0.00009113      0.00009953     -0.00008243
     0.00013676     -0.00012793     -0.00010288
    -0.01677663     -0.01445005      0.01393339
     0.00005994     -0.00004727      0.00001768
    -0.00001621     -0.00004337     -0.00001753
     0.00000445      0.00000789     -0.00001199
     0.00007883      0.00028766      0.00024397
     0.00017899     -0.00034149     -0.00017843
    -0.00001592     -0.00011326      0.00006041
1  0.00000000  0.00000000  -0.00164545
     0.37436442      0.38001728     -0.38001729
     0.00004949     -0.00003812     -0.00002120
     0.00004945     -0.00001731      0.00001730
    -0.00001927     -0.00003399      0.00007268
     0.00013916      0.00014275     -0.00014275
    -0.00001927     -0.00007268      0.00003398
     0.00006657     -0.00002533      0.00002533
     0.00004949      0.00002120      0.00003812
     0.00027552      0.00028632     -0.00025436
    -0.00011632      0.00006366      0.00002534
    -0.00007099     -0.00008194      0.00003999
     0.00003907      0.00003233      0.00001753
    -0.00000242      0.00006775      0.00000457
     0.00007055      0.00019489     -0.00001018
     0.00001538      0.00000613     -0.00005009
     0.00008747      0.00001056     -0.00001053
    -0.00032833      0.00039061      0.00038100
    -0.00001859      0.00003836      0.00005137
     0.00000643     -0.00000111      0.00017286
     0.00000231      0.00000556     -0.00004158
    -0.00001463      0.00024452     -0.00013235
     0.00002896      0.00000212     -0.00001036
     0.00002692      0.00014610     -0.00001403
     0.00005905      0.00007761      0.00017100
    -0.00114196     -0.00060291      0.00037227
     0.00007221     -0.00026787     -0.00019162
    -0.00005459      0.00003672      0.00006008
    -0.00004279      0.00000534      0.00009258
     0.00022513     -0.00013446     -0.00018765
     0.00014959     -0.00001661     -0.00008487
     0.00006004      0.00007686      0.00010384
     0.00004969      0.00001997     -0.00000710
    -0.00007213      0.00051752     -0.00116892
    -0.00007661     -0.00004384      0.00007083
    -0.00020519      0.00005022      0.00005345
    -0.00002770     -0.00000425      0.00002810
     0.00034625      0.00014900     -0.00022091
     0.00000326      0.00016431      0.00002851
     0.00006403      0.00001095     -0.00005627
    -0.00005466     -0.00001324      0.00006587
     0.00019879     -0.00001051     -0.00048322
     0.00006689     -0.00003445     -0.00006854
     0.00004671      0.00000995      0.00004841
    -0.00000397      0.00000309     -0.00004832
    -0.00029603     -0.00031972      0.00012952
     0.00002335     -0.00000939     -0.00002631
     0.00010977      0.00004036      0.00004104
     0.00001889      0.00006234     -0.00004970
     0.00005883     -0.00017122     -0.00007783
    -0.00032855     -0.00038122     -0.00039082
     0.00002874      0.00001015     -0.00000233
     0.00000621     -0.00017307      0.00000090
     0.00000210      0.00004137     -0.00000578
    -0.00001485      0.00013214     -0.00024474
    -0.00001881     -0.00005158     -0.00003858
     0.00002670      0.00001381     -0.00014631
     0.00007202      0.00019150      0.00026772
     0.00005985     -0.00010396     -0.00007700
    -0.00004299     -0.00009271     -0.00000549
     0.00022493      0.00018753      0.00013431
     0.00014940      0.00008474      0.00001646
    -0.00005478     -0.00006021     -0.00003686
     0.00004950      0.00000698     -0.00002012
    -0.00114216     -0.00037240      0.00060276
    -0.00000383      0.00004820     -0.00000289
    -0.00029589     -0.00012965      0.00031992
     0.00006704      0.00006841      0.00003464
     0.00010991     -0.00004117     -0.00004016
     0.00001903      0.00004957     -0.00006214
     0.00019893      0.00048310      0.00001071
     0.00002349      0.00002619      0.00000959
     0.00004685     -0.00004854     -0.00000976
    -0.00676038     -0.00888462      0.00888461
    -0.00000589     -0.00005826     -0.00003687
     0.00002959     -0.00002868      0.00002867
    -0.00001818      0.00005777     -0.00001521
     0.00000907     -0.00004427      0.00004427
    -0.00001818      0.00001521     -0.00005778
     0.00005633      0.00003822     -0.00003822
    -0.00000589      0.00003686      0.00005825
     0.00000340     -0.00002832     -0.00016444
    -0.00020504     -0.00005325     -0.00005035
    -0.00005452     -0.00006567      0.00001311
    -0.00007199      0.00116911     -0.00051765
    -0.00007646     -0.00007064      0.00004371
     0.00006417      0.00005646     -0.00001108
    -0.00002755     -0.00002790      0.00000413
     0.00034640      0.00022110     -0.00014913
    -0.00011651     -0.00002548     -0.00006379
     0.00001518      0.00004995     -0.00000625
     0.00003887     -0.00001768     -0.00003245
    -0.00000262     -0.00000471     -0.00006788
     0.00007036      0.00001003     -0.00019501
    -0.00007119     -0.00004013      0.00008182
     0.00008727      0.00001039     -0.00001068
     0.00027532      0.00025422     -0.00028645
    -0.33821787     -0.35238452      0.35238456
    -0.00024376      0.00030154     -0.00005169
     0.00004356      0.00005514     -0.00005510
    -0.00001468     -0.00002813      0.00005575
    -0.00058879     -0.00014339      0.00014344
    -0.00001468     -0.00005571      0.00002818
     0.00009856      0.00006576     -0.00006571
    -0.00024376      0.00005173     -0.00030150
     0.00203101     -0.00174219      0.00028683
     0.00009151     -0.00013915     -0.00011122
     0.00033204     -0.00009478     -0.00026786
    -0.00007433     -0.00001467      0.00010144
    -0.00030293      0.00001730      0.00010606
     0.00013950      0.00000795      0.00008794
     0.00026443     -0.00000161      0.00000159
    -0.00016718     -0.00005483     -0.00019098
    -0.00163433      0.00078988     -0.00078943
     0.00018785      0.00013646      0.00005305
     0.00079962      0.00008594     -0.00008549
    -0.00000786      0.00004243     -0.00001393
     0.00045321      0.00041404     -0.00041359
    -0.00000786      0.00001438     -0.00004198
     0.00062938     -0.00079003      0.00079048
     0.00018785     -0.00005260     -0.00013601
     0.00116681      0.00653199     -0.00009579
    -0.00021893      0.00034037      0.00035759
    -0.00008299     -0.00004935      0.00003778
     0.00005929      0.00011706     -0.00016349
    -0.00029022     -0.00032601      0.00014282
    -0.00009012      0.00005611      0.00002280
    -0.00000074      0.00000575     -0.00001161
     0.00005996      0.00003853     -0.00000318
     0.00005946      0.00016359     -0.00011719
    -0.00029006     -0.00014272      0.00032588
    -0.00021876     -0.00035749     -0.00034050
    -0.00000057      0.00001171     -0.00000587
     0.00006013      0.00000329     -0.00003866
     0.00116698      0.00009590     -0.00653212
    -0.00008995     -0.00002269     -0.00005624
    -0.00008282     -0.00003768      0.00004922
     0.00013967     -0.00008806     -0.00000784
     0.00033221      0.00026773      0.00009488
    -0.00016702      0.00019086      0.00005494
     0.00203118     -0.00028696      0.00174230
     0.00009168      0.00011109      0.00013925
     0.00026460     -0.00000172      0.00000171
    -0.00007416     -0.00010156      0.00001478
    -0.00030276     -0.00010619     -0.00001719
    -0.01475911     -0.00421494      0.01968462
    -0.00010465     -0.00004436     -0.00021864
    -0.00003436      0.00006252      0.00001724
    -0.00005670     -0.00004156     -0.00015660
     0.00011062      0.00032063      0.00024849
    -0.00016756     -0.00003854     -0.00000185
     0.00001814      0.00005455     -0.00003293
     0.00005711      0.00011181      0.00033954
    -0.00092723     -0.00010287      0.00010311
    -0.00009178      0.00001172      0.00009358
    -0.00152732      0.00079204     -0.00079181
     0.00038179      0.00007885      0.00008164
    -0.00032693     -0.00066570      0.00066594
     0.00038179     -0.00008140     -0.00007862
     0.00003450      0.00007024     -0.00007001
    -0.00009178     -0.00009334     -0.00001148
    -0.00158069     -0.00148358      0.00148382
     0.00006440     -0.00016136      0.00009641
    -0.00015667     -0.00015629      0.00015653
    -0.00006693     -0.00010374      0.00004498
    -0.00048578     -0.00041804      0.00041828
    -0.00006693     -0.00004474      0.00010398
     0.00000152     -0.00022433      0.00022457
     0.00006440     -0.00009617      0.00016160
     0.00005720     -0.00033957     -0.00011185
    -0.01475902     -0.01968466      0.00421491
    -0.00016748      0.00000181      0.00003850
    -0.00003427     -0.00001728     -0.00006256
    -0.00005661      0.00015656      0.00004152
     0.00011071     -0.00024853     -0.00032067
    -0.00010456      0.00021860      0.00004432
     0.00001823      0.00003289     -0.00005459
97  -0.00164545  0.00000000  0.00000000
     0.13701385      0.04190021     -0.13845774
    -0.00006768      0.00035632     -0.00019945
    -0.00007977      0.00005901      0.00002495
    -0.00002209      0.00000918     -0.00004349
     0.00005403      0.00024089     -0.00029349
     0.00004160     -0.00005583      0.00000246
    -0.00014271     -0.00001919     -0.00005039
     0.00004518     -0.00003689      0.00000570
    -0.00242432      0.00336464      0.00249852
     0.00006047      0.00035300     -0.00118597
    -0.00004319     -0.00006412     -0.00020722
    -0.00000365     -0.00003063     -0.00003296
     0.00013177     -0.00008070      0.00002763
    -0.00021503     -0.00024698      0.00006301
    -0.00009660      0.00006531      0.00016283
     0.00000219      0.00002984      0.00005920
     0.00062518      0.00031815      0.00031815
    -0.00021086      0.00050343      0.00050343
    -0.00017374     -0.00013302      0.00021688
     0.00000622      0.00004697      0.00001830
    -0.00017374      0.00021688     -0.00013302
     0.00000622      0.00001830      0.00004697
     0.00074942     -0.00006012     -0.00006012
    -0.00047501      0.00023612      0.00023612
    -0.00242432      0.00249852      0.00336464
     0.00006047     -0.00118597      0.00035300
     0.00013177      0.00002763     -0.00008070
    -0.00021503      0.00006301     -0.00024698
    -0.00004319     -0.00020722     -0.00006412
    -0.00000365     -0.00003296     -0.00003063
    -0.00009660      0.00016283      0.00006531
     0.00000219      0.00005920      0.00002984
    -0.00206446      0.00306371     -0.00296227
    -0.00012411      0.00015319     -0.00014567
     0.00024199      0.00004671      0.00014630
     0.00002894     -0.00004510     -0.00005723
    -0.00009694      0.00000859      0.00013227
     0.00009656      0.00003563     -0.00018396
     0.00008220      0.00005376     -0.00009704
    -0.00000511     -0.00007126      0.00022883
    -0.00206446     -0.00296227      0.00306371
    -0.00012411     -0.00014567      0.00015319
    -0.00009694      0.00013227      0.00000859
     0.00009656     -0.00018396      0.00003563
     0.00024199      0.00014630      0.00004671
     0.00002894     -0.00005723     -0.00004510
     0.00008220     -0.00009704      0.00005376
    -0.00000511      0.00022883     -0.00007126
     0.00080928     -0.00072611     -0.00072611
     0.00175873      0.00079828      0.00079828
     0.00006350     -0.00003098      0.00003659
     0.00009260     -0.00014051     -0.00005915
     0.00006350      0.00003659     -0.00003098
     0.00009260     -0.00005915     -0.00014051
    -0.00009409      0.00022764      0.00022764
    -0.00139225     -0.00042949     -0.00042949
    -0.00053592      0.00075789     -0.00072612
    -0.00025834      0.00016600      0.00009827
    -0.00003937     -0.00001045      0.00007215
     0.00017194      0.00013484      0.00022339
     0.00001404      0.00001531     -0.00003008
     0.00000250     -0.00007333     -0.00003059
     0.00013349     -0.00001820     -0.00007205
     0.00405149      0.00555259     -0.00211055
    -0.00017888     -0.00009983     -0.00019433
    -0.00003178     -0.00005048      0.00012101
     0.00013383      0.00014298      0.00002684
     0.00003772      0.00025842     -0.00002753
     0.00007552     -0.00005786      0.00029663
    -0.00044850     -0.00044941     -0.00055843
    -0.00003196     -0.00006116     -0.00004293
     0.00011845     -0.00006843     -0.00001033
     0.13701385     -0.13845774      0.04190021
    -0.00006768     -0.00019945      0.00035632
     0.00005403     -0.00029349      0.00024089
     0.00004160      0.00000246     -0.00005583
    -0.00007977      0.00002495      0.00005901
    -0.00002209     -0.00004349      0.00000918
    -0.00014271     -0.00005039     -0.00001919
     0.00004518      0.00000570     -0.00003689
    -0.00017888     -0.00019433     -0.00009983
    -0.00003178      0.00012101     -0.00005048
     0.00007552      0.00029663     -0.00005786
    -0.00044850     -0.00055843     -0.00044941
     0.00013383      0.00002684      0.00014298
     0.00003772     -0.00002753      0.00025842
    -0.00003196     -0.00004293     -0.00006116
     0.00011845     -0.00001033     -0.00006843
    -0.00053592     -0.00072612      0.00075789
    -0.00025834      0.00009827      0.00016600
     0.00001404     -0.00003008      0.00001531
     0.00000250     -0.00003059     -0.00007333
    -0.00003937      0.00007215     -0.00001045
     0.00017194      0.00022339      0.00013484
     0.00013349     -0.00007205     -0.00001820
     0.00405149     -0.00211055      0.00555259
    -0.55840439      0.29694321      0.29694321
     0.00044466     -0.00084463     -0.00084463
     0.00031414     -0.00009135      0.00002256
    -0.00011504     -0.00022540     -0.00026810
     0.00031414      0.00002256     -0.00009135
    -0.00011504     -0.00026810     -0.00022540
     0.00024823      0.00008137      0.00008137
     0.00019455     -0.00067529     -0.00067529
     0.04579696     -0.04335204      0.00656198
     0.00034228     -0.00158919      0.00028388
     0.00046016     -0.00086661      0.00083831
    -0.00002720     -0.00004203     -0.00004034
     0.00003526      0.00009600      0.00006246
    -0.00007134     -0.00031868     -0.00017991
    -0.00030654     -0.00014543      0.00021208
    -0.00039096     -0.00035818     -0.00084168
     0.00188924     -0.00169088     -0.00169088
    -0.00100863     -0.00034839     -0.00034839
    -0.00034790      0.00040212     -0.00026935
    -0.00002318      0.00016685     -0.00004141
    -0.00034790     -0.00026935      0.00040212
    -0.00002318     -0.00004141      0.00016685
     0.00174990     -0.00135812     -0.00135812
     0.00037219     -0.00006503     -0.00006503
     0.04579696      0.00656198     -0.04335204
     0.00034228      0.00028388     -0.00158919
     0.00003526      0.00006246      0.00009600
    -0.00007134     -0.00017991     -0.00031868
     0.00046016      0.00083831     -0.00086661
    -0.00002720     -0.00004034     -0.00004203
    -0.00030654      0.00021208     -0.00014543
    -0.00039096     -0.00084168     -0.00035818
     0.00043262     -0.00052619     -0.00025797
     0.00042449     -0.00049872     -0.00103861
     0.00045907     -0.00121932     -0.00036238
     0.00058524     -0.00032394     -0.00033774
     0.00099737     -0.00044277     -0.00108574
     0.00462067      0.01062443      0.02384310
     0.00018979     -0.00002153      0.00006617
     0.00034013     -0.00035760      0.00017114
     0.00043262     -0.00025797     -0.00052619
     0.00042449     -0.00103861     -0.00049872
     0.00099737     -0.00108574     -0.00044277
     0.00462067      0.02384310      0.01062443
     0.00045907     -0.00036238     -0.00121932
     0.00058524     -0.00033774     -0.00032394
     0.00018979      0.00006617     -0.00002153
     0.00034013      0.00017114     -0.00035760
     0.14993929     -0.08776806     -0.08776806
    -0.00042422      0.00097099      0.00097099
     0.00007263     -0.00001265      0.00026192
     0.00000855      0.00020853     -0.00016967
     0.00007263      0.00026192     -0.00001265
     0.00000855     -0.00016967      0.00020853
     0.00012965      0.00018645      0.00018645
    -0.00000775      0.00038045      0.00038045
     0.00031622      0.00085232     -0.00027997
    -0.00003786      0.00017992     -0.00025477
    -0.00443822     -0.01039725     -0.01630983
    -0.00087909      0.00127864      0.00095495
    -0.00032496      0.00030058     -0.00011536
     0.00009467      0.00086631      0.00085786
    -0.00024463      0.00001893      0.00014047
     0.00007232      0.00029384      0.00012021
     0.00031622     -0.00027997      0.00085232
    -0.00003786     -0.00025477      0.00017992
    -0.00032496     -0.00011536      0.00030058
     0.00009467      0.00085786      0.00086631
    -0.00443822     -0.01630983     -0.01039725
    -0.00087909      0.00095495      0.00127864
    -0.00024463      0.00014047      0.00001893
     0.00007232      0.00012021      0.00029384
    -0.00106272      0.00063506      0.00063506
     0.03947607     -0.08702890     -0.08702890
     0.00000280      0.00014892      0.00017970
    -0.00071877      0.00077664     -0.00023980
     0.00000280      0.00017970      0.00014892
    -0.00071877     -0.00023980      0.00077664
    -0.00136295      0.00010633      0.00010633
    -0.00045476      0.00004487      0.00004487
97  0.00000000  0.00000000  -0.00164545
    -0.28222319     -0.31428101      0.31428100
     0.00009525     -0.00005632     -0.00007911
     0.00020216     -0.00000992      0.00000991
    -0.00003740     -0.00002839      0.00003610
    -0.00009928     -0.00029787      0.00029786
    -0.00003740     -0.00003610      0.00002838
     0.00014442      0.00003414     -0.00003415
     0.00009525      0.00007910      0.00005632
     0.00494368     -0.00418854      0.00357671
     0.00065640      0.00018096      0.00066488
     0.00019548      0.00014651     -0.00017582
     0.00007698      0.00001117     -0.00005235
    -0.00013158     -0.00016038      0.00002737
     0.00020268      0.00022304     -0.00002443
     0.00035654      0.00003394      0.00010430
    -0.00006236      0.00003687     -0.00006765
    -0.00125274      0.00050316     -0.00008027
     0.00017420     -0.00014657     -0.00012693
     0.00001625      0.00002487     -0.00041819
    -0.00004886     -0.00004790      0.00004713
     0.00006515      0.00006805     -0.00001983
    -0.00002431     -0.00003143     -0.00001585
     0.00031443     -0.00010225     -0.00028698
    -0.00017839     -0.00065119     -0.00030639
    -0.00701700     -0.00818359      0.00669110
    -0.00015064     -0.00019474      0.00024433
     0.00000386     -0.00009157      0.00017618
     0.00003905      0.00004284      0.00000892
    -0.00032824      0.00060670      0.00003243
    -0.00007721      0.00005519      0.00004319
    -0.00001861     -0.00018902      0.00007674
    -0.00006974     -0.00006194     -0.00004558
     0.00285320     -0.00287571      0.00011505
     0.00017525      0.00020494     -0.00017392
     0.00030542      0.00003164      0.00028961
    -0.00006811     -0.00000203      0.00012166
     0.00002018     -0.00032063     -0.00000574
     0.00013508      0.00007432     -0.00006774
    -0.00005579      0.00010646      0.00002112
    -0.00004815     -0.00003682     -0.00006568
    -0.00047980      0.00241608     -0.00074398
    -0.00016435      0.00031062     -0.00019417
     0.00001705     -0.00018682      0.00025401
    -0.00005952      0.00004066     -0.00015793
    -0.00044403     -0.00026964     -0.00016599
     0.00006524     -0.00010634     -0.00000217
    -0.00004242      0.00008150      0.00010139
    -0.00003154      0.00013276      0.00006191
    -0.00017861      0.00030618      0.00065097
    -0.00125296      0.00008006     -0.00050338
    -0.00002453      0.00001564      0.00003122
     0.00001603      0.00041797     -0.00002509
    -0.00004908     -0.00004734      0.00004769
     0.00006493      0.00001962     -0.00006826
     0.00017398      0.00012671      0.00014635
     0.00031421      0.00028677      0.00010203
    -0.00015083     -0.00024445      0.00019459
    -0.00001880     -0.00007687      0.00018887
     0.00003886     -0.00000904     -0.00004299
    -0.00032843     -0.00003256     -0.00060685
    -0.00007740     -0.00004332     -0.00005534
     0.00000367     -0.00017630      0.00009143
    -0.00006993      0.00004545      0.00006179
    -0.00701720     -0.00669122      0.00818345
    -0.00005937      0.00015780     -0.00004046
    -0.00044388      0.00016586      0.00026984
    -0.00016421      0.00019405     -0.00031043
    -0.00004228     -0.00010152     -0.00008131
    -0.00003140     -0.00006204     -0.00013257
    -0.00047965      0.00074385     -0.00241589
     0.00006538      0.00000205      0.00010654
     0.00001720     -0.00025414      0.00018702
     0.03127390     -0.15666261      0.15666260
    -0.00005700      0.00025082     -0.00028446
     0.00002631      0.00018222     -0.00018222
     0.00002575     -0.00001348      0.00003635
    -0.00005897     -0.00001933      0.00001932
     0.00002575     -0.00003635      0.00001348
     0.00014168      0.00007962     -0.00007962
    -0.00005700      0.00028446     -0.00025083
     0.00013522      0.00006794     -0.00007445
     0.00030556     -0.00028941     -0.00003177
    -0.00004801      0.00006588      0.00003669
     0.00285334     -0.00011485      0.00287558
     0.00017539      0.00017412     -0.00020506
    -0.00005565     -0.00002092     -0.00010659
    -0.00006797     -0.00012147      0.00000191
     0.00002032      0.00000594      0.00032051
     0.00065620     -0.00066502     -0.00018108
     0.00035635     -0.00010444     -0.00003407
     0.00007679      0.00005220     -0.00001130
    -0.00013178     -0.00002752      0.00016026
     0.00020248      0.00002428     -0.00022317
     0.00019529      0.00017567     -0.00014663
    -0.00006255      0.00006751     -0.00003700
     0.00494348     -0.00357685      0.00418841
     0.55334999      0.72026205     -0.72026200
    -0.00030604     -0.00036461      0.00046886
    -0.00021847      0.00002581     -0.00002576
     0.00010500      0.00006837     -0.00001757
    -0.00043888     -0.00009873      0.00009878
     0.00010500      0.00001761     -0.00006833
    -0.00024468     -0.00001135      0.00001140
    -0.00030604     -0.00046881      0.00036465
     0.00935315     -0.00675687     -0.02033732
    -0.00064477      0.00060983      0.00004529
    -0.00075943      0.00006345     -0.00064917
    -0.00008569     -0.00011305     -0.00006404
    -0.00062395     -0.00046537      0.00020854
    -0.00037972      0.00004353     -0.00022740
    -0.00018618     -0.00021611     -0.00032082
    -0.00019678     -0.00026817      0.00008807
    -0.00183195     -0.00166314      0.00166359
     0.00031316      0.00027319      0.00017334
     0.00071209     -0.00056765      0.00056810
     0.00002357      0.00006102     -0.00006478
    -0.00009598      0.00015959     -0.00015914
     0.00002357      0.00006523     -0.00006057
    -0.00188842     -0.00128267      0.00128312
     0.00031316     -0.00017289     -0.00027274
    -0.06135503      0.03769479      0.06300396
    -0.00014198     -0.00070944     -0.00033593
     0.00024013     -0.00009605      0.00001575
     0.00004410      0.00009085     -0.00025075
    -0.00013875     -0.00127683      0.00024277
    -0.00007553      0.00016311      0.00012997
    -0.00011148     -0.00031859     -0.00000487
    -0.00040599     -0.00022410      0.00016431
     0.00004426      0.00025086     -0.00009098
    -0.00013858     -0.00024266      0.00127670
    -0.00014182      0.00033603      0.00070931
    -0.00011131      0.00000498      0.00031846
    -0.00040582     -0.00016420      0.00022397
    -0.06135487     -0.06300385     -0.03769492
    -0.00007537     -0.00012986     -0.00016324
     0.00024030     -0.00001564      0.00009593
    -0.00037956      0.00022727     -0.00004342
    -0.00075926      0.00064904     -0.00006334
    -0.00019661     -0.00008820      0.00026828
     0.00935332      0.02033719      0.00675697
    -0.00064460     -0.00004542     -0.00060972
    -0.00018601      0.00032069      0.00021622
    -0.00008552      0.00006391      0.00011316
    -0.00062379     -0.00020866      0.00046547
    -0.10199319     -0.09985983      0.11643666
     0.00083865     -0.00072365     -0.00009009
     0.00019606     -0.00039425      0.00038542
    -0.00007951     -0.00003722      0.00026386
     0.00042113      0.00013043      0.00018499
     0.00004453      0.00012504     -0.00005210
     0.00018316     -0.00021788      0.00009653
     0.00058766      0.00047440     -0.00020322
    -0.00025150     -0.00015058      0.00015081
     0.00005819      0.00004907      0.00015453
     0.00413272     -0.00125640      0.00125664
    -0.00036791     -0.00036937     -0.00030315
     0.00064198      0.00081492     -0.00081469
    -0.00036791      0.00030339      0.00036961
     0.00010178     -0.00005210      0.00005234
     0.00005819     -0.00015429     -0.00004884
    -0.00013798      0.00132285     -0.00132261
    -0.00008489      0.00036742     -0.00013575
     0.00018082      0.00106655     -0.00106631
     0.00105951     -0.00012922     -0.00041948
     0.00531234      0.00507658     -0.00507635
     0.00105951      0.00041971      0.00012946
     0.00042723     -0.00022504      0.00022528
    -0.00008489      0.00013598     -0.00036718
     0.00058775      0.00020318     -0.00047444
    -0.10199310     -0.11643670      0.09985979
     0.00004462      0.00005206     -0.00012508
     0.00019615     -0.00038545      0.00039421
    -0.00007942     -0.00026390      0.00003719
     0.00042122     -0.00018503     -0.00013047
     0.00083874      0.00009005      0.00072361
     0.00018325     -0.00009657      0.00021785
145  -0.00164545  0.00000000  0.00000000
     0.02525554     -0.01809869     -0.02504748
     0.00036038     -0.00056959     -0.00009994
     0.00005328     -0.00002120     -0.00009604
    -0.00002171     -0.00005128      0.00007221
     0.00012745      0.00040631      0.00010247
     0.00006110      0.00002163     -0.00004512
    -0.00003383      0.00002422     -0.00004095
     0.00010062      0.00007046     -0.00024882
     0.04168395     -0.03930122      0.04271412
    -0.00019918     -0.00018442      0.00034015
    -0.00003830     -0.00026206      0.00028227
     0.00010645     -0.00006313     -0.00003563
     0.00000218     -0.00004316      0.00009085
     0.00004168      0.00012984      0.00002450
    -0.00005269     -0.00000567      0.00003626
     0.00004060     -0.00008657     -0.00005237
     0.00017916     -0.00080258     -0.00080258
     0.00024931     -0.00042624     -0.00042624
     0.00000136     -0.00000352      0.00037624
     0.00002490     -0.00003522     -0.00010118
     0.00000136      0.00037624     -0.00000352
     0.00002490     -0.00010118     -0.00003522
    -0.00121721     -0.00053570     -0.00053570
     0.00014831      0.00014600      0.00014600
     0.04168395      0.04271412     -0.03930122
    -0.00019918      0.00034015     -0.00018442
     0.00000218      0.00009085     -0.00004316
     0.00004168      0.00002450      0.00012984
    -0.00003830      0.00028227     -0.00026206
     0.00010645     -0.00003563     -0.00006313
    -0.00005269      0.00003626     -0.00000567
     0.00004060     -0.00005237     -0.00008657
    -0.01302250      0.01181716     -0.01040817
    -0.00003413     -0.00000482      0.00004587
    -0.00018253     -0.00017361     -0.00002251
    -0.00008269      0.00000291      0.00009809
    -0.00006285      0.00006543     -0.00001869
    -0.00001856     -0.00009362     -0.00004442
    -0.00006435     -0.00005529      0.00000898
     0.00001301      0.00004393     -0.00021316
    -0.01302250     -0.01040817      0.01181716
    -0.00003413      0.00004587     -0.00000482
    -0.00006285     -0.00001869      0.00006543
    -0.00001856     -0.00004442     -0.00009362
    -0.00018253     -0.00002251     -0.00017361
    -0.00008269      0.00009809      0.00000291
    -0.00006435      0.00000898     -0.00005529
     0.00001301     -0.00021316      0.00004393
    -0.00092025     -0.00028729     -0.00028729
    -0.00007419     -0.00001789     -0.00001789
    -0.00007182     -0.00023969     -0.00003184
    -0.00011666     -0.00009231      0.00010260
    -0.00007182     -0.00003184     -0.00023969
    -0.00011666      0.00010260     -0.00009231
    -0.00010430     -0.00016305     -0.00016305
     0.00014929     -0.00018065     -0.00018065
    -0.00057485     -0.00037280     -0.00069465
     0.00009956     -0.00000053      0.00002637
    -0.00004626      0.00002074     -0.00021428
    -0.00000957     -0.00000221     -0.00003755
    -0.00005456      0.00006280     -0.00001274
     0.00006622     -0.00006826      0.00001314
     0.00007184     -0.00002439     -0.00012508
    -0.00173317     -0.00024088      0.00146347
     0.00024495     -0.00006109      0.00009701
    -0.00017745      0.00003326     -0.00030534
     0.00024287     -0.00026197      0.00046065
     0.00002983     -0.00014187      0.00003909
    -0.00017203     -0.00002825     -0.00009268
     0.00028076     -0.00017790      0.00099680
     0.00000069      0.00005854      0.00003211
    -0.00000810     -0.00005958     -0.00005986
     0.02525554     -0.02504748     -0.01809869
     0.00036038     -0.00009994     -0.00056959
     0.00012745      0.00010247      0.00040631
     0.00006110     -0.00004512      0.00002163
     0.00005328     -0.00009604     -0.00002120
    -0.00002171      0.00007221     -0.00005128
    -0.00003383     -0.00004095      0.00002422
     0.00010062     -0.00024882      0.00007046
     0.00024495      0.00009701     -0.00006109
    -0.00017745     -0.00030534      0.00003326
    -0.00017203     -0.00009268     -0.00002825
     0.00028076      0.00099680     -0.00017790
     0.00024287      0.00046065     -0.00026197
     0.00002983      0.00003909     -0.00014187
     0.00000069      0.00003211      0.00005854
    -0.00000810     -0.00005986     -0.00005958
    -0.00057485     -0.00069465     -0.00037280
     0.00009956      0.00002637     -0.00000053
    -0.00005456     -0.00001274      0.00006280
     0.00006622      0.00001314     -0.00006826
    -0.00004626     -0.00021428      0.00002074
    -0.00000957     -0.00003755     -0.00000221
     0.00007184     -0.00012508     -0.00002439
    -0.00173317      0.00146347     -0.00024088
     0.12932331     -0.13697381     -0.13697381
    -0.00164736      0.00023024      0.00023024
    -0.00019688     -0.00001751     -0.00000427
     0.00015803      0.00015690      0.00001641
    -0.00019688     -0.00000427     -0.00001751
     0.00015803      0.00001641      0.00015690
    -0.00028893     -0.00003098     -0.00003098
    -0.00026976      0.00026164      0.00026164
     0.13777487     -0.10078233     -0.08100998
     0.00068916      0.00073928      0.00043276
     0.00053987      0.00086155     -0.00010486
    -0.00009491      0.00020592     -0.00008445
     0.00013769     -0.00007174     -0.00037766
     0.00029162      0.00015680     -0.00000913
     0.00016637     -0.00025374      0.00001368
    -0.00005303      0.00057630      0.00060644
     0.00004506      0.00104707      0.00104707
     0.00147838      0.00051017      0.00051017
    -0.00020306     -0.00047127     -0.00015745
     0.00030499      0.00011091      0.00018024
    -0.00020306     -0.00015745     -0.00047127
     0.00030499      0.00018024      0.00011091
     0.00146173      0.00159480      0.00159480
    -0.00038357     -0.00024548     -0.00024548
     0.13777487     -0.08100998     -0.10078233
     0.00068916      0.00043276      0.00073928
     0.00013769     -0.00037766     -0.00007174
     0.00029162     -0.00000913      0.00015680
     0.00053987     -0.00010486      0.00086155
    -0.00009491     -0.00008445      0.00020592
     0.00016637      0.00001368     -0.00025374
    -0.00005303      0.00060644      0.00057630
    -0.00021313      0.00038936      0.00000457
    -0.00013124      0.00021668      0.00143505
    -0.00030536     -0.00020998      0.00029744
    -0.00014635     -0.00024305      0.00007761
    -0.00114549      0.00047971      0.00123788
     0.01386407      0.00470564     -0.01330829
    -0.00008716      0.00021187      0.00004260
    -0.00000373      0.00024529      0.00014051
    -0.00021313      0.00000457      0.00038936
    -0.00013124      0.00143505      0.00021668
    -0.00114549      0.00123788      0.00047971
     0.01386407     -0.01330829      0.00470564
    -0.00030536      0.00029744     -0.00020998
    -0.00014635      0.00007761     -0.00024305
    -0.00008716      0.00004260      0.00021187
    -0.00000373      0.00014051      0.00024529
    -0.48564535      0.39451079      0.39451079
     0.00040254     -0.00006893     -0.00006893
    -0.00001133     -0.00048927     -0.00004900
    -0.00006656     -0.00003960      0.00049034
    -0.00001133     -0.00004900     -0.00048927
    -0.00006656      0.00049034     -0.00003960
    -0.00059166     -0.00004018     -0.00004018
    -0.00078260     -0.00012537     -0.00012537
     0.00031693     -0.00098513      0.00072801
    -0.00002034     -0.00029276      0.00017271
    -0.01504208      0.02426507      0.01392716
     0.00073928     -0.00113301     -0.00111726
     0.00019525      0.00021920     -0.00008253
    -0.00043299     -0.00098249      0.00000552
     0.00032060      0.00031850     -0.00013929
    -0.00008816      0.00000303     -0.00013334
     0.00031693      0.00072801     -0.00098513
    -0.00002034      0.00017271     -0.00029276
     0.00019525     -0.00008253      0.00021920
    -0.00043299      0.00000552     -0.00098249
    -0.01504208      0.01392716      0.02426507
     0.00073928     -0.00111726     -0.00113301
     0.00032060     -0.00013929      0.00031850
    -0.00008816     -0.00013334      0.00000303
     0.00138473     -0.00124071     -0.00124071
    -0.02264737     -0.06804725     -0.06804725
    -0.00011235      0.00006665     -0.00020099
     0.00050737     -0.00089302      0.00013769
    -0.00011235     -0.00020099      0.00006665
     0.00050737      0.00013769     -0.00089302
    -0.00002932     -0.00059030     -0.00059030
     0.00021332     -0.00006335     -0.00006335
