#  T(K)     E(eV/cell)    F(eV/cell)    Fc(eV/cell)   S(kB/cell)    Cv(kB/cell)
   10.00    7.87959395    7.87942172    0.43908425    0.19985931    0.65227549
   20.00    7.88121447    7.87880117    0.74914919    1.40024577    3.21377021
   30.00    7.88506988    7.87684643    1.01051659    3.18095187    5.64370733
   40.00    7.89078327    7.87328906    1.24025974    5.07526776    7.53489804
   50.00    7.89793935    7.86811392    1.44648732    6.92215333    9.01840225
   60.00    7.90624850    7.86138570    1.63397522    8.67680005   10.22971684
   70.00    7.91551941    7.85318800    1.80587921   10.33316476   11.26399135
   80.00    7.92563118    7.84360286    1.96444221   11.89866675   12.19131021
   90.00    7.93651503    7.83270359    2.11134125   13.38527093   13.06300494
  100.00    7.94813930    7.82055265    2.24787804   14.80572621   13.91452942
  110.00    7.96049730    7.80720183    2.37509248   16.17190194   14.76890653
  120.00    7.97359813    7.79269334    2.49383453   17.49416827   15.64037054
  130.00    7.98746049    7.77706111    2.60481192   18.78129641   16.53736667
  140.00    8.00210863    7.76033219    2.70862319   20.04058570   17.46464508
  150.00    8.01756980    7.74252788    2.80578108   21.27806391   18.42457855
  160.00    8.03387258    7.72366476    2.89672986   22.49868962   19.41794521
  170.00    8.05104570    7.70375557    2.98185811   23.70652998   20.44438810
  180.00    8.06911718    7.68280981    3.06150862   24.90490846   21.50269690
  190.00    8.08811372    7.66083446    3.13598604   26.09652502   22.59099824
  200.00    8.10806018    7.63783436    3.20556289   27.28355396   23.70690057
  210.00    8.12897915    7.61381270    3.27048441   28.46772428   24.84761576
  220.00    8.15089072    7.58877132    3.33097246   29.65038671   26.01006672
  230.00    8.17381222    7.56271107    3.38722870   30.83257030   27.19098412
  240.00    8.19775810    7.53563201    3.43943723   32.01503092   28.38699287
  250.00    8.22273991    7.50753366    3.48776682   33.19829316   29.59468813
  260.00    8.24876625    7.47841518    3.53237271   34.38268673   30.81070055
  270.00    8.27584289    7.44827551    3.57339818   35.56837835   32.03175100
  280.00    8.30397279    7.41711351    3.61097591   36.75539955   33.25469484
  290.00    8.33315628    7.38492806    3.64522909   37.94367101   34.47655669
  300.00    8.36339123    7.35171815    3.67627239   39.13302381   35.69455627
