           -19.95000             0.00000
           -19.85000             0.00000
           -19.75000             0.00000
           -19.65000             0.00000
           -19.55000             0.00000
           -19.45000             0.00000
           -19.35000             0.00000
           -19.25000             0.00000
           -19.15000             0.00000
           -19.05000             0.00000
           -18.95000             0.00000
           -18.85000             0.00000
           -18.75000             0.00000
           -18.65000             0.00000
           -18.55000             0.00000
           -18.45000             0.00000
           -18.35000             0.00000
           -18.25000             0.00000
           -18.15000             0.00000
           -18.05000             0.00000
           -17.95000             0.00000
           -17.85000             0.00000
           -17.75000             0.00000
           -17.65000             0.00000
           -17.55000             0.00000
           -17.45000             0.00000
           -17.35000             0.00000
           -17.25000             0.00000
           -17.15000             0.00000
           -17.05000             0.00000
           -16.95000             0.00000
           -16.85000             0.00000
           -16.75000             0.00000
           -16.65000             0.00000
           -16.55000             0.00000
           -16.45000             0.00000
           -16.35000             0.00000
           -16.25000             0.00000
           -16.15000             0.00000
           -16.05000             0.00000
           -15.95000             0.00000
           -15.85000             0.00000
           -15.75000             0.00000
           -15.65000             0.00000
           -15.55000             0.00000
           -15.45000             0.00000
           -15.35000             0.00000
           -15.25000             0.00000
           -15.15000             0.00000
           -15.05000             0.00000
           -14.95000             0.00000
           -14.85000             0.00000
           -14.75000             0.00000
           -14.65000             0.00000
           -14.55000             0.00000
           -14.45000             0.00000
           -14.35000             0.00000
           -14.25000             0.00000
           -14.15000             0.00000
           -14.05000             0.00000
           -13.95000             0.00000
           -13.85000             0.00000
           -13.75000             0.00000
           -13.65000             0.00000
           -13.55000             0.00000
           -13.45000             0.00000
           -13.35000             0.00000
           -13.25000             0.00000
           -13.15000             0.00000
           -13.05000             0.00000
           -12.95000             0.00000
           -12.85000             0.00000
           -12.75000             0.00000
           -12.65000             0.00000
           -12.55000             0.00000
           -12.45000             0.00000
           -12.35000             0.00000
           -12.25000             0.00000
           -12.15000             0.00000
           -12.05000             0.00000
           -11.95000             0.00000
           -11.85000             0.00000
           -11.75000             0.00000
           -11.65000             0.00000
           -11.55000             0.00000
           -11.45000             0.00000
           -11.35000             0.00000
           -11.25000             0.00000
           -11.15000             0.00000
           -11.05000             0.00000
           -10.95000             0.00000
           -10.85000             0.00000
           -10.75000             0.00000
           -10.65000             0.00000
           -10.55000             0.00000
           -10.45000             0.00000
           -10.35000             0.00000
           -10.25000             0.00000
           -10.15000             0.00000
           -10.05000             0.00000
            -9.95000             0.00000
            -9.85000             0.00000
            -9.75000             0.00000
            -9.65000             0.00000
            -9.55000             0.00000
            -9.45000             0.00000
            -9.35000             0.00000
            -9.25000             0.00000
            -9.15000             0.00000
            -9.05000             0.00000
            -8.95000             0.00000
            -8.85000             0.00000
            -8.75000             0.00000
            -8.65000             0.00000
            -8.55000             0.00000
            -8.45000             0.00000
            -8.35000             0.00000
            -8.25000             0.00000
            -8.15000             0.00000
            -8.05000             0.00000
            -7.95000             0.00000
            -7.85000             0.00000
            -7.75000             0.00000
            -7.65000             0.00000
            -7.55000             0.00000
            -7.45000             0.00000
            -7.35000             0.00000
            -7.25000             0.00000
            -7.15000             0.00000
            -7.05000             0.00000
            -6.95000             0.00000
            -6.85000             0.00000
            -6.75000             0.00000
            -6.65000             0.00000
            -6.55000             0.00000
            -6.45000             0.00000
            -6.35000             0.00000
            -6.25000             0.00000
            -6.15000             0.00000
            -6.05000             0.00000
            -5.95000             0.00000
            -5.85000             0.00000
            -5.75000             0.00000
            -5.65000             0.00000
            -5.55000             0.00000
            -5.45000             0.00000
            -5.35000             0.00000
            -5.25000             0.00000
            -5.15000             0.00000
            -5.05000             0.00000
            -4.95000             0.00000
            -4.85000             0.00000
            -4.75000             0.00000
            -4.65000             0.00000
            -4.55000             0.00000
            -4.45000             0.00000
            -4.35000             0.00000
            -4.25000             0.00000
            -4.15000             0.00000
            -4.05000             0.00000
            -3.95000             0.00000
            -3.85000             0.00000
            -3.75000             0.00000
            -3.65000             0.00000
            -3.55000             0.00000
            -3.45000             0.00000
            -3.35000             0.00000
            -3.25000             0.00000
            -3.15000             0.00000
            -3.05000             0.00000
            -2.95000             0.00000
            -2.85000             0.00000
            -2.75000             0.00000
            -2.65000             0.00000
            -2.55000             0.00000
            -2.45000             0.00000
            -2.35000             0.00000
            -2.25000             0.00000
            -2.15000             0.00000
            -2.05000             0.00000
            -1.95000             0.00000
            -1.85000             0.00000
            -1.75000             0.00000
            -1.65000             0.00000
            -1.55000             0.00000
            -1.45000             0.00000
            -1.35000             0.00000
            -1.25000             0.00000
            -1.15000             0.00000
            -1.05000             0.00000
            -0.95000             0.00000
            -0.85000             0.00000
            -0.75000             0.00000
            -0.65000             0.00000
            -0.55000             0.00000
            -0.45000             0.00021
            -0.35000             0.00106
            -0.25000             0.00106
            -0.15000             0.00042
            -0.05000             0.00000
             0.05000             0.00063
             0.15000             0.00085
             0.25000             0.00233
             0.35000             0.00222
             0.45000             0.00265
             0.55000             0.00497
             0.65000             0.00624
             0.75000             0.00709
             0.85000             0.00878
             0.95000             0.01280
             1.05000             0.01799
             1.15000             0.02434
             1.25000             0.03238
             1.35000             0.04243
             1.45000             0.06212
             1.55000             0.08296
             1.65000             0.11598
             1.75000             0.12899
             1.85000             0.13598
             1.95000             0.15228
             2.05000             0.12085
             2.15000             0.08127
             2.25000             0.07725
             2.35000             0.08392
             2.45000             0.10582
             2.55000             0.12688
             2.65000             0.10899
             2.75000             0.05365
             2.85000             0.09026
             2.95000             0.16190
             3.05000             0.20688
             3.15000             0.10000
             3.25000             0.04857
             3.35000             0.04233
             3.45000             0.04466
             3.55000             0.05757
             3.65000             0.05831
             3.75000             0.03270
             3.85000             0.03968
             3.95000             0.05259
             4.05000             0.07577
             4.15000             0.13122
             4.25000             0.08624
             4.35000             0.02677
             4.45000             0.03534
             4.55000             0.09651
             4.65000             0.06931
             4.75000             0.06677
             4.85000             0.06815
             4.95000             0.10000
             5.05000             0.09164
             5.15000             0.11630
             5.25000             0.06487
             5.35000             0.00974
             5.45000             0.04878
             5.55000             0.06317
             5.65000             0.07852
             5.75000             0.12466
             5.85000             0.13841
             5.95000             0.12000
             6.05000             0.10328
             6.15000             0.02942
             6.25000             0.00000
             6.35000             0.00000
             6.45000             0.00000
             6.55000             0.00000
             6.65000             0.00000
             6.75000             0.00000
             6.85000             0.00000
             6.95000             0.00000
             7.05000             0.00000
             7.15000             0.00000
             7.25000             0.00000
             7.35000             0.00000
             7.45000             0.00000
             7.55000             0.00000
             7.65000             0.00000
             7.75000             0.00000
             7.85000             0.00000
             7.95000             0.00000
             8.05000             0.00000
             8.15000             0.00000
             8.25000             0.00000
             8.35000             0.00000
             8.45000             0.00000
             8.55000             0.00000
             8.65000             0.00000
             8.75000             0.00021
             8.85000             0.00148
             8.95000             0.00222
             9.05000             0.00360
             9.15000             0.00360
             9.25000             0.00455
             9.35000             0.00444
             9.45000             0.00656
             9.55000             0.00656
             9.65000             0.00772
             9.75000             0.00804
             9.85000             0.00857
             9.95000             0.00836
            10.05000             0.00868
            10.15000             0.00910
            10.25000             0.00878
            10.35000             0.01016
            10.45000             0.01037
            10.55000             0.00910
            10.65000             0.01101
            10.75000             0.01132
            10.85000             0.01005
            10.95000             0.01365
            11.05000             0.01058
            11.15000             0.01407
            11.25000             0.01259
            11.35000             0.01407
            11.45000             0.01524
            11.55000             0.01418
            11.65000             0.01767
            11.75000             0.01672
            11.85000             0.02032
            11.95000             0.01937
            12.05000             0.02413
            12.15000             0.02254
            12.25000             0.03175
            12.35000             0.04021
            12.45000             0.04095
            12.55000             0.02487
            12.65000             0.03069
            12.75000             0.02540
            12.85000             0.02804
            12.95000             0.02593
            13.05000             0.02434
            13.15000             0.02360
            13.25000             0.01873
            13.35000             0.01619
            13.45000             0.01524
            13.55000             0.01291
            13.65000             0.01143
            13.75000             0.01259
            13.85000             0.01111
            13.95000             0.01249
            14.05000             0.01238
            14.15000             0.01386
            14.25000             0.01354
            14.35000             0.01556
            14.45000             0.01471
            14.55000             0.01725
            14.65000             0.01439
            14.75000             0.02307
            14.85000             0.01725
            14.95000             0.02709
            15.05000             0.02709
            15.15000             0.03503
            15.25000             0.04571
            15.35000             0.05196
            15.45000             0.05344
            15.55000             0.05926
            15.65000             0.06614
            15.75000             0.04444
            15.85000             0.04984
            15.95000             0.05037
            16.05000             0.05926
            16.15000             0.07767
            16.25000             0.09630
            16.35000             0.12942
            16.45000             0.12148
            16.55000             0.08995
            16.65000             0.05566
            16.75000             0.04974
            16.85000             0.02593
            16.95000             0.02180
            17.05000             0.13683
            17.15000             0.25714
            17.25000             0.22413
            17.35000             0.16116
            17.45000             0.07037
            17.55000             0.05090
            17.65000             0.04444
            17.75000             0.04540
            17.85000             0.04709
            17.95000             0.05831
            18.05000             0.07831
            18.15000             0.07122
            18.25000             0.04265
            18.35000             0.03048
            18.45000             0.02508
            18.55000             0.02000
            18.65000             0.01683
            18.75000             0.01323
            18.85000             0.01090
            18.95000             0.00762
            19.05000             0.00370
            19.15000             0.00000
            19.25000             0.00000
            19.35000             0.00000
            19.45000             0.00000
            19.55000             0.00000
            19.65000             0.00000
            19.75000             0.00000
            19.85000             0.00000
            19.95000             0.00000
            20.05000             0.00000
            20.15000             0.00000
            20.25000             0.00000
            20.35000             0.00000
            20.45000             0.00000
            20.55000             0.00000
            20.65000             0.00000
            20.75000             0.00000
            20.85000             0.00000
            20.95000             0.00000
            21.05000             0.00000
            21.15000             0.00000
            21.25000             0.00000
            21.35000             0.00508
            21.45000             0.05058
            21.55000             0.18741
            21.65000             0.31069
            21.75000             0.11323
            21.85000             0.04487
            21.95000             0.00243
            22.05000             0.00000
            22.15000             0.00000
            22.25000             0.00000
            22.35000             0.00000
            22.45000             0.00000
            22.55000             0.00000
            22.65000             0.10751
            22.75000             0.18148
            22.85000             0.27725
            22.95000             0.14804
            23.05000             0.00000
            23.15000             0.00000
            23.25000             0.00000
            23.35000             0.00000
            23.45000             0.00000
            23.55000             0.00000
            23.65000             0.00000
            23.75000             0.00000
            23.85000             0.00000
            23.95000             0.00000
            24.05000             0.00000
            24.15000             0.00000
            24.25000             0.00000
            24.35000             0.00000
            24.45000             0.00000
            24.55000             0.00000
            24.65000             0.00000
            24.75000             0.00000
            24.85000             0.00000
            24.95000             0.00000
            25.05000             0.00000
            25.15000             0.00000
            25.25000             0.00000
            25.35000             0.00000
            25.45000             0.00000
            25.55000             0.00000
            25.65000             0.00000
            25.75000             0.00000
            25.85000             0.00000
            25.95000             0.00000
            26.05000             0.00000
            26.15000             0.00000
            26.25000             0.00000
            26.35000             0.00000
            26.45000             0.00000
            26.55000             0.00000
            26.65000             0.00000
            26.75000             0.00000
            26.85000             0.00000
            26.95000             0.00000
            27.05000             0.00000
            27.15000             0.00000
            27.25000             0.00000
            27.35000             0.00000
            27.45000             0.00000
            27.55000             0.00000
            27.65000             0.00000
            27.75000             0.00000
            27.85000             0.00000
            27.95000             0.00000
            28.05000             0.00000
            28.15000             0.00000
            28.25000             0.00000
            28.35000             0.00000
            28.45000             0.00000
            28.55000             0.00000
            28.65000             0.00000
            28.75000             0.00000
            28.85000             0.00000
            28.95000             0.00000
            29.05000             0.00339
            29.15000             0.03534
            29.25000             0.09556
            29.35000             0.28550
            29.45000             0.29450
            29.55000             0.00000
            29.65000             0.00000
            29.75000             0.00000
            29.85000             0.00000
            29.95000             0.00000
