 10.          5.21361054 
 20.          5.21361054 
 30.          5.21361054 
 40.          5.21361078 
 50.          5.21361413 
 60.          5.21363305 
 70.          5.21369567 
 80.          5.21384526 
 90.          5.21413435 
 100.           5.21461815 
 110.           5.21534986 
 120.           5.21637822 
 130.           5.21774674 
 140.           5.21949385 
 150.           5.22165344 
 160.           5.22425556 
 170.           5.22732697 
 180.           5.23089163 
 190.           5.23497109 
 200.           5.23958466 
 210.           5.24474964 
 220.           5.25048142 
 230.           5.25679348 
 240.           5.26369749 
 250.           5.27120333 
 260.           5.27931909 
 270.           5.28805112 
 280.           5.29740412 
 290.           5.30738112 
 300.           5.31798364 
