1 0.0006106905356720483
1 0.0003666876069960469
1 0.00026206041349737945
1 1.737249290042049e-06
0 4.64140488881996e-05
0 5.0165765143129294e-05
0 0.045913811487180156
0 0.045918705378292776
0 0.04591909777252926
0 0.0559779745706627
0 0.055979992865802915
0 0.06233786231697531
0 0.062341833456956625
0 0.06234480381733638
0 0.08059811849311288
0 0.0805989084579254
0 0.08060332108153491
0 0.09006652774025124
0 0.09354748514953153
0 0.0935478583254198
0 0.09354824679752789
0 0.10310140256061455
0 0.1031055074171822
0 0.10310894015439744
0 0.1183057649325397
0 0.11830926597049585
0 0.11831400598240066
0 0.11889765172538894
0 0.11889886104133997
0 0.12525957809114
0 0.1269024452414869
0 0.12691384332560562
0 0.12691538867322352
0 0.14745554387336937
0 0.15036404885618465
0 0.1503669348577856
0 0.15036853865078256
0 0.16086367928436088
0 0.1608731792418306
0 0.16087750788769203
0 0.16466915565572937
0 0.16467551350247447
0 0.16495366777380316
0 0.16495742959327792
0 0.16495841187847485
0 0.16968120270352838
0 0.1696842998066361
0 0.16969016444514493
0 0.182704587957139
0 0.1827097564185626
0 0.18418518879249904
0 0.1841940787915208
0 0.18419419214047733
0 0.18746642054230708
0 0.36786330602424067
0 0.36786339735438944
0 0.3683440790681977
0 0.368345921074796
0 0.3683466139433325
0 0.3699124317966684
0 0.3728377863680726
0 0.3728453862738467
0 0.3728508215607069
0 0.37357405852312997
0 0.3735805304653259
0 0.37358945573908287
