            -0.45000             0.00093
            -0.35000             0.00103
            -0.25000             0.00079
            -0.15000             0.00050
            -0.05000             0.00019
             0.05000             0.00056
             0.15000             0.00135
             0.25000             0.00267
             0.35000             0.00466
             0.45000             0.00622
             0.55000             0.00913
             0.65000             0.01228
             0.75000             0.01482
             0.85000             0.01984
             0.95000             0.02569
             1.05000             0.03151
             1.15000             0.04056
             1.25000             0.04972
             1.35000             0.06072
             1.45000             0.07990
             1.55000             0.07652
             1.65000             0.08022
             1.75000             0.09454
             1.85000             0.10983
             1.95000             0.08562
             2.05000             0.09559
             2.15000             0.10337
             2.25000             0.12637
             2.35000             0.14330
             2.45000             0.16047
             2.55000             0.14417
             2.65000             0.12946
             2.75000             0.14933
             2.85000             0.14370
             2.95000             0.15785
             3.05000             0.14557
             3.15000             0.11512
             3.25000             0.11578
             3.35000             0.10856
             3.45000             0.12914
             3.55000             0.14417
             3.65000             0.11467
             3.75000             0.09694
             3.85000             0.06993
             3.95000             0.05400
             4.05000             0.07379
             4.15000             0.09094
             4.25000             0.12409
             4.35000             0.09110
             4.45000             0.03736
             4.55000             0.04696
             4.65000             0.11393
             4.75000             0.17272
             4.85000             0.07303
             4.95000             0.03876
             5.05000             0.04366
             5.15000             0.05786
             5.25000             0.03956
             5.35000             0.01667
             5.45000             0.00722
             5.55000             0.00000
             5.65000             0.00000
             5.75000             0.00000
             5.85000             0.00000
             5.95000             0.00000
             6.05000             0.00000
             6.15000             0.00000
             6.25000             0.00000
             6.35000             0.00000
             6.45000             0.00000
             6.55000             0.00000
             6.65000             0.00000
             6.75000             0.00000
             6.85000             0.00000
             6.95000             0.00000
             7.05000             0.00000
             7.15000             0.00000
             7.25000             0.00000
             7.35000             0.00000
             7.45000             0.00000
             7.55000             0.00000
             7.65000             0.00000
             7.75000             0.00000
             7.85000             0.00000
             7.95000             0.00000
             8.05000             0.00000
             8.15000             0.00000
             8.25000             0.00000
             8.35000             0.00000
             8.45000             0.00000
             8.55000             0.00000
             8.65000             0.00000
             8.75000             0.00000
             8.85000             0.00000
             8.95000             0.00000
             9.05000             0.00000
             9.15000             0.00000
             9.25000             0.00000
             9.35000             0.00000
             9.45000             0.00000
             9.55000             0.00000
             9.65000             0.00000
             9.75000             0.00000
             9.85000             0.00000
             9.95000             0.00000
            10.05000             0.00000
            10.15000             0.00000
            10.25000             0.00000
            10.35000             0.00000
            10.45000             0.00000
            10.55000             0.00000
            10.65000             0.00000
            10.75000             0.00000
            10.85000             0.00000
            10.95000             0.00000
            11.05000             0.00000
            11.15000             0.00000
            11.25000             0.00000
            11.35000             0.00000
            11.45000             0.00000
            11.55000             0.00000
            11.65000             0.00000
            11.75000             0.00000
            11.85000             0.00000
            11.95000             0.00000
            12.05000             0.00000
            12.15000             0.00000
            12.25000             0.00000
            12.35000             0.00000
            12.45000             0.00000
            12.55000             0.00000
            12.65000             0.00000
            12.75000             0.00000
            12.85000             0.00000
            12.95000             0.00000
            13.05000             0.00000
            13.15000             0.00000
            13.25000             0.00000
            13.35000             0.00000
            13.45000             0.00000
            13.55000             0.00000
            13.65000             0.00000
            13.75000             0.00000
            13.85000             0.00000
            13.95000             0.00000
            14.05000             0.00000
            14.15000             0.00000
            14.25000             0.00000
            14.35000             0.00000
            14.45000             0.00000
            14.55000             0.00000
            14.65000             0.00000
            14.75000             0.00000
            14.85000             0.00000
            14.95000             0.00000
            15.05000             0.00000
            15.15000             0.00000
            15.25000             0.00000
            15.35000             0.00000
            15.45000             0.00000
            15.55000             0.00000
            15.65000             0.00000
            15.75000             0.00000
            15.85000             0.00000
            15.95000             0.00000
            16.05000             0.00000
            16.15000             0.00000
            16.25000             0.00000
            16.35000             0.00000
            16.45000             0.00000
            16.55000             0.00000
            16.65000             0.00000
            16.75000             0.00000
            16.85000             0.00000
            16.95000             0.00000
            17.05000             0.00000
            17.15000             0.00000
            17.25000             0.00000
            17.35000             0.00000
            17.45000             0.00000
            17.55000             0.00000
            17.65000             0.00000
            17.75000             0.00000
            17.85000             0.00000
            17.95000             0.00000
            18.05000             0.00000
            18.15000             0.00000
            18.25000             0.01143
            18.35000             0.36550
            18.45000             0.28641
            18.55000             0.05104
            18.65000             0.00000
            18.75000             0.00000
            18.85000             0.00000
            18.95000             0.00000
            19.05000             0.00000
            19.15000             0.00000
            19.25000             0.00000
            19.35000             0.00000
            19.45000             0.01008
            19.55000             0.30406
            19.65000             0.37232
            19.75000             0.02791
            19.85000             0.00000
            19.95000             0.00000
            20.05000             0.00000
            20.15000             0.00000
            20.25000             0.00000
            20.35000             0.00000
            20.45000             0.00000
            20.55000             0.00000
            20.65000             0.00000
            20.75000             0.00000
            20.85000             0.00000
            20.95000             0.00000
            21.05000             0.00000
            21.15000             0.00000
            21.25000             0.00000
            21.35000             0.00000
            21.45000             0.00000
            21.55000             0.07191
            21.65000             0.12840
            21.75000             0.11054
            21.85000             0.16944
            21.95000             0.10279
            22.05000             0.05622
            22.15000             0.03889
            22.25000             0.02225
            22.35000             0.01127
            22.45000             0.00265
            22.55000             0.00000
            22.65000             0.00000
            22.75000             0.00000
            22.85000             0.00000
            22.95000             0.00000
            23.05000             0.00000
            23.15000             0.00000
            23.25000             0.00000
            23.35000             0.00000
            23.45000             0.00000
            23.55000             0.00000
            23.65000             0.00000
            23.75000             0.00000
            23.85000             0.00000
            23.95000             0.17640
            24.05000             0.24416
            24.15000             0.15013
            24.25000             0.14370
            24.35000             0.00000
            24.45000             0.00000
            24.55000             0.14272
            24.65000             0.25284
            24.75000             0.23590
            24.85000             0.08292
            24.95000             0.00000
            25.05000             0.00000
            25.15000             0.00000
            25.25000             0.00000
            25.35000             0.00000
            25.45000             0.00000
            25.55000             0.00000
            25.65000             0.00000
            25.75000             0.00000
            25.85000             0.00000
            25.95000             0.00000
            26.05000             0.00000
            26.15000             0.00000
            26.25000             0.00000
            26.35000             0.00000
            26.45000             0.00000
            26.55000             0.00000
            26.65000             0.00000
            26.75000             0.00000
            26.85000             0.00000
            26.95000             0.16571
            27.05000             0.30795
            27.15000             0.24072
            27.25000             0.00000
            27.35000             0.00000
            27.45000             0.08028
            27.55000             0.17423
            27.65000             0.15240
            27.75000             0.19384
            27.85000             0.09983
            27.95000             0.08149
            28.05000             0.23164
            28.15000             0.15851
            28.25000             0.22961
            28.35000             0.02688
            28.45000             0.00005
            28.55000             0.00000
            28.65000             0.00000
            28.75000             0.00000
            28.85000             0.00000
            28.95000             0.00000
            29.05000             0.00000
            29.15000             0.00000
            29.25000             0.00000
            29.35000             0.00000
            29.45000             0.00000
            29.55000             0.00000
            29.65000             0.00000
            29.75000             0.00000
            29.85000             0.00000
            29.95000             0.00000
