#  T(K)     E(eV/cell)    F(eV/cell)    Fc(eV/cell)   S(kB/cell)    Cv(kB/cell)
    0.00           NaN    7.68206016           NaN           NaN           NaN
   10.00    7.68215153    7.68202469    0.42984967    0.14718538    0.40294217
   20.00    7.68331692    7.68159851    0.73071187    0.99706160    2.63535344
   30.00    7.68706371    7.68005314    0.98288856    2.71179081    6.14763029
   40.00    7.69390193    7.67676911    1.20344881    4.97042226    9.65386062
   50.00    7.70353418    7.67142387    1.40049930    7.45244840   12.59193375
   60.00    7.71541849    7.66391844    1.57881474    9.96049339   14.88970888
   70.00    7.72904107    7.65427916    1.74155011   12.39386711   16.64789356
   80.00    7.74399344    7.64259218    1.89094778   14.70881941   17.99708188
   90.00    7.75997473    7.62896686    2.02868438   16.89193317   19.05338838
  100.00    7.77677444    7.61351670    2.15606129   18.94515895   19.91029181
  110.00    7.79425343    7.59634997    2.27411815   20.87782149   20.64049349
  120.00    7.81232754    7.57756531    2.38370470   22.70238317   21.29949580
  130.00    7.83095423    7.55725014    2.48552852   24.43218981   21.92888904
  140.00    7.85012179    7.53548045    2.58018798   26.08027791   22.55907728
  150.00    7.86984074    7.51232136    2.66819572   27.65876595   23.21152450
  160.00    7.89013690    7.48782805    2.74999586   29.17857517   23.90061746
  170.00    7.91104602    7.46204683    2.82597692   30.64933849   24.63521182
  180.00    7.93260955    7.43501629    2.89648160   32.07941615   25.41990755
  190.00    7.95487146    7.40676831    2.96181445   33.47596989   26.25609090
  200.00    7.97787585    7.37732910    3.02224795   34.84506617   27.14277619
  210.00    8.00166516    7.34672005    3.07802727   36.19179128   28.07727849
  220.00    8.02627903    7.31495858    3.12937421   37.52036749   29.05574515
  230.00    8.05175339    7.28205877    3.17649038   38.83426438   30.07357129
  240.00    8.07812000    7.24803201    3.21955986   40.13630218   31.12572071
  250.00    8.10540621    7.21288752    3.25875134   41.42874535   32.20697047
  260.00    8.13363484    7.17663275    3.29422004   42.71338631   33.31209433
  270.00    8.16282424    7.13927381    3.32610921   43.99161925   34.43599743
  280.00    8.19298848    7.10081574    3.35455149   45.26450472   35.57381249
  290.00    8.22413757    7.06126278    3.37967004   46.53282566   36.72096559
