#  T(K)     E(eV/cell)    F(eV/cell)    Fc(eV/cell)   S(kB/cell)    Cv(kB/cell)
   10.00   10.47920433   10.47857310    0.62042394    0.73250584    1.37705722
   20.00   10.48198841   10.47715368    1.05020033    2.80521441    5.63843758
   30.00   10.48950526   10.47333110    1.40801799    6.25640493   11.85851713
   40.00   10.50219701   10.46615807    1.71910556   10.45529973   17.37111084
   50.00   10.51904200   10.45527309    1.99544495   14.80005916   21.51185059
   60.00   10.53896745   10.44069178    2.24409335   19.00724670   24.59156509
   70.00   10.56123271   10.42258103    2.46971391   22.98537359   26.99692997
   80.00   10.58537764   10.40114609    2.67562094   26.72381556   28.98635679
   90.00   10.61111359   10.37658720    2.86429253   30.23943470   30.70760728
  100.00   10.63824901   10.34908637    3.03765217   33.55572721   32.24518093
  110.00   10.66665016   10.31880524    3.19723648   36.69589165   33.65259097
  120.00   10.69622231   10.28588635    3.34430142   39.68101757   34.96863769
  130.00   10.72690051   10.25045503    3.47989279   42.52989675   36.22430954
  140.00   10.75864417   10.21262136    3.60489500   45.25923552   37.44533748
  150.00   10.79143291   10.17248183    3.72006576   47.88390276   38.65306076
  160.00   10.82526302   10.13012080    3.82606151   50.41713334   39.86477268
  170.00   10.86014400   10.08561192    3.92345645   52.87068712   41.09398339
  180.00   10.89609550   10.03901927    4.01275713   55.25497850   42.35072711
  190.00   10.93314443    9.99039848    4.09441370   57.57918912   43.64192669
  200.00   10.97132249    9.93979779    4.16882887   59.85137141   44.97179470
  210.00   11.01066397    9.88725893    4.23636501   62.07854677   46.34224545
  220.00   11.05120397    9.83281800    4.29734995   64.26679993   47.75329725
  230.00   11.09297693    9.77650623    4.35208169   66.42136973   49.20344978
  240.00   11.13601546    9.71835067    4.40083227   68.54673591   50.69002765
  250.00   11.18034948    9.65837479    4.44385107   70.64670149   52.20948484
  260.00   11.22600557    9.59659907    4.48136747   72.72447005   53.75766857
  270.00   11.27300654    9.53304143    4.51359321   74.78271771   55.33004296
  280.00   11.32137122    9.46771773    4.54072435   76.82365945   56.92187483
  290.00   11.37111431    9.40064206    4.56294289   78.84910960   58.52838441
  300.00   11.42224642    9.33182712    4.58041832   80.86053678   60.14486492
