           -19.95000             0.00000
           -19.85000             0.00000
           -19.75000             0.00000
           -19.65000             0.00000
           -19.55000             0.00000
           -19.45000             0.00000
           -19.35000             0.00000
           -19.25000             0.00000
           -19.15000             0.00000
           -19.05000             0.00000
           -18.95000             0.00000
           -18.85000             0.00000
           -18.75000             0.00000
           -18.65000             0.00000
           -18.55000             0.00000
           -18.45000             0.00000
           -18.35000             0.00000
           -18.25000             0.00000
           -18.15000             0.00000
           -18.05000             0.00000
           -17.95000             0.00000
           -17.85000             0.00000
           -17.75000             0.00000
           -17.65000             0.00000
           -17.55000             0.00000
           -17.45000             0.00000
           -17.35000             0.00000
           -17.25000             0.00000
           -17.15000             0.00000
           -17.05000             0.00000
           -16.95000             0.00000
           -16.85000             0.00000
           -16.75000             0.00000
           -16.65000             0.00000
           -16.55000             0.00000
           -16.45000             0.00000
           -16.35000             0.00000
           -16.25000             0.00000
           -16.15000             0.00000
           -16.05000             0.00000
           -15.95000             0.00000
           -15.85000             0.00000
           -15.75000             0.00000
           -15.65000             0.00000
           -15.55000             0.00000
           -15.45000             0.00000
           -15.35000             0.00000
           -15.25000             0.00000
           -15.15000             0.00000
           -15.05000             0.00000
           -14.95000             0.00000
           -14.85000             0.00000
           -14.75000             0.00000
           -14.65000             0.00000
           -14.55000             0.00000
           -14.45000             0.00000
           -14.35000             0.00000
           -14.25000             0.00000
           -14.15000             0.00000
           -14.05000             0.00000
           -13.95000             0.00000
           -13.85000             0.00000
           -13.75000             0.00000
           -13.65000             0.00000
           -13.55000             0.00000
           -13.45000             0.00000
           -13.35000             0.00000
           -13.25000             0.00000
           -13.15000             0.00000
           -13.05000             0.00000
           -12.95000             0.00000
           -12.85000             0.00000
           -12.75000             0.00000
           -12.65000             0.00000
           -12.55000             0.00000
           -12.45000             0.00000
           -12.35000             0.00000
           -12.25000             0.00000
           -12.15000             0.00000
           -12.05000             0.00000
           -11.95000             0.00000
           -11.85000             0.00000
           -11.75000             0.00000
           -11.65000             0.00000
           -11.55000             0.00000
           -11.45000             0.00000
           -11.35000             0.00000
           -11.25000             0.00000
           -11.15000             0.00000
           -11.05000             0.00000
           -10.95000             0.00000
           -10.85000             0.00000
           -10.75000             0.00000
           -10.65000             0.00000
           -10.55000             0.00000
           -10.45000             0.00000
           -10.35000             0.00000
           -10.25000             0.00000
           -10.15000             0.00000
           -10.05000             0.00000
            -9.95000             0.00000
            -9.85000             0.00000
            -9.75000             0.00000
            -9.65000             0.00000
            -9.55000             0.00000
            -9.45000             0.00000
            -9.35000             0.00000
            -9.25000             0.00000
            -9.15000             0.00000
            -9.05000             0.00000
            -8.95000             0.00000
            -8.85000             0.00000
            -8.75000             0.00000
            -8.65000             0.00000
            -8.55000             0.00000
            -8.45000             0.00000
            -8.35000             0.00000
            -8.25000             0.00000
            -8.15000             0.00000
            -8.05000             0.00000
            -7.95000             0.00000
            -7.85000             0.00000
            -7.75000             0.00000
            -7.65000             0.00000
            -7.55000             0.00000
            -7.45000             0.00000
            -7.35000             0.00000
            -7.25000             0.00000
            -7.15000             0.00000
            -7.05000             0.00000
            -6.95000             0.00000
            -6.85000             0.00000
            -6.75000             0.00000
            -6.65000             0.00000
            -6.55000             0.00000
            -6.45000             0.00000
            -6.35000             0.00000
            -6.25000             0.00000
            -6.15000             0.00000
            -6.05000             0.00000
            -5.95000             0.00000
            -5.85000             0.00000
            -5.75000             0.00000
            -5.65000             0.00000
            -5.55000             0.00000
            -5.45000             0.00000
            -5.35000             0.00000
            -5.25000             0.00000
            -5.15000             0.00000
            -5.05000             0.00000
            -4.95000             0.00000
            -4.85000             0.00000
            -4.75000             0.00000
            -4.65000             0.00000
            -4.55000             0.00000
            -4.45000             0.00000
            -4.35000             0.00000
            -4.25000             0.00000
            -4.15000             0.00000
            -4.05000             0.00000
            -3.95000             0.00000
            -3.85000             0.00000
            -3.75000             0.00000
            -3.65000             0.00000
            -3.55000             0.00000
            -3.45000             0.00000
            -3.35000             0.00000
            -3.25000             0.00000
            -3.15000             0.00000
            -3.05000             0.00000
            -2.95000             0.00000
            -2.85000             0.00000
            -2.75000             0.00000
            -2.65000             0.00000
            -2.55000             0.00000
            -2.45000             0.00000
            -2.35000             0.00000
            -2.25000             0.00000
            -2.15000             0.00000
            -2.05000             0.00000
            -1.95000             0.00000
            -1.85000             0.00000
            -1.75000             0.00000
            -1.65000             0.00000
            -1.55000             0.00000
            -1.45000             0.00000
            -1.35000             0.00000
            -1.25000             0.00000
            -1.15000             0.00000
            -1.05000             0.00000
            -0.95000             0.00000
            -0.85000             0.00000
            -0.75000             0.00000
            -0.65000             0.00000
            -0.55000             0.00000
            -0.45000             0.00000
            -0.35000             0.00000
            -0.25000             0.00000
            -0.15000             0.00000
            -0.05000             0.00008
             0.05000             0.00010
             0.15000             0.00048
             0.25000             0.00156
             0.35000             0.00274
             0.45000             0.00519
             0.55000             0.00826
             0.65000             0.01372
             0.75000             0.01826
             0.85000             0.02339
             0.95000             0.03226
             1.05000             0.05132
             1.15000             0.06262
             1.25000             0.07396
             1.35000             0.06862
             1.45000             0.05094
             1.55000             0.06285
             1.65000             0.04948
             1.75000             0.08302
             1.85000             0.07255
             1.95000             0.08957
             2.05000             0.10135
             2.15000             0.15851
             2.25000             0.11198
             2.35000             0.09418
             2.45000             0.07073
             2.55000             0.10160
             2.65000             0.13472
             2.75000             0.11981
             2.85000             0.13663
             2.95000             0.12328
             3.05000             0.11601
             3.15000             0.11767
             3.25000             0.10309
             3.35000             0.11364
             3.45000             0.10551
             3.55000             0.09833
             3.65000             0.11314
             3.75000             0.09478
             3.85000             0.11719
             3.95000             0.11996
             4.05000             0.14018
             4.15000             0.13248
             4.25000             0.17108
             4.35000             0.17745
             4.45000             0.10825
             4.55000             0.10672
             4.65000             0.04638
             4.75000             0.01833
             4.85000             0.07081
             4.95000             0.06293
             5.05000             0.02037
             5.15000             0.00123
             5.25000             0.00000
             5.35000             0.00000
             5.45000             0.00000
             5.55000             0.00000
             5.65000             0.00000
             5.75000             0.00000
             5.85000             0.00000
             5.95000             0.00000
             6.05000             0.00000
             6.15000             0.00000
             6.25000             0.00000
             6.35000             0.00000
             6.45000             0.00000
             6.55000             0.00000
             6.65000             0.00000
             6.75000             0.00000
             6.85000             0.00000
             6.95000             0.00000
             7.05000             0.00000
             7.15000             0.00000
             7.25000             0.00000
             7.35000             0.00000
             7.45000             0.00000
             7.55000             0.00000
             7.65000             0.00000
             7.75000             0.00000
             7.85000             0.00000
             7.95000             0.00000
             8.05000             0.00000
             8.15000             0.00000
             8.25000             0.00000
             8.35000             0.00000
             8.45000             0.00000
             8.55000             0.00000
             8.65000             0.00000
             8.75000             0.00000
             8.85000             0.00000
             8.95000             0.00000
             9.05000             0.00000
             9.15000             0.00000
             9.25000             0.00000
             9.35000             0.00000
             9.45000             0.00000
             9.55000             0.00000
             9.65000             0.00000
             9.75000             0.00000
             9.85000             0.00000
             9.95000             0.00000
            10.05000             0.00000
            10.15000             0.00000
            10.25000             0.00000
            10.35000             0.00000
            10.45000             0.00000
            10.55000             0.00000
            10.65000             0.00000
            10.75000             0.00000
            10.85000             0.00000
            10.95000             0.00000
            11.05000             0.00000
            11.15000             0.00000
            11.25000             0.00000
            11.35000             0.00000
            11.45000             0.00000
            11.55000             0.00000
            11.65000             0.00000
            11.75000             0.00000
            11.85000             0.00000
            11.95000             0.00000
            12.05000             0.00000
            12.15000             0.00000
            12.25000             0.00000
            12.35000             0.00000
            12.45000             0.00000
            12.55000             0.00000
            12.65000             0.00000
            12.75000             0.00000
            12.85000             0.00000
            12.95000             0.00000
            13.05000             0.00000
            13.15000             0.00000
            13.25000             0.00000
            13.35000             0.00000
            13.45000             0.00000
            13.55000             0.00000
            13.65000             0.00000
            13.75000             0.00000
            13.85000             0.00000
            13.95000             0.00000
            14.05000             0.00000
            14.15000             0.00000
            14.25000             0.00000
            14.35000             0.00000
            14.45000             0.00000
            14.55000             0.00000
            14.65000             0.00000
            14.75000             0.00000
            14.85000             0.00000
            14.95000             0.00000
            15.05000             0.00000
            15.15000             0.00000
            15.25000             0.00000
            15.35000             0.00000
            15.45000             0.00000
            15.55000             0.00000
            15.65000             0.00000
            15.75000             0.00000
            15.85000             0.00000
            15.95000             0.00000
            16.05000             0.00000
            16.15000             0.00000
            16.25000             0.00000
            16.35000             0.00000
            16.45000             0.00000
            16.55000             0.00000
            16.65000             0.00000
            16.75000             0.00000
            16.85000             0.00000
            16.95000             0.00000
            17.05000             0.00000
            17.15000             0.00000
            17.25000             0.00000
            17.35000             0.00000
            17.45000             0.00000
            17.55000             0.00000
            17.65000             0.00000
            17.75000             0.00000
            17.85000             0.00000
            17.95000             0.00000
            18.05000             0.23426
            18.15000             0.10568
            18.25000             0.24710
            18.35000             0.09284
            18.45000             0.00000
            18.55000             0.00000
            18.65000             0.00000
            18.75000             0.00000
            18.85000             0.00000
            18.95000             0.00000
            19.05000             0.01468
            19.15000             0.32267
            19.25000             0.34253
            19.35000             0.00000
            19.45000             0.00000
            19.55000             0.00000
            19.65000             0.00000
            19.75000             0.00000
            19.85000             0.00000
            19.95000             0.00000
            20.05000             0.00000
            20.15000             0.00000
            20.25000             0.00000
            20.35000             0.00000
            20.45000             0.00000
            20.55000             0.00000
            20.65000             0.00000
            20.75000             0.00000
            20.85000             0.00000
            20.95000             0.00000
            21.05000             0.00000
            21.15000             0.00000
            21.25000             0.00000
            21.35000             0.00000
            21.45000             0.00000
            21.55000             0.00000
            21.65000             0.00000
            21.75000             0.00000
            21.85000             0.00000
            21.95000             0.00000
            22.05000             0.00000
            22.15000             0.00000
            22.25000             0.00637
            22.35000             0.06194
            22.45000             0.08874
            22.55000             0.10677
            22.65000             0.07355
            22.75000             0.00257
            22.85000             0.00000
            22.95000             0.06144
            23.05000             0.09712
            23.15000             0.07469
            23.25000             0.09387
            23.35000             0.01282
            23.45000             0.00000
            23.55000             0.00000
            23.65000             0.00000
            23.75000             0.00000
            23.85000             0.00000
            23.95000             0.00000
            24.05000             0.00000
            24.15000             0.00000
            24.25000             0.06874
            24.35000             0.09727
            24.45000             0.06645
            24.55000             0.09878
            24.65000             0.08108
            24.75000             0.07622
            24.85000             0.03437
            24.95000             0.04371
            25.05000             0.05615
            25.15000             0.05708
            25.25000             0.00000
            25.35000             0.00000
            25.45000             0.00000
            25.55000             0.00000
            25.65000             0.00000
            25.75000             0.00000
            25.85000             0.00000
            25.95000             0.03289
            26.05000             0.30693
            26.15000             0.00013
            26.25000             0.00196
            26.35000             0.10621
            26.45000             0.21633
            26.55000             0.07683
            26.65000             0.13489
            26.75000             0.22257
            26.85000             0.10357
            26.95000             0.10178
            27.05000             0.04797
            27.15000             0.00771
            27.25000             0.34029
            27.35000             0.24244
            27.45000             0.24201
            27.55000             0.12419
            27.65000             0.07088
            27.75000             0.04910
            27.85000             0.10004
            27.95000             0.15164
            28.05000             0.03916
            28.15000             0.00000
            28.25000             0.00000
            28.35000             0.00000
            28.45000             0.00000
            28.55000             0.00000
            28.65000             0.00000
            28.75000             0.00000
            28.85000             0.00000
            28.95000             0.00000
            29.05000             0.00000
            29.15000             0.00000
            29.25000             0.00000
            29.35000             0.00000
            29.45000             0.00000
            29.55000             0.00000
            29.65000             0.07126
            29.75000             0.15778
            29.85000             0.11090
            29.95000             0.14177
