#  T(K)     E(eV/cell)    F(eV/cell)    Fc(eV/cell)   S(kB/cell)    Cv(kB/cell)
   10.00   15.38088098   15.38063555    0.85954201    0.28480792    0.90602029
   20.00   15.38338099   15.37973315    1.46104645    2.11655583    5.46101599
   30.00   15.39094369   15.37651410    1.96515622    5.58158255   12.27164782
   40.00   15.40455461   15.36981788    2.40601775   10.07751165   19.20518645
   50.00   15.42373699   15.35901956    2.79984833   15.02020236   25.10433689
   60.00   15.44745634   15.34391461    3.15619971   20.02574378   29.74465544
   70.00   15.47468870   15.32454725    3.48138339   24.89012203   33.29894666
   80.00   15.50460852   15.30108431    3.77988520   29.52232490   36.02433627
   90.00   15.53660547   15.27374154    4.05505919   33.89322955   38.15511272
  100.00   15.57025191   15.24274456    4.30950878   38.00541937   39.88038819
  110.00   15.60526439   15.20830931    4.54531374   41.87676754   41.34683702
  120.00   15.64147028   15.17063308    4.76417397   45.53171304   42.66628649
  130.00   15.67878089   15.12989102    4.96750497   48.99664397   43.92278659
  140.00   15.71717008   15.08623561    5.15650376   52.29747089   45.17827006
  150.00   15.75665716   15.03979769    5.33219588   55.45838762   46.47700060
  160.00   15.79729332   14.99068822    5.49546980   58.50129067   47.84913493
  170.00   15.83915067   14.93900036    5.64710272   61.44557098   49.31364089
  180.00   15.88231378   14.88481164    5.78778021   64.30811793   50.88072213
  190.00   15.92687294   14.82818607    5.91811156   67.10344237   52.55383993
  200.00   15.97291915   14.76917614    6.03864180   69.84386299   54.33139125
  210.00   16.02054035   14.70782456    6.14986143   72.53972169   56.20808728
  220.00   16.06981874   14.64416591    6.25221415   75.19960688   58.17607131
  230.00   16.12082898   14.57822805    6.34610328   77.83057170   60.22581139
  240.00   16.17363702   14.51003335    6.43189704   80.43833969   62.34680138
  250.00   16.22829959   14.43959975    6.50993294   83.02749363   64.52810147
  260.00   16.28486390   14.36694166    6.58052147   85.60164601   66.75874615
  270.00   16.34336786   14.29207077    6.64394919   88.16359046   69.02804428
  280.00   16.40384032   14.21499662    6.70048147   90.71543506   71.32579264
  290.00   16.46630165   14.13572724    6.75036465   93.25871843   73.64242074
  300.00   16.53076423   14.05426950    6.79382813   95.79451010   75.96908219
