 10.          0.90847219 
 20.          0.90847219 
 30.          0.90847219 
 40.          0.90847219 
 50.          0.90847219 
 60.          0.90847219 
 70.          0.90847219 
 80.          0.90847219 
 90.         0.9084722 
 100.           0.90847223 
 110.           0.90847235 
 120.           0.90847268 
 130.           0.90847348 
 140.           0.90847514 
 150.           0.90847822 
 160.           0.90848348 
 170.           0.90849186 
 180.           0.90850446 
 190.           0.90852251 
 200.           0.90854738 
 210.          0.9085805 
 220.           0.90862338 
 230.           0.90867756 
 240.           0.90874457 
 250.           0.90882596 
 260.           0.90892324 
 270.          0.9090379 
 280.           0.90917135 
 290.           0.90932496 
 300.           0.90950003 
