           -19.95000             0.00000
           -19.85000             0.00000
           -19.75000             0.00000
           -19.65000             0.00000
           -19.55000             0.00000
           -19.45000             0.00000
           -19.35000             0.00000
           -19.25000             0.00000
           -19.15000             0.00000
           -19.05000             0.00000
           -18.95000             0.00000
           -18.85000             0.00000
           -18.75000             0.00000
           -18.65000             0.00000
           -18.55000             0.00000
           -18.45000             0.00000
           -18.35000             0.00000
           -18.25000             0.00000
           -18.15000             0.00000
           -18.05000             0.00000
           -17.95000             0.00000
           -17.85000             0.00000
           -17.75000             0.00000
           -17.65000             0.00000
           -17.55000             0.00000
           -17.45000             0.00000
           -17.35000             0.00000
           -17.25000             0.00000
           -17.15000             0.00000
           -17.05000             0.00000
           -16.95000             0.00000
           -16.85000             0.00000
           -16.75000             0.00000
           -16.65000             0.00000
           -16.55000             0.00000
           -16.45000             0.00000
           -16.35000             0.00000
           -16.25000             0.00000
           -16.15000             0.00000
           -16.05000             0.00000
           -15.95000             0.00000
           -15.85000             0.00000
           -15.75000             0.00000
           -15.65000             0.00000
           -15.55000             0.00000
           -15.45000             0.00000
           -15.35000             0.00000
           -15.25000             0.00000
           -15.15000             0.00000
           -15.05000             0.00000
           -14.95000             0.00000
           -14.85000             0.00000
           -14.75000             0.00000
           -14.65000             0.00000
           -14.55000             0.00000
           -14.45000             0.00000
           -14.35000             0.00000
           -14.25000             0.00000
           -14.15000             0.00000
           -14.05000             0.00000
           -13.95000             0.00000
           -13.85000             0.00000
           -13.75000             0.00000
           -13.65000             0.00000
           -13.55000             0.00000
           -13.45000             0.00000
           -13.35000             0.00000
           -13.25000             0.00000
           -13.15000             0.00000
           -13.05000             0.00000
           -12.95000             0.00000
           -12.85000             0.00000
           -12.75000             0.00000
           -12.65000             0.00000
           -12.55000             0.00000
           -12.45000             0.00000
           -12.35000             0.00000
           -12.25000             0.00000
           -12.15000             0.00000
           -12.05000             0.00000
           -11.95000             0.00000
           -11.85000             0.00000
           -11.75000             0.00000
           -11.65000             0.00000
           -11.55000             0.00000
           -11.45000             0.00000
           -11.35000             0.00000
           -11.25000             0.00000
           -11.15000             0.00000
           -11.05000             0.00000
           -10.95000             0.00000
           -10.85000             0.00000
           -10.75000             0.00000
           -10.65000             0.00000
           -10.55000             0.00000
           -10.45000             0.00000
           -10.35000             0.00000
           -10.25000             0.00000
           -10.15000             0.00000
           -10.05000             0.00000
            -9.95000             0.00000
            -9.85000             0.00000
            -9.75000             0.00000
            -9.65000             0.00000
            -9.55000             0.00000
            -9.45000             0.00000
            -9.35000             0.00000
            -9.25000             0.00000
            -9.15000             0.00000
            -9.05000             0.00000
            -8.95000             0.00000
            -8.85000             0.00000
            -8.75000             0.00000
            -8.65000             0.00000
            -8.55000             0.00000
            -8.45000             0.00000
            -8.35000             0.00000
            -8.25000             0.00000
            -8.15000             0.00000
            -8.05000             0.00000
            -7.95000             0.00000
            -7.85000             0.00000
            -7.75000             0.00000
            -7.65000             0.00000
            -7.55000             0.00000
            -7.45000             0.00000
            -7.35000             0.00000
            -7.25000             0.00000
            -7.15000             0.00000
            -7.05000             0.00000
            -6.95000             0.00000
            -6.85000             0.00000
            -6.75000             0.00000
            -6.65000             0.00000
            -6.55000             0.00000
            -6.45000             0.00000
            -6.35000             0.00000
            -6.25000             0.00000
            -6.15000             0.00000
            -6.05000             0.00000
            -5.95000             0.00000
            -5.85000             0.00000
            -5.75000             0.00000
            -5.65000             0.00000
            -5.55000             0.00000
            -5.45000             0.00000
            -5.35000             0.00000
            -5.25000             0.00000
            -5.15000             0.00000
            -5.05000             0.00000
            -4.95000             0.00000
            -4.85000             0.00000
            -4.75000             0.00000
            -4.65000             0.00000
            -4.55000             0.00000
            -4.45000             0.00000
            -4.35000             0.00000
            -4.25000             0.00000
            -4.15000             0.00000
            -4.05000             0.00000
            -3.95000             0.00000
            -3.85000             0.00000
            -3.75000             0.00000
            -3.65000             0.00000
            -3.55000             0.00000
            -3.45000             0.00000
            -3.35000             0.00000
            -3.25000             0.00000
            -3.15000             0.00000
            -3.05000             0.00000
            -2.95000             0.00000
            -2.85000             0.00000
            -2.75000             0.00000
            -2.65000             0.00000
            -2.55000             0.00000
            -2.45000             0.00000
            -2.35000             0.00000
            -2.25000             0.00000
            -2.15000             0.00000
            -2.05000             0.00000
            -1.95000             0.00000
            -1.85000             0.00000
            -1.75000             0.00000
            -1.65000             0.00154
            -1.55000             0.00333
            -1.45000             0.01256
            -1.35000             0.01667
            -1.25000             0.01872
            -1.15000             0.02000
            -1.05000             0.02410
            -0.95000             0.02103
            -0.85000             0.02026
            -0.75000             0.01872
            -0.65000             0.01923
            -0.55000             0.01974
            -0.45000             0.02308
            -0.35000             0.02692
            -0.25000             0.01538
            -0.15000             0.00795
            -0.05000             0.00128
             0.05000             0.00333
             0.15000             0.00846
             0.25000             0.01256
             0.35000             0.01949
             0.45000             0.02769
             0.55000             0.03590
             0.65000             0.04000
             0.75000             0.04333
             0.85000             0.04051
             0.95000             0.05026
             1.05000             0.06821
             1.15000             0.04974
             1.25000             0.04538
             1.35000             0.04205
             1.45000             0.06462
             1.55000             0.06333
             1.65000             0.05615
             1.75000             0.08103
             1.85000             0.11641
             1.95000             0.11103
             2.05000             0.09359
             2.15000             0.16026
             2.25000             0.19359
             2.35000             0.23308
             2.45000             0.25641
             2.55000             0.18718
             2.65000             0.18974
             2.75000             0.25205
             2.85000             0.30154
             2.95000             0.31538
             3.05000             0.19026
             3.15000             0.17564
             3.25000             0.18821
             3.35000             0.16359
             3.45000             0.15256
             3.55000             0.16051
             3.65000             0.12359
             3.75000             0.02795
             3.85000             0.00026
             3.95000             0.00000
             4.05000             0.00000
             4.15000             0.00000
             4.25000             0.00000
             4.35000             0.00000
             4.45000             0.00000
             4.55000             0.00000
             4.65000             0.00000
             4.75000             0.00000
             4.85000             0.00000
             4.95000             0.00000
             5.05000             0.00000
             5.15000             0.00000
             5.25000             0.00000
             5.35000             0.00000
             5.45000             0.00000
             5.55000             0.00000
             5.65000             0.00000
             5.75000             0.00000
             5.85000             0.00000
             5.95000             0.00000
             6.05000             0.00000
             6.15000             0.00000
             6.25000             0.00000
             6.35000             0.00000
             6.45000             0.00000
             6.55000             0.00000
             6.65000             0.00000
             6.75000             0.00000
             6.85000             0.00000
             6.95000             0.00000
             7.05000             0.00000
             7.15000             0.00000
             7.25000             0.00000
             7.35000             0.00000
             7.45000             0.00000
             7.55000             0.00000
             7.65000             0.00000
             7.75000             0.00000
             7.85000             0.00000
             7.95000             0.00000
             8.05000             0.00000
             8.15000             0.00000
             8.25000             0.00000
             8.35000             0.00000
             8.45000             0.00000
             8.55000             0.00000
             8.65000             0.00000
             8.75000             0.00000
             8.85000             0.00000
             8.95000             0.00000
             9.05000             0.00000
             9.15000             0.00000
             9.25000             0.00000
             9.35000             0.00000
             9.45000             0.00000
             9.55000             0.06821
             9.65000             0.22154
             9.75000             0.33333
             9.85000             0.26231
             9.95000             0.19462
            10.05000             0.18564
            10.15000             0.21564
            10.25000             0.05718
            10.35000             0.00000
            10.45000             0.00000
            10.55000             0.00000
            10.65000             0.00000
            10.75000             0.00000
            10.85000             0.00000
            10.95000             0.00000
            11.05000             0.00000
            11.15000             0.00000
            11.25000             0.00000
            11.35000             0.00000
            11.45000             0.00000
            11.55000             0.00000
            11.65000             0.00000
            11.75000             0.00000
            11.85000             0.00000
            11.95000             0.00000
            12.05000             0.00000
            12.15000             0.00000
            12.25000             0.00000
            12.35000             0.00000
            12.45000             0.00000
            12.55000             0.00000
            12.65000             0.00000
            12.75000             0.00000
            12.85000             0.00000
            12.95000             0.00000
            13.05000             0.00000
            13.15000             0.00000
            13.25000             0.00000
            13.35000             0.00000
            13.45000             0.00000
            13.55000             0.00000
            13.65000             0.00000
            13.75000             0.00000
            13.85000             0.00000
            13.95000             0.00000
            14.05000             0.00000
            14.15000             0.00000
            14.25000             0.00000
            14.35000             0.00000
            14.45000             0.00000
            14.55000             0.00000
            14.65000             0.00000
            14.75000             0.00000
            14.85000             0.00000
            14.95000             0.00000
            15.05000             0.00000
            15.15000             0.00000
            15.25000             0.00000
            15.35000             0.00000
            15.45000             0.00000
            15.55000             0.00000
            15.65000             0.00000
            15.75000             0.00000
            15.85000             0.00000
            15.95000             0.00000
            16.05000             0.00000
            16.15000             0.00000
            16.25000             0.00000
            16.35000             0.00000
            16.45000             0.00000
            16.55000             0.00000
            16.65000             0.00000
            16.75000             0.00000
            16.85000             0.00000
            16.95000             0.00000
            17.05000             0.00000
            17.15000             0.00000
            17.25000             0.00000
            17.35000             0.00000
            17.45000             0.00000
            17.55000             0.00000
            17.65000             0.00000
            17.75000             0.00000
            17.85000             0.00000
            17.95000             0.00000
            18.05000             0.00000
            18.15000             0.00000
            18.25000             0.00000
            18.35000             0.00000
            18.45000             0.00000
            18.55000             0.00000
            18.65000             0.00000
            18.75000             0.00000
            18.85000             0.00000
            18.95000             0.00000
            19.05000             0.00000
            19.15000             0.00000
            19.25000             0.00000
            19.35000             0.00000
            19.45000             0.00000
            19.55000             0.00000
            19.65000             0.00000
            19.75000             0.00000
            19.85000             0.00000
            19.95000             0.00000
            20.05000             0.00000
            20.15000             0.01231
            20.25000             0.80949
            20.35000             0.69000
            20.45000             0.02667
            20.55000             0.00000
            20.65000             0.00000
            20.75000             0.00000
            20.85000             0.00000
            20.95000             0.00000
            21.05000             0.00000
            21.15000             0.00000
            21.25000             0.00000
            21.35000             0.00000
            21.45000             0.00000
            21.55000             0.00000
            21.65000             0.00000
            21.75000             0.00000
            21.85000             0.00000
            21.95000             0.04436
            22.05000             0.13795
            22.15000             0.32026
            22.25000             0.20821
            22.35000             0.05795
            22.45000             0.00051
            22.55000             0.00000
            22.65000             0.00000
            22.75000             0.00000
            22.85000             0.00000
            22.95000             0.00000
            23.05000             0.00000
            23.15000             0.00000
            23.25000             0.00000
            23.35000             0.00000
            23.45000             0.00000
            23.55000             0.00000
            23.65000             0.00000
            23.75000             0.00000
            23.85000             0.00000
            23.95000             0.00000
            24.05000             0.00000
            24.15000             0.00000
            24.25000             0.00000
            24.35000             0.00000
            24.45000             0.00000
            24.55000             0.00000
            24.65000             0.00000
            24.75000             0.00000
            24.85000             0.00000
            24.95000             0.00000
            25.05000             0.00000
            25.15000             0.00000
            25.25000             0.00000
            25.35000             0.00000
            25.45000             0.00000
            25.55000             0.00000
            25.65000             0.00000
            25.75000             0.00000
            25.85000             0.00000
            25.95000             0.00000
            26.05000             0.00000
            26.15000             0.00000
            26.25000             0.00000
            26.35000             0.00000
            26.45000             0.00000
            26.55000             0.00000
            26.65000             0.00000
            26.75000             0.00000
            26.85000             0.00000
            26.95000             0.00000
            27.05000             0.00000
            27.15000             0.00000
            27.25000             0.00000
            27.35000             0.00000
            27.45000             0.00000
            27.55000             0.00000
            27.65000             0.03821
            27.75000             0.21615
            27.85000             0.35359
            27.95000             0.15256
            28.05000             0.00872
            28.15000             0.00000
            28.25000             0.00000
            28.35000             0.00000
            28.45000             0.00000
            28.55000             0.00000
            28.65000             0.00000
            28.75000             0.00000
            28.85000             0.28795
            28.95000             0.48128
            29.05000             0.00000
            29.15000             0.00000
            29.25000             0.00000
            29.35000             0.00000
            29.45000             0.00000
            29.55000             0.00000
            29.65000             0.00000
            29.75000             0.00000
            29.85000             0.00000
            29.95000             0.00000
