#  T(K)     E(eV/cell)    F(eV/cell)    Fc(eV/cell)   S(kB/cell)    Cv(kB/cell)
   10.00   15.88677599   15.88652196    0.86860034    0.29478671    0.89084138
   20.00   15.88927057   15.88561803    1.47916204    2.11928482    5.52173992
   30.00   15.89689699   15.88238015    1.99232867    5.61533107   12.23174741
   40.00   15.91011696   15.87569115    2.44224680    9.98731247   18.21516157
   50.00   15.92787044   15.86511166    2.84513379   14.56561938   22.76627100
   60.00   15.94903570   15.85062112    3.21054142   19.03411381   26.20918674
   70.00   15.97284443   15.83236933    3.54478123   23.28765556   28.96153565
   80.00   15.99883624   15.81055156    3.85233906   27.31174682   31.31305948
   90.00   16.02674693   15.78535903    4.13656897   31.12414569   33.43642417
  100.00   16.05642632   15.75696308    4.40007439   34.75105523   35.43021087
  110.00   16.08778929   15.72551219    4.64493510   38.21841488   37.35086480
  120.00   16.12078837   15.69113371    4.87285102   41.54920806   39.23172310
  130.00   16.15539886   15.65393665    5.08523765   44.76301445   41.09352650
  140.00   16.19161063   15.61401452    5.28329200   47.87631278   42.95002105
  150.00   16.22942351   15.57144779    5.46803963   50.90296515   44.81087204
  160.00   16.26884445   15.52630593    5.64036901   53.85468275   46.68315147
  170.00   16.30988566   15.47864912    5.80105734   56.74141581   48.57208851
  180.00   16.35256321   15.42852961    5.95079020   59.57166333   50.48145131
  190.00   16.39689588   15.37599285    6.09017687   62.35271418   52.41375320
  200.00   16.44290411   15.32107846    6.21976240   65.09083474   54.37038274
  210.00   16.49060910   15.26382106    6.34003727   67.79141627   56.35170755
  220.00   16.54003194   15.20425095    6.45144520   70.45909264   58.35717504
  230.00   16.59119290   15.14239473    6.55438950   73.09783649   60.38541937
  240.00   16.64411078   15.07827583    6.64923840   75.71103969   62.43437623
  250.00   16.69880232   15.01191499    6.73632941   78.30158204   64.50140320
  260.00   16.75528178   14.94333065    6.81597301   80.87189144   66.58340199
  270.00   16.81356061   14.87253935    6.88845579   83.42399712   68.67693823
  280.00   16.87364718   14.79955604    6.95404308   85.95957754   70.77835510
  290.00   16.93554666   14.72439434    7.01298126   88.48000372   72.88387777
  300.00   16.99926096   14.64706681    7.06549970   90.98637848   74.98970628
