#  T(K)     E(eV/cell)    F(eV/cell)    Fc(eV/cell)   S(kB/cell)    Cv(kB/cell)
   10.00    5.27489940    5.27485544    0.27663000    0.05100718    0.22235402
   20.00    5.27567486    5.27461481    0.47441486    0.61506578    1.70150582
   30.00    5.27779797    5.27367657    0.64244012    1.59421674    3.14045531
   40.00    5.28093713    5.27185171    0.79113945    2.63578220    4.07039927
   50.00    5.28471292    5.26915377    0.92546815    3.61110687    4.64978684
   60.00    5.28889763    5.26565446    1.04834483    4.49540205    5.04159689
   70.00    5.29337891    5.26143003    1.16169800    5.29641551    5.35161815
   80.00    5.29811584    5.25654558    1.26689835    6.02999913    5.64265308
   90.00    5.30310843    5.25105224    1.36497072    6.71203680    5.94891751
  100.00    5.30837783    5.24498845    1.45671061    7.35598745    6.28675877
  110.00    5.31395438    5.23838223    1.54275350    7.97248216    6.66224133
  120.00    5.31987108    5.23125359    1.62361882    8.56964206    7.07606461
  130.00    5.32616033    5.22361643    1.69973908    9.15357885    7.52645635
  140.00    5.33285249    5.21548008    1.77148003    9.72887134    8.01072109
  150.00    5.33997552    5.20685043    1.83915503   10.29895432    8.52598733
  160.00    5.34755495    5.19773081    1.90303558   10.86641459    9.06951775
  170.00    5.35561403    5.18812260    1.96335913   11.43320847    9.63879985
  180.00    5.36417394    5.17802570    2.02033518   12.00081904   10.23153678
  190.00    5.37325397    5.16743890    2.07414990   12.57036910   10.84560063
  200.00    5.38287163    5.15636016    2.12496982   13.14270249   11.47897873
  210.00    5.39304272    5.14478678    2.17294482   13.71844299   12.12972713
  220.00    5.40378138    5.13271563    2.21821047   14.29803772   12.79593648
  230.00    5.41510012    5.12014324    2.26089002   14.88178956   13.47571132
  240.00    5.42700981    5.10706595    2.30109597   15.46988214   14.16716151
  250.00    5.43951971    5.09347998    2.33893146   16.06239947   14.86840333
  260.00    5.45263744    5.07938150    2.37449134   16.65934205   15.57756792
  270.00    5.46636904    5.06476673    2.40786320   17.26064022   16.29281432
  280.00    5.48071896    5.04963197    2.43912811   17.86616570   17.01234495
  290.00    5.49569016    5.03397364    2.46836134   18.47574158   17.73442175
  300.00    5.51128409    5.01778835    2.49563298   19.08915126   18.45738157
