4
1 0.00047574 0.00000000 0.00000000
   -0.52049500     -0.42020800     -0.42020700
    0.00130100      0.00035600      0.00045100
    0.00129700      0.00035400      0.00044900
   -0.00040900      0.00044500     -0.00034500
    0.00063800      0.00058300      0.00041100
    0.00017200     -0.00010200      0.00002100
   -0.00040400      0.00044900     -0.00034300
    0.00017100     -0.00010300      0.00001800
    0.00063800      0.00058200      0.00041200
   -0.00053000     -0.00034200      0.00035400
    0.00057700      0.00037600      0.00058600
    0.00011700     -0.00006400     -0.00010200
    0.00017200      0.00041000      0.00037100
    0.00037600      0.00035500      0.00035500
    0.00005800      0.00006500      0.00005700
   -0.00013800      0.00002000     -0.00006500
    0.00015000      0.00005900      0.00016300
    0.00018700      0.00016500      0.00006700
   -0.00052900     -0.00034000      0.00035600
    0.00011500     -0.00006600     -0.00010200
    0.00057600      0.00037600      0.00058300
   -0.00013700      0.00001800     -0.00006500
    0.00018500      0.00016500      0.00006500
    0.00015000      0.00005800      0.00016300
    0.00017500      0.00041200      0.00037500
    0.00005700      0.00006400      0.00005700
    0.00037700      0.00035500      0.00035400
    0.00150800     -0.00092100      0.00282000
    0.00064600      0.00025500     -0.00025300
    0.00151900      0.00096500     -0.00203400
    0.00045200      0.00074000     -0.00008500
    0.00037600      0.00023700     -0.00014500
   -0.00038200     -0.00002200      0.00009100
   -0.00038500     -0.00024400      0.00031300
    0.00037500      0.00022000     -0.00016400
    0.00045300      0.00064100     -0.00048800
   -0.00026000     -0.00028300      0.00042400
    0.00021100      0.00003700      0.00008000
   -0.00025700     -0.00028200      0.00042200
    0.00003200      0.00010200      0.00014600
    0.00017200      0.00010200      0.00003200
   -0.00011100     -0.00004400      0.00021000
   -0.00010900     -0.00004400      0.00021000
    0.00017200      0.00010300      0.00003100
    0.00003600      0.00010400      0.00014300
    0.00152800      0.00097500     -0.00204700
    0.00064500      0.00025500     -0.00025300
    0.00154100     -0.00089100      0.00277600
    0.00045200      0.00063800     -0.00048800
    0.00037400      0.00021900     -0.00016400
   -0.00038200     -0.00024500      0.00031100
   -0.00038600     -0.00002400      0.00009300
    0.00037400      0.00023600     -0.00014500
    0.00045500      0.00074000     -0.00008800
   -0.00199500      0.00279500      0.00096000
    0.00086400     -0.00018000      0.00064100
    0.00035200     -0.00017600     -0.00002400
   -0.00039700      0.00049800     -0.00028000
    0.00015800      0.00011200      0.00010500
    0.00005000      0.00017000     -0.00004300
   -0.00201100      0.00054000     -0.00091600
    0.00086600     -0.00071500      0.00074200
    0.00035200      0.00021300     -0.00024400
   -0.00001900     -0.00005000      0.00025400
    0.00022700     -0.00005800      0.00021900
    0.00022600     -0.00013900      0.00023800
   -0.00010400      0.00019700      0.00003900
    0.00009700      0.00006600      0.00010600
    0.00009600      0.00006600      0.00010600
   -0.00001700     -0.00005100      0.00025600
    0.00022600     -0.00013800      0.00023700
    0.00022500     -0.00005900      0.00021800
   -0.00198800      0.00051900     -0.00089700
    0.00035100      0.00021300     -0.00024700
    0.00086300     -0.00071100      0.00073800
   -0.00039700      0.00049900     -0.00028200
    0.00005000      0.00017100     -0.00004200
    0.00015500      0.00011200      0.00010400
   -0.00200100      0.00281700      0.00098100
    0.00035200     -0.00017900     -0.00002400
    0.00086300     -0.00018000      0.00063800
    0.00197600      0.00215500     -0.00042700
    0.00074600     -0.00032700     -0.00040300
    0.00198000     -0.00269400     -0.00270100
   -0.00017600      0.00034800      0.00014600
    0.00028600      0.00001900     -0.00010100
   -0.00017300      0.00035000      0.00014700
    0.00198800     -0.00270900     -0.00271600
    0.00074800     -0.00032800     -0.00040300
    0.00199000      0.00211900     -0.00043700
   -0.00026600      0.00058500      0.00080900
    0.00031200     -0.00004800     -0.00001600
   -0.00026400      0.00018200      0.00027500
   -0.00012100      0.00026000      0.00023500
    0.00015000      0.00006300      0.00002600
   -0.00012100      0.00024200      0.00015400
   -0.00000800     -0.00021800      0.00027500
    0.00034600     -0.00011600     -0.00007900
   -0.00000500      0.00000000     -0.00011800
   -0.00000900      0.00000500     -0.00011600
    0.00034400     -0.00011400     -0.00007800
   -0.00000700     -0.00021500      0.00027200
   -0.00012300      0.00024300      0.00015600
    0.00015000      0.00006400      0.00002900
   -0.00012100      0.00025800      0.00023500
   -0.00026500      0.00018000      0.00027600
    0.00031400     -0.00005000     -0.00001700
   -0.00026400      0.00058300      0.00080900
    0.25860800      0.21221300      0.21220200
   -0.00068800     -0.00041400     -0.00043200
   -0.00085400     -0.00034300     -0.00035900
    0.00001500     -0.00027300     -0.00001200
   -0.00050200     -0.00046700     -0.00044300
   -0.00023600     -0.00016100     -0.00018400
    0.00007100     -0.00028800     -0.00005800
   -0.00026200     -0.00013100     -0.00017300
   -0.00053500     -0.00054700     -0.00033000
    0.00005100      0.00001800     -0.00022700
   -0.00047000     -0.00042100     -0.00047000
   -0.00020200     -0.00015400     -0.00016400
   -0.00030800     -0.00037300     -0.00035300
   -0.00038200     -0.00036600     -0.00037100
   -0.00020100     -0.00022100     -0.00021300
   -0.00011000     -0.00016000     -0.00016300
   -0.00026200     -0.00021700     -0.00026100
   -0.00026300     -0.00026300     -0.00022700
    0.00010000     -0.00002400     -0.00024500
   -0.00025300     -0.00014100     -0.00011800
   -0.00052000     -0.00031400     -0.00052600
   -0.00010300     -0.00019400     -0.00013000
   -0.00027400     -0.00025500     -0.00021700
   -0.00025000     -0.00022600     -0.00025500
   -0.00020900     -0.00042000     -0.00042400
   -0.00022500     -0.00019800     -0.00019700
   -0.00037000     -0.00037100     -0.00037300
   -0.00002100     -0.00001900     -0.00001800
    0.00012200      0.00015300      0.00015200
    0.00013900     -0.00006900     -0.00007000
    0.00010200      0.00012700      0.00009800
    0.00007500      0.00009400      0.00013000
    0.00024800      0.00015700      0.00022100
   -0.00016900      0.00003700     -0.00017700
    0.00009800      0.00021100      0.00023300
    0.00045500      0.00032700      0.00010800
    0.00008600      0.00008500      0.00012300
    0.00009200      0.00013700      0.00009400
    0.00024200      0.00019200      0.00018900
    0.00015100      0.00013000      0.00013700
   -0.00003100     -0.00002000     -0.00001800
    0.00004100     -0.00002500     -0.00000700
    0.00015200      0.00019600      0.00018500
   -0.00012000     -0.00006800     -0.00011600
    0.00040400      0.00036900      0.00012200
   -0.00018700     -0.00019600      0.00002000
    0.00008900      0.00021900      0.00017800
    0.00042300      0.00006500      0.00029500
    0.00011900      0.00019100      0.00016900
   -0.00015100     -0.00011600     -0.00008900
    0.00036200      0.00007600      0.00034000
   -0.00050600      0.00000700     -0.00000500
   -0.00033400     -0.00006000     -0.00007900
    0.25558300      0.20427000      0.20426000
   -0.00005700     -0.00021300     -0.00018000
   -0.00001200      0.00004100     -0.00013000
    0.00031500      0.00024400     -0.00022600
    0.00039400      0.00029200     -0.00037800
   -0.00000100      0.00005400     -0.00010000
   -0.00010500     -0.00013700      0.00006000
   -0.00009700      0.00069600     -0.00116300
   -0.00013100      0.00002100     -0.00005900
   -0.00046400     -0.00033800      0.00030200
    0.00018300      0.00013900     -0.00024800
    0.00009800      0.00013000     -0.00020500
    0.00022700      0.00022800     -0.00030400
    0.00025500      0.00019800     -0.00030300
    0.00010300      0.00012800     -0.00020100
    0.00016300      0.00014300     -0.00026100
    0.00034600      0.00032400     -0.00040200
    0.00008500      0.00016100     -0.00022100
    0.00030300      0.00033800     -0.00043500
    0.00002700     -0.00017600      0.00011600
   -0.00001200      0.00006200     -0.00010800
    0.00030900      0.00037700     -0.00036800
    0.00037000      0.00015800     -0.00026900
   -0.00000300      0.00006000     -0.00010400
   -0.00003900     -0.00012700     -0.00007300
    0.00074900      0.00007600      0.00086900
   -0.00014300      0.00005900     -0.00003900
   -0.00009000      0.00053300     -0.00123000
   -0.00044900      0.00018400     -0.00087500
   -0.00050900     -0.00030800      0.00034300
    0.00037500     -0.00028300      0.00124800
   -0.00040600     -0.00049300      0.00030900
   -0.00036700     -0.00030900      0.00028300
   -0.00000300     -0.00021100      0.00011800
   -0.00005800      0.00001200      0.00002000
   -0.00037900     -0.00030000      0.00027500
   -0.00034000     -0.00054100      0.00050200
   -0.00005900     -0.00002700     -0.00005200
   -0.00027900     -0.00020500      0.00016500
   -0.00002000     -0.00004400     -0.00001500
   -0.00019900     -0.00022000      0.00012200
   -0.00026200     -0.00023900      0.00018500
   -0.00011000     -0.00016600      0.00008200
   -0.00013900     -0.00013500      0.00008000
   -0.00026800     -0.00023500      0.00018000
   -0.00018600     -0.00023000      0.00013800
   -0.00083100     -0.00070700      0.00068600
   -0.00049600     -0.00034500      0.00032700
   -0.00047600      0.00032200     -0.00077000
   -0.00047000     -0.00050400      0.00044300
   -0.00036900     -0.00031200      0.00028500
    0.00002500     -0.00007700      0.00001000
   -0.00005100     -0.00012100      0.00016100
   -0.00038200     -0.00032600      0.00025500
   -0.00042400     -0.00058100      0.00020500
   -0.00027300     -0.00015500     -0.00015100
    0.00001600     -0.00015000      0.00017300
    0.00112600     -0.00112600      0.00013900
    0.00013600     -0.00024400      0.00015300
    0.00017000     -0.00030400      0.00023400
    0.00040100     -0.00046600      0.00036900
   -0.00028300      0.00019300     -0.00014300
    0.00002600     -0.00030800      0.00032600
    0.00131700     -0.00018600      0.00130500
    0.00008500     -0.00018600      0.00007200
    0.00007400     -0.00014000      0.00007700
    0.00019900     -0.00019300      0.00008000
    0.00015600     -0.00023700      0.00014800
    0.00014700     -0.00024200      0.00015700
    0.00025200     -0.00030600      0.00019600
    0.00009400     -0.00013200      0.00006700
    0.00007600     -0.00016800      0.00010000
    0.00020900     -0.00017100      0.00008400
    0.00008800     -0.00028700      0.00027200
   -0.00025800      0.00017600     -0.00022800
    0.00136200     -0.00111700      0.00100800
    0.00019900     -0.00028700      0.00021700
    0.00012800     -0.00026600      0.00015700
    0.00041000     -0.00048400      0.00034100
    0.00004700     -0.00007400      0.00020500
   -0.00018500     -0.00003300     -0.00010500
    0.00098400     -0.00161500     -0.00023000
    0.00058300     -0.00118700     -0.00062100
   -0.00058800      0.00038700     -0.00050700
   -0.00035400      0.00034200     -0.00019300
    0.00000900     -0.00006700     -0.00005600
   -0.00027400      0.00015900     -0.00024700
   -0.00020500      0.00013100     -0.00018200
    0.00097400     -0.00070800      0.00061700
   -0.00066500      0.00059900     -0.00063100
   -0.00031300      0.00013100     -0.00013300
   -0.00018900      0.00024700     -0.00031400
   -0.00032400      0.00025300     -0.00030300
   -0.00031000      0.00028700     -0.00033100
   -0.00014900      0.00011100     -0.00020600
   -0.00025300      0.00018100     -0.00024500
   -0.00024400      0.00018400     -0.00025600
   -0.00020000      0.00022700     -0.00031800
   -0.00032900      0.00027700     -0.00032300
   -0.00031900      0.00023500     -0.00032600
    0.00091600      0.00024800      0.00089200
   -0.00037500      0.00011000     -0.00007400
   -0.00068400      0.00061100     -0.00054400
   -0.00000400     -0.00004700     -0.00002700
   -0.00022900      0.00011500     -0.00016500
   -0.00026700      0.00017700     -0.00024800
    0.00072400     -0.00071400     -0.00027000
   -0.00038200      0.00026800     -0.00022400
   -0.00067200      0.00026600     -0.00054800
   -0.00010500     -0.00014600     -0.00027400
   -0.00034400      0.00021300      0.00020100
    0.00004800      0.00017300      0.00006500
   -0.00014300      0.00003300      0.00004900
   -0.00026000      0.00015200      0.00017100
   -0.00011800      0.00006000      0.00010400
   -0.00017700      0.00023400      0.00007800
   -0.00036500      0.00022900      0.00024400
   -0.00018100      0.00017600      0.00025400
   -0.00021900      0.00017800      0.00021000
   -0.00036100      0.00026200      0.00021800
   -0.00018100      0.00027000      0.00004100
   -0.00013100      0.00005300      0.00008600
   -0.00026000      0.00015800      0.00016300
   -0.00010900      0.00005100      0.00005700
   -0.00008300      0.00003700      0.00002300
   -0.00034200      0.00022000      0.00020700
    0.00002300     -0.00010800     -0.00017900
   -0.00084400     -0.00052600      0.00038500
   -0.00056400      0.00038700      0.00036900
   -0.00062100      0.00199400      0.00134600
   -0.00011300     -0.00001000      0.00009200
   -0.00032800      0.00018900      0.00023200
   -0.00007400      0.00001500      0.00010600
   -0.00162800      0.00154600      0.00182900
   -0.00057100      0.00035200      0.00040700
   -0.00093700     -0.00054400      0.00031700
   -0.00055100     -0.00090900     -0.00004500
   -0.00019600     -0.00000600      0.00005200
   -0.00125100      0.00118500      0.00146700
    0.00029900     -0.00034100     -0.00025300
    0.00005200     -0.00017100     -0.00013100
    0.00026100     -0.00036700     -0.00026600
   -0.00024400      0.00165100      0.00100000
   -0.00019000      0.00003000      0.00001400
   -0.00047700     -0.00086500      0.00003600
    0.00040400     -0.00046900     -0.00053800
    0.00003800     -0.00014300     -0.00015300
    0.00028900     -0.00031700     -0.00033400
    0.00026900     -0.00030700     -0.00030200
    0.00011600     -0.00019800     -0.00019300
    0.00024500     -0.00030500     -0.00027000
    0.00019300     -0.00008800     -0.00032000
    0.00001600     -0.00009400     -0.00013700
    0.00015700     -0.00017500     -0.00014400
    0.00019600     -0.00018300     -0.00010900
    0.00001300     -0.00012900     -0.00011300
    0.00020100     -0.00012800     -0.00028200
    0.00025900     -0.00030200     -0.00025800
    0.00011700     -0.00020500     -0.00018600
    0.00023800     -0.00032200     -0.00030800
    0.00042700     -0.00018400     -0.00029000
    0.00003400     -0.00014700     -0.00015800
    0.00027300     -0.00050400     -0.00063300
109 0.00047574 0.00000000 0.00000000
    0.25563000      0.20433200      0.20432700
   -0.00061400      0.00000200     -0.00004500
   -0.00044800      0.00001600     -0.00003400
    0.00030800     -0.00011500      0.00022100
   -0.00029200     -0.00027900     -0.00017400
   -0.00002500      0.00007600      0.00004400
    0.00025300     -0.00018900      0.00026100
    0.00000500      0.00012300      0.00008000
   -0.00025700     -0.00021700     -0.00013000
    0.00034500      0.00018100     -0.00009800
   -0.00027200     -0.00017200     -0.00030100
   -0.00001400      0.00007800      0.00008300
    0.00003600     -0.00008300     -0.00006700
   -0.00012300     -0.00012000     -0.00012100
    0.00001200      0.00001800      0.00001900
    0.00013400      0.00006300      0.00008800
   -0.00000800      0.00004300     -0.00002200
   -0.00003400     -0.00001600      0.00002500
    0.00029400      0.00023100     -0.00017100
    0.00004100      0.00010900      0.00010900
   -0.00022400     -0.00011100     -0.00022000
    0.00012900      0.00005700      0.00009700
   -0.00002100     -0.00001300      0.00004300
   -0.00001600      0.00003100     -0.00001300
   -0.00006500     -0.00019400     -0.00017100
    0.00004300      0.00002300      0.00003000
   -0.00013400     -0.00012100     -0.00012000
    0.00063100      0.00116700     -0.00179100
   -0.00025600     -0.00004100      0.00018900
   -0.00022000     -0.00037700      0.00077200
   -0.00007600     -0.00026700      0.00002300
   -0.00012500     -0.00006000      0.00014400
    0.00019400      0.00007700      0.00003400
    0.00025300      0.00019300     -0.00006400
   -0.00011300     -0.00002800      0.00015100
   -0.00014400     -0.00022800      0.00030400
    0.00022400      0.00023000     -0.00017100
   -0.00003200      0.00006300      0.00002000
    0.00017900      0.00020400     -0.00013500
    0.00006300      0.00002200     -0.00000400
   -0.00001900      0.00001600      0.00005600
    0.00010800      0.00008300     -0.00001800
    0.00013600      0.00010000     -0.00005200
   -0.00001300      0.00002500      0.00004900
    0.00004700      0.00001900     -0.00000700
   -0.00022100     -0.00000600      0.00073300
   -0.00024300     -0.00004800      0.00021300
   -0.00059100      0.00087000     -0.00133600
   -0.00016700     -0.00027500      0.00034400
   -0.00012500     -0.00005600      0.00017200
    0.00019800      0.00013500     -0.00002600
    0.00027600      0.00004100      0.00002800
   -0.00011400     -0.00005000      0.00015000
   -0.00021300     -0.00035000      0.00015900
    0.00117700     -0.00112800     -0.00005500
   -0.00040900      0.00012300     -0.00028000
   -0.00011300      0.00016600      0.00004000
    0.00025800     -0.00015800      0.00020000
    0.00000300      0.00000600      0.00002300
    0.00003400     -0.00000900      0.00008200
    0.00098300     -0.00017400      0.00056800
   -0.00039500      0.00047200     -0.00032400
   -0.00011800     -0.00000600      0.00017400
    0.00008200      0.00010000     -0.00005200
   -0.00003400      0.00010100     -0.00004600
   -0.00005300      0.00014600     -0.00005300
    0.00012000     -0.00002200      0.00004600
    0.00002900      0.00003500      0.00001800
    0.00001600      0.00004100      0.00001300
    0.00007200      0.00011000     -0.00008700
   -0.00004400      0.00015400     -0.00007000
   -0.00005800      0.00011600     -0.00005700
    0.00083800     -0.00010000      0.00041500
   -0.00008800     -0.00004700      0.00026200
   -0.00031200      0.00037600     -0.00023400
    0.00027100     -0.00019200      0.00021600
    0.00006700     -0.00003700      0.00011200
   -0.00000800      0.00000400      0.00002600
    0.00122500     -0.00161200     -0.00046100
   -0.00004600      0.00013100      0.00013100
   -0.00038200      0.00017700     -0.00024500
   -0.00034200     -0.00104600     -0.00001800
   -0.00029600      0.00022200      0.00027200
   -0.00057700      0.00098100      0.00093400
    0.00018200     -0.00012600     -0.00001100
   -0.00006500      0.00004800      0.00012000
    0.00014600     -0.00010600      0.00000800
   -0.00066400      0.00107200      0.00141300
   -0.00030100      0.00025400      0.00028900
   -0.00135900     -0.00049000      0.00092100
    0.00030300     -0.00027500     -0.00037600
   -0.00007900      0.00007300      0.00005400
    0.00014500      0.00001800     -0.00002100
    0.00014200     -0.00005800     -0.00005100
    0.00000200      0.00003200      0.00004900
    0.00012000     -0.00003700      0.00000200
    0.00008400      0.00019400     -0.00011300
   -0.00010000      0.00012800      0.00009600
    0.00008600      0.00005300      0.00009900
    0.00008000      0.00009400      0.00011900
   -0.00009500      0.00013000      0.00011400
    0.00004400      0.00020300     -0.00003900
    0.00014800     -0.00006600     -0.00001600
    0.00000200      0.00003100      0.00005400
    0.00012700     -0.00006500     -0.00004400
    0.00027600     -0.00008800     -0.00014500
   -0.00007600      0.00008900      0.00007100
    0.00016900     -0.00022400     -0.00035300
   -0.26385100     -0.23222200     -0.23224600
    0.00008100     -0.00007600     -0.00007400
    0.00008000     -0.00012700     -0.00011000
   -0.00026700     -0.00010300     -0.00022500
    0.00003000      0.00001800      0.00000400
   -0.00012600     -0.00014300     -0.00014700
   -0.00026900     -0.00007700     -0.00023000
   -0.00012200     -0.00018200     -0.00016700
    0.00003000      0.00003000     -0.00008500
   -0.00026700     -0.00023100     -0.00012100
    0.00002500      0.00000100      0.00002600
   -0.00013400     -0.00015600     -0.00014400
   -0.00011900     -0.00008200     -0.00008800
   -0.00004600     -0.00004900     -0.00004800
   -0.00013100     -0.00012400     -0.00012400
   -0.00019000     -0.00016900     -0.00015200
   -0.00011400     -0.00013800     -0.00011000
   -0.00010900     -0.00010900     -0.00012300
   -0.00026900     -0.00022900     -0.00008000
   -0.00013000     -0.00017800     -0.00018300
    0.00002400     -0.00009300      0.00002000
   -0.00019000     -0.00014400     -0.00017700
   -0.00010900     -0.00011400     -0.00013700
   -0.00011400     -0.00012500     -0.00011500
   -0.00012300      0.00000400      0.00000400
   -0.00012900     -0.00013800     -0.00013700
   -0.00004400     -0.00004700     -0.00004700
    0.00017700      0.00018700      0.00018600
    0.00011700      0.00010400      0.00010600
    0.00008900      0.00017100      0.00016700
    0.00011800      0.00010500      0.00012200
    0.00013300      0.00012400      0.00010700
    0.00004500      0.00008600      0.00006100
    0.00029300      0.00016600      0.00030100
    0.00012800      0.00007300      0.00006900
   -0.00005700      0.00002100      0.00011200
    0.00011900      0.00012300      0.00010400
    0.00012600      0.00010300      0.00012200
    0.00004900      0.00007000      0.00007600
    0.00009100      0.00010600      0.00010300
    0.00019400      0.00018800      0.00018800
    0.00017500      0.00021000      0.00020300
    0.00007600      0.00006100      0.00007700
    0.00023100      0.00019900      0.00022700
   -0.00001700     -0.00000900      0.00013600
    0.00029400      0.00030200      0.00016800
    0.00012800      0.00007500      0.00008500
   -0.00003900      0.00011400      0.00002800
    0.00009400      0.00007100      0.00007000
    0.00024400      0.00022900      0.00020800
   -0.00001400      0.00014100     -0.00000700
    0.00036500      0.00011400      0.00011500
    0.00028500      0.00013600      0.00013800
    0.00615000      0.02958400      0.02958100
    0.00017000      0.00025300     -0.00015300
    0.00019600      0.00017300     -0.00020200
    0.00004800      0.00007700     -0.00015100
   -0.00000600      0.00003800     -0.00008700
    0.00018300      0.00015600     -0.00021600
    0.00023600      0.00025000     -0.00029600
   -0.00001600     -0.00037000      0.00052800
    0.00025200      0.00016600     -0.00023200
    0.00030600      0.00034200     -0.00044100
    0.00008700      0.00011100     -0.00014000
    0.00013500      0.00012100     -0.00016500
    0.00007500      0.00007300     -0.00012000
    0.00004600      0.00007900     -0.00010300
    0.00012900      0.00012000     -0.00016200
    0.00010100      0.00011300     -0.00013000
   -0.00000900      0.00000800     -0.00004000
    0.00013600      0.00009900     -0.00014900
    0.00003700      0.00001500     -0.00004300
    0.00016800      0.00028900     -0.00035400
    0.00019700      0.00016200     -0.00022300
    0.00004900      0.00003000     -0.00012000
   -0.00000700      0.00012300     -0.00013900
    0.00018500      0.00016100     -0.00022100
    0.00023500      0.00028300     -0.00026300
   -0.00001800     -0.00020400     -0.00100400
    0.00025300      0.00015300     -0.00025800
    0.00030500     -0.00025500      0.00044500
    0.00064000     -0.00086600      0.00195600
    0.00000200     -0.00009700      0.00002600
    0.00062000      0.00004400     -0.00073100
   -0.00008200     -0.00002400      0.00008100
   -0.00006300     -0.00008700      0.00004900
   -0.00022100     -0.00013900      0.00012700
   -0.00022000     -0.00025300      0.00017000
   -0.00006200     -0.00010200      0.00005500
   -0.00008500      0.00000900     -0.00006400
   -0.00023800     -0.00024900      0.00024400
   -0.00011300     -0.00015200      0.00012100
   -0.00024000     -0.00022700      0.00020800
   -0.00015700     -0.00014000      0.00013600
   -0.00011700     -0.00012800      0.00010300
   -0.00018800     -0.00016200      0.00015000
   -0.00018800     -0.00018900      0.00016600
   -0.00011700     -0.00013500      0.00010800
   -0.00015900     -0.00013700      0.00013200
   -0.00006800     -0.00013500      0.00007300
   -0.00000300     -0.00008000      0.00002600
   -0.00007500     -0.00049000      0.00055400
   -0.00000300      0.00001800     -0.00004700
   -0.00005900     -0.00008100      0.00004200
   -0.00022900     -0.00018200      0.00015700
   -0.00022900     -0.00017200      0.00011300
   -0.00005800     -0.00008400      0.00006400
   -0.00000400      0.00008400      0.00007500
    0.00035300     -0.00021200      0.00030200
    0.00019800     -0.00022700      0.00013900
   -0.00040200      0.00016000     -0.00018400
    0.00013600     -0.00016600      0.00012700
    0.00012900     -0.00014300      0.00009500
    0.00001500     -0.00006100      0.00002300
    0.00035900     -0.00042200      0.00027100
    0.00020200     -0.00015600      0.00005600
   -0.00041200     -0.00015800     -0.00035500
    0.00016800     -0.00020000      0.00018000
    0.00018200     -0.00022800      0.00017800
    0.00011300     -0.00019900      0.00017300
    0.00012700     -0.00017400      0.00013700
    0.00014000     -0.00017500      0.00013600
    0.00008500     -0.00014000      0.00011600
    0.00016800     -0.00023600      0.00019100
    0.00018200     -0.00022100      0.00017300
    0.00011300     -0.00021500      0.00018500
    0.00014800     -0.00014600      0.00004900
    0.00031600     -0.00035600      0.00029700
   -0.00039300      0.00019900     -0.00023500
    0.00009600     -0.00013500      0.00009000
    0.00014500     -0.00015600      0.00012800
   -0.00000000     -0.00003400      0.00003100
    0.00014700     -0.00023200      0.00009300
    0.00032000     -0.00029100      0.00026800
   -0.00039300      0.00066000      0.00036700
   -0.00064600      0.00069900      0.00002300
    0.00003500      0.00002500     -0.00000900
   -0.00010300      0.00004700     -0.00016000
   -0.00028300      0.00024900     -0.00024600
   -0.00014500      0.00014800     -0.00015500
   -0.00017300      0.00015400     -0.00018100
   -0.00064200      0.00045600     -0.00050400
    0.00007800     -0.00010300      0.00006200
   -0.00011600      0.00014100     -0.00020100
   -0.00018200      0.00009400     -0.00011100
   -0.00011500      0.00009300     -0.00011900
   -0.00011600      0.00007300     -0.00010300
   -0.00020000      0.00016300     -0.00017000
   -0.00015200      0.00013400     -0.00015300
   -0.00015200      0.00012800     -0.00014600
   -0.00016900      0.00010000     -0.00009500
   -0.00010600      0.00007200     -0.00010200
   -0.00010700      0.00009600     -0.00009800
   -0.00065600      0.00027400     -0.00088900
   -0.00009800      0.00017000     -0.00026600
    0.00003800     -0.00007400     -0.00004000
   -0.00028300      0.00025800     -0.00026900
   -0.00017100      0.00017800     -0.00020700
   -0.00014600      0.00014200     -0.00016000
   -0.00064500      0.00063400     -0.00015100
   -0.00011500      0.00010500     -0.00018800
    0.00007900      0.00008100     -0.00000100
   -0.00025100      0.00029200      0.00033700
   -0.00009600      0.00007900      0.00008900
   -0.00025700      0.00009100      0.00013400
   -0.00019700      0.00016400      0.00015900
   -0.00013500      0.00010700      0.00009800
   -0.00019900      0.00014500      0.00012500
   -0.00017700      0.00005700      0.00015600
   -0.00007900      0.00006100      0.00005800
   -0.00018200      0.00009400      0.00006600
   -0.00015400      0.00007600      0.00007800
   -0.00008100      0.00004300      0.00006700
   -0.00015500      0.00002600      0.00014700
   -0.00020700      0.00016100      0.00014400
   -0.00013500      0.00010300      0.00009900
   -0.00020800      0.00015700      0.00015100
   -0.00026600      0.00020200      0.00021300
   -0.00009300      0.00007200      0.00008100
   -0.00026600      0.00023400      0.00028100
    0.00022500      0.00094200      0.00008300
    0.00001900     -0.00001800     -0.00001400
    0.00021000     -0.00058700     -0.00023800
   -0.00021500      0.00019900      0.00013800
   -0.00010100      0.00009000      0.00006500
   -0.00021600      0.00017500      0.00012300
    0.00052500     -0.00050500     -0.00074300
    0.00003300     -0.00001400     -0.00004000
    0.00051900      0.00038000     -0.00028300
    0.00072900      0.00069700     -0.00028200
    0.00028900     -0.00023900     -0.00027000
    0.00053400     -0.00059100     -0.00065000
    0.00002300     -0.00005800     -0.00010900
    0.00016000     -0.00015400     -0.00017700
    0.00006100     -0.00005600     -0.00011500
    0.00072800     -0.00198700     -0.00071800
    0.00028900     -0.00027500     -0.00026200
    0.00052700     -0.00010500     -0.00047400
   -0.00006700      0.00003200      0.00005500
    0.00016400     -0.00016500     -0.00015600
    0.00006200     -0.00010700     -0.00009100
    0.00004800     -0.00008900     -0.00008700
    0.00012600     -0.00014100     -0.00014200
    0.00007000     -0.00009500     -0.00010900
    0.00008400     -0.00020300     -0.00006100
    0.00018100     -0.00019800     -0.00016800
    0.00010000     -0.00014700     -0.00015500
    0.00008500     -0.00016100     -0.00018900
    0.00018100     -0.00018300     -0.00019200
    0.00010300     -0.00019400     -0.00012000
    0.00004800     -0.00008200     -0.00010700
    0.00012600     -0.00013600     -0.00014800
    0.00007100     -0.00007300     -0.00008600
   -0.00007100     -0.00011500     -0.00004200
    0.00016500     -0.00017000     -0.00016200
    0.00006500      0.00000900      0.00009000
1 -0.00047574 -0.00000000 -0.00000000
    0.52092900      0.42046800      0.42045100
   -0.00120200     -0.00027300     -0.00036700
   -0.00121100     -0.00027500     -0.00036800
    0.00048600     -0.00037100      0.00042500
   -0.00055900     -0.00050100     -0.00033100
   -0.00008700      0.00018400      0.00006600
    0.00049000     -0.00036500      0.00042700
   -0.00008800      0.00018300      0.00006500
   -0.00055800     -0.00050300     -0.00033100
    0.00060900      0.00042900     -0.00027500
   -0.00049200     -0.00029100     -0.00050000
   -0.00002900      0.00015000      0.00018500
   -0.00009500     -0.00033200     -0.00029300
   -0.00029500     -0.00027400     -0.00027400
    0.00002700      0.00001700      0.00002400
    0.00021900      0.00006600      0.00014800
   -0.00006700      0.00002400     -0.00008000
   -0.00010100     -0.00008000      0.00001800
    0.00061300      0.00042700     -0.00027100
   -0.00003100      0.00014900      0.00018400
   -0.00049400     -0.00029200     -0.00050200
    0.00021800      0.00006400      0.00014800
   -0.00010300     -0.00008100      0.00001700
   -0.00006700      0.00002400     -0.00008100
   -0.00009200     -0.00033000     -0.00029200
    0.00002500      0.00001700      0.00002400
   -0.00029500     -0.00027400     -0.00027400
   -0.00144100      0.00099100     -0.00267000
   -0.00055300     -0.00016500      0.00035400
   -0.00144200     -0.00089000      0.00214700
   -0.00036600     -0.00064800      0.00018900
   -0.00028400     -0.00014700      0.00024500
    0.00047800      0.00011100      0.00000200
    0.00047400      0.00033700     -0.00021300
   -0.00028400     -0.00012900      0.00026300
   -0.00036300     -0.00054700      0.00059000
    0.00035000      0.00037500     -0.00032700
   -0.00012000      0.00005400      0.00002100
    0.00035100      0.00037500     -0.00032800
    0.00005700     -0.00001200     -0.00004600
   -0.00008000     -0.00001200      0.00006700
    0.00020100      0.00013600     -0.00011300
    0.00020100      0.00013700     -0.00011300
   -0.00008000     -0.00001200      0.00006600
    0.00005900     -0.00001100     -0.00004700
   -0.00143300     -0.00087700      0.00212600
   -0.00055400     -0.00016500      0.00035400
   -0.00141700      0.00102100     -0.00271700
   -0.00036600     -0.00055000      0.00059400
   -0.00028500     -0.00012900      0.00026400
    0.00047700      0.00033600     -0.00021300
    0.00047300      0.00011300      0.00000600
   -0.00028500     -0.00014800      0.00024500
   -0.00036300     -0.00065000      0.00018600
    0.00208700     -0.00273200     -0.00089100
   -0.00077100      0.00028400     -0.00054600
   -0.00025600      0.00027700      0.00011200
    0.00049200     -0.00040500      0.00037700
   -0.00006300     -0.00001600     -0.00001000
    0.00004500     -0.00007500      0.00013700
    0.00208000     -0.00042500      0.00099700
   -0.00077300      0.00081300     -0.00064800
   -0.00025600     -0.00011100      0.00033700
    0.00011000      0.00014800     -0.00016500
   -0.00013500      0.00015800     -0.00012800
   -0.00013500      0.00023800     -0.00014900
    0.00019800     -0.00010200      0.00005500
   -0.00000200      0.00002900     -0.00001100
   -0.00000300      0.00003000     -0.00001100
    0.00010900      0.00014800     -0.00016500
   -0.00013400      0.00023700     -0.00014700
   -0.00013500      0.00015900     -0.00012900
    0.00210300     -0.00044200      0.00101800
   -0.00025700     -0.00010900      0.00033500
   -0.00077700      0.00081700     -0.00065300
    0.00049200     -0.00040500      0.00037700
    0.00004500     -0.00007600      0.00013800
   -0.00006300     -0.00001500     -0.00001100
    0.00209000     -0.00270500     -0.00087000
   -0.00025700      0.00027500      0.00011100
   -0.00077600      0.00028200     -0.00054900
   -0.00189100     -0.00201200      0.00052400
   -0.00064900      0.00042300      0.00049900
   -0.00189300      0.00280100      0.00282100
    0.00027100     -0.00025900     -0.00005400
   -0.00018800      0.00007400      0.00019600
    0.00027300     -0.00025900     -0.00005400
   -0.00188900      0.00278400      0.00280600
   -0.00064900      0.00042100      0.00049800
   -0.00187900     -0.00205600      0.00052200
    0.00036400     -0.00049700     -0.00071800
   -0.00021300      0.00014100      0.00010800
    0.00036600     -0.00009200     -0.00019000
    0.00022000     -0.00016900     -0.00014400
   -0.00005100      0.00002700      0.00006300
    0.00022100     -0.00015100     -0.00006500
    0.00010500      0.00030600     -0.00018100
   -0.00024400      0.00020600      0.00016800
    0.00010700      0.00008900      0.00020300
    0.00010300      0.00009100      0.00020700
   -0.00024600      0.00020800      0.00016800
    0.00010600      0.00030900     -0.00018100
    0.00021900     -0.00015000     -0.00006300
   -0.00005200      0.00002800      0.00006400
    0.00022000     -0.00016800     -0.00014300
    0.00036300     -0.00009100     -0.00018600
   -0.00021400      0.00014000      0.00010800
    0.00036700     -0.00049700     -0.00072100
   -0.25561800     -0.20411500     -0.20410000
    0.00035600      0.00007200      0.00009000
    0.00052700     -0.00000200      0.00001500
   -0.00035300     -0.00007000     -0.00033100
    0.00016100      0.00012400      0.00010000
   -0.00010700     -0.00018500     -0.00015900
   -0.00041100     -0.00005800     -0.00027900
   -0.00007700     -0.00021200     -0.00016500
    0.00019600      0.00020700     -0.00000900
   -0.00039400     -0.00035800     -0.00012000
    0.00012700      0.00007700      0.00012200
   -0.00014200     -0.00019000     -0.00018000
   -0.00003200      0.00003500      0.00001500
    0.00004100      0.00002700      0.00002800
   -0.00014200     -0.00012500     -0.00013100
   -0.00023400     -0.00018100     -0.00017900
   -0.00008400     -0.00012800     -0.00008200
   -0.00008000     -0.00007700     -0.00011800
   -0.00044700     -0.00031900     -0.00010300
   -0.00008800     -0.00020000     -0.00022600
    0.00017900     -0.00002500      0.00018500
   -0.00023700     -0.00014500     -0.00021000
   -0.00006500     -0.00008700     -0.00012200
   -0.00009100     -0.00011700     -0.00008500
   -0.00013200      0.00007800      0.00007900
   -0.00011100     -0.00014200     -0.00014200
    0.00003000      0.00002900      0.00002800
    0.00026700      0.00026500      0.00026400
    0.00012400      0.00009200      0.00009300
    0.00010000      0.00031300      0.00031500
    0.00014500      0.00011800      0.00015000
    0.00017000      0.00014800      0.00011200
   -0.00000300      0.00009000      0.00002500
    0.00041600      0.00020900      0.00042000
    0.00014800      0.00003500      0.00000900
   -0.00021200     -0.00008100      0.00013300
    0.00015700      0.00015900      0.00011800
    0.00015200      0.00010700      0.00015300
    0.00000300      0.00005400      0.00005700
    0.00009400      0.00011100      0.00010400
    0.00027600      0.00026200      0.00026300
    0.00020300      0.00026900      0.00024900
    0.00009300      0.00004600      0.00005700
    0.00036400      0.00031300      0.00035800
   -0.00015800     -0.00012300      0.00011700
    0.00042900      0.00044200      0.00022300
    0.00015600      0.00002400      0.00007000
   -0.00017400      0.00017700     -0.00004300
    0.00012800      0.00005000      0.00007600
    0.00039600      0.00035900      0.00033500
   -0.00012100      0.00016500     -0.00009500
    0.00076100      0.00023200      0.00024600
    0.00059100      0.00030900      0.00032700
   -0.25883500     -0.21234100     -0.21233300
    0.00032300      0.00048600     -0.00019900
    0.00027700      0.00022300     -0.00024700
   -0.00004900      0.00001300     -0.00015400
   -0.00012800     -0.00002600     -0.00000200
    0.00026700      0.00021000     -0.00027600
    0.00036900      0.00040300     -0.00043700
    0.00036700     -0.00042100      0.00078300
    0.00039600      0.00024300     -0.00031800
    0.00073200      0.00060500     -0.00068700
    0.00008400      0.00012600     -0.00013100
    0.00016700      0.00013300     -0.00017400
    0.00003700      0.00003600     -0.00007500
    0.00001000      0.00006500     -0.00007500
    0.00016200      0.00013700     -0.00017700
    0.00009900      0.00012100     -0.00011600
   -0.00008400     -0.00005800      0.00002100
    0.00018000      0.00010400     -0.00015800
   -0.00004000     -0.00007400      0.00005500
    0.00023500      0.00044200     -0.00048700
    0.00027800      0.00020100     -0.00026800
   -0.00004400     -0.00011400     -0.00000800
   -0.00010200      0.00010700     -0.00011200
    0.00026700      0.00020500     -0.00027700
    0.00030200      0.00039100     -0.00030300
   -0.00047600      0.00018000     -0.00125800
    0.00041000      0.00020800     -0.00033600
    0.00034600     -0.00027500      0.00089300
    0.00010200     -0.00051400      0.00113500
    0.00015900     -0.00004300     -0.00006800
   -0.00072800     -0.00006200     -0.00099000
    0.00005200      0.00014200     -0.00003600
    0.00001600     -0.00004600     -0.00000700
   -0.00035500     -0.00014800      0.00015600
   -0.00029700     -0.00036500      0.00026100
    0.00002700     -0.00005000      0.00000200
   -0.00001700      0.00019200     -0.00021900
   -0.00028900     -0.00032400      0.00032300
   -0.00007000     -0.00014700      0.00011000
   -0.00033500     -0.00030800      0.00029000
   -0.00015100     -0.00012900      0.00015300
   -0.00008800     -0.00011400      0.00009200
   -0.00024100     -0.00018700      0.00019400
   -0.00021300     -0.00021500      0.00019400
   -0.00008400     -0.00011700      0.00009400
   -0.00016800     -0.00012500      0.00013800
    0.00047800      0.00034900     -0.00042300
    0.00014700     -0.00000800     -0.00004900
    0.00010000     -0.00068000      0.00106000
    0.00012100      0.00015300     -0.00016800
    0.00001600     -0.00004100     -0.00000700
   -0.00038000     -0.00027800      0.00026800
   -0.00030000     -0.00023500      0.00011600
    0.00002600     -0.00002800      0.00002100
    0.00007100      0.00022900      0.00007000
    0.00057400     -0.00025300      0.00045000
    0.00028800     -0.00026400      0.00012500
   -0.00083800      0.00071800      0.00016100
    0.00016300     -0.00016800      0.00014300
    0.00013100     -0.00010800      0.00006400
   -0.00010000      0.00005400     -0.00007200
    0.00059100     -0.00061100      0.00045000
    0.00028000     -0.00010000     -0.00002700
   -0.00102800     -0.00023000     -0.00099300
    0.00021600     -0.00022700      0.00022500
    0.00022800     -0.00027300      0.00022000
    0.00009800     -0.00022200      0.00021600
    0.00013900     -0.00017500      0.00015000
    0.00015100     -0.00017100      0.00014300
    0.00004600     -0.00010400      0.00010200
    0.00020600     -0.00027900      0.00023000
    0.00022300     -0.00024500      0.00019900
    0.00008700     -0.00024000      0.00021000
    0.00021400     -0.00012000      0.00003100
    0.00056000     -0.00059000      0.00053100
   -0.00107500      0.00071400     -0.00071000
    0.00009900     -0.00012400      0.00008000
    0.00017300     -0.00015200      0.00014700
   -0.00011200      0.00007100     -0.00004600
    0.00025700     -0.00033600      0.00008600
    0.00048600     -0.00037900      0.00040700
   -0.00068500      0.00118800      0.00051200
   -0.00097900      0.00150100      0.00024300
    0.00020100     -0.00007500      0.00012200
   -0.00002600     -0.00003300     -0.00020000
   -0.00039800      0.00037600     -0.00033000
   -0.00011400      0.00015300     -0.00013900
   -0.00018700      0.00018100     -0.00020500
   -0.00135100      0.00101000     -0.00098800
    0.00027200     -0.00028200      0.00024300
   -0.00007100      0.00018500     -0.00025600
   -0.00019900      0.00006500     -0.00007500
   -0.00006300      0.00005900     -0.00008600
   -0.00008000      0.00002500     -0.00005600
   -0.00023900      0.00020000     -0.00018300
   -0.00013500      0.00013400     -0.00014300
   -0.00014700      0.00012900     -0.00013500
   -0.00018700      0.00008200     -0.00006900
   -0.00005900      0.00003200     -0.00006600
   -0.00007000      0.00007800     -0.00006000
   -0.00131700      0.00009200     -0.00129100
   -0.00000500      0.00020400     -0.00031200
    0.00030500     -0.00030800      0.00016400
   -0.00038500      0.00035800     -0.00035700
   -0.00015600      0.00019700     -0.00022200
   -0.00012300      0.00013600     -0.00014200
   -0.00111600      0.00101300     -0.00013300
    0.00000100      0.00004100     -0.00016200
    0.00028500      0.00005000      0.00016700
   -0.00026200      0.00039800      0.00053300
   -0.00002600      0.00004400      0.00005500
   -0.00041700      0.00008200      0.00018100
   -0.00023100      0.00022300      0.00020800
   -0.00010900      0.00010500      0.00008700
   -0.00025300      0.00019700      0.00015400
   -0.00019300      0.00002300      0.00018000
   -0.00000300      0.00002900      0.00001200
   -0.00018900      0.00008600     -0.00000100
   -0.00015000      0.00007600      0.00004000
   -0.00000900     -0.00000600      0.00003800
   -0.00018600     -0.00001400      0.00021500
   -0.00023800      0.00020200      0.00016700
   -0.00011000      0.00009800      0.00009100
   -0.00025900      0.00020300      0.00019700
   -0.00028400      0.00021600      0.00023200
   -0.00002900      0.00004100      0.00005100
   -0.00039600      0.00036500      0.00043400
    0.00048100      0.00077900     -0.00013800
    0.00019900     -0.00013200     -0.00011500
    0.00025000     -0.00175900     -0.00108900
   -0.00025700      0.00026100      0.00016300
   -0.00004000      0.00006700      0.00002700
   -0.00029300      0.00023900      0.00015300
    0.00126200     -0.00130200     -0.00156900
    0.00020300     -0.00009500     -0.00015000
    0.00055200      0.00080900     -0.00005400
    0.00082000      0.00056400     -0.00031000
    0.00046500     -0.00033800     -0.00039300
    0.00153100     -0.00154300     -0.00181300
   -0.00003100     -0.00000400     -0.00009000
    0.00022100     -0.00017600     -0.00021600
    0.00000400      0.00002000     -0.00007800
    0.00050900     -0.00199600     -0.00131600
    0.00046000     -0.00037300     -0.00035700
    0.00073800      0.00055000     -0.00037000
   -0.00013400      0.00012100      0.00019500
    0.00023200     -0.00020200     -0.00019100
   -0.00002500     -0.00002400     -0.00001000
    0.00000100     -0.00003800     -0.00004400
    0.00015100     -0.00014400     -0.00015100
    0.00002200     -0.00003900     -0.00007400
    0.00007300     -0.00025500     -0.00002700
    0.00025100     -0.00024800     -0.00020400
    0.00010900     -0.00016400     -0.00020200
    0.00007300     -0.00015800     -0.00024200
    0.00025900     -0.00021400     -0.00023100
    0.00006700     -0.00021900     -0.00006200
    0.00000900     -0.00004600     -0.00008900
    0.00015300     -0.00013800     -0.00015700
    0.00003000     -0.00002000     -0.00003400
   -0.00015600     -0.00015800     -0.00005800
    0.00023500     -0.00019800     -0.00018700
   -0.00000500      0.00016000      0.00028700
109 -0.00047574 -0.00000000 -0.00000000
   -0.25922400     -0.21217600     -0.21218800
    0.00070700      0.00007900      0.00012400
    0.00053400      0.00006600      0.00011400
   -0.00022900      0.00020000     -0.00013900
    0.00038000      0.00037100      0.00025800
    0.00010600      0.00000500      0.00003600
   -0.00017300      0.00027800     -0.00017900
    0.00007700     -0.00004100      0.00000100
    0.00034800      0.00030800      0.00021700
   -0.00026400     -0.00009700      0.00018600
    0.00036700      0.00026100      0.00039300
    0.00009900      0.00000500      0.00000000
    0.00004900      0.00017300      0.00016000
    0.00021700      0.00021300      0.00021400
    0.00007500      0.00006700      0.00006700
   -0.00005400      0.00001800     -0.00000600
    0.00009600      0.00004200      0.00010800
    0.00012100      0.00010200      0.00006100
   -0.00021000     -0.00015000      0.00026200
    0.00004200     -0.00002600     -0.00002600
    0.00031700      0.00019900      0.00031000
   -0.00005000      0.00002200     -0.00001700
    0.00010500      0.00009800      0.00004200
    0.00010200      0.00005300      0.00009700
    0.00015200      0.00028300      0.00026200
    0.00004300      0.00006200      0.00005700
    0.00022800      0.00021300      0.00021300
   -0.00052300     -0.00108900      0.00191200
    0.00035600      0.00013600     -0.00009300
    0.00028900      0.00044600     -0.00065300
    0.00017700      0.00037800      0.00006700
    0.00022400      0.00015700     -0.00004900
   -0.00010200      0.00001300      0.00006200
   -0.00016100     -0.00010100      0.00015900
    0.00021300      0.00012600     -0.00005800
    0.00024800      0.00033200     -0.00021900
   -0.00014300     -0.00014800      0.00028500
    0.00012400      0.00002800      0.00008200
   -0.00009700     -0.00012200      0.00024700
    0.00002600      0.00006800      0.00010700
    0.00011100      0.00007700      0.00004400
   -0.00002000      0.00000500      0.00012100
   -0.00004900     -0.00001000      0.00015600
    0.00010600      0.00006900      0.00005000
    0.00004300      0.00007300      0.00010900
    0.00029500      0.00007900     -0.00063400
    0.00034100      0.00014100     -0.00011600
    0.00068300     -0.00079100      0.00144600
    0.00026600      0.00037500     -0.00025300
    0.00022100      0.00015100     -0.00007600
   -0.00010600     -0.00004600      0.00012500
   -0.00018800      0.00005300      0.00007300
    0.00021100      0.00014600     -0.00005500
    0.00031500      0.00045600     -0.00006900
   -0.00110600      0.00123300      0.00013300
    0.00052200     -0.00003400      0.00038400
    0.00020500     -0.00006600      0.00004900
   -0.00017200      0.00026500     -0.00011500
    0.00009100      0.00009200      0.00006900
    0.00005700      0.00011000      0.00000600
   -0.00090200      0.00027300     -0.00048800
    0.00049800     -0.00038400      0.00042400
    0.00021100      0.00010500     -0.00008600
    0.00001500     -0.00000600      0.00015300
    0.00013400     -0.00000800      0.00014600
    0.00015000     -0.00005100      0.00014900
   -0.00002600      0.00012000      0.00004800
    0.00006800      0.00006000      0.00007800
    0.00007900      0.00005600      0.00008100
    0.00002600     -0.00001700      0.00018800
    0.00014400     -0.00006200      0.00016900
    0.00015500     -0.00002100      0.00015300
   -0.00076400      0.00020500     -0.00033500
    0.00018300      0.00014500     -0.00017200
    0.00041400     -0.00028800      0.00033300
   -0.00018500      0.00030000     -0.00013100
    0.00002600      0.00013600     -0.00002100
    0.00010100      0.00009700      0.00006400
   -0.00114400      0.00173000      0.00055400
    0.00013800     -0.00003500     -0.00004100
    0.00048800     -0.00008600      0.00034500
    0.00046600      0.00115200      0.00007200
    0.00040800     -0.00013800     -0.00018800
    0.00068400     -0.00089600     -0.00084800
   -0.00008700      0.00022500      0.00010700
    0.00016600      0.00004500     -0.00002800
   -0.00005100      0.00020500      0.00008900
    0.00075300     -0.00099200     -0.00133100
    0.00041200     -0.00017200     -0.00020600
    0.00147700      0.00057100     -0.00084400
   -0.00021000      0.00037200      0.00048300
    0.00018300      0.00001400      0.00003600
   -0.00005900      0.00008400      0.00012300
   -0.00004600      0.00015400      0.00014700
    0.00009900      0.00006000      0.00004300
   -0.00002400      0.00013300      0.00009500
    0.00001800     -0.00010900      0.00020500
    0.00020600     -0.00004300     -0.00000900
    0.00001300      0.00003700     -0.00001100
    0.00001800     -0.00000500     -0.00002800
    0.00019800     -0.00004100     -0.00002400
    0.00005500     -0.00011300      0.00013300
   -0.00005500      0.00016400      0.00011500
    0.00009700      0.00006200      0.00004000
   -0.00003300      0.00016400      0.00014300
   -0.00019000      0.00018900      0.00025000
    0.00017800     -0.00000100      0.00002000
   -0.00007800      0.00032500      0.00045800
    0.26661500      0.24020000      0.24019200
   -0.00035000     -0.00021000     -0.00021200
   -0.00036000     -0.00016000     -0.00017800
   -0.00002000     -0.00017500     -0.00006300
   -0.00031100     -0.00029600     -0.00028800
   -0.00015700     -0.00013900     -0.00013800
   -0.00002200     -0.00020200     -0.00005900
   -0.00015800     -0.00010500     -0.00011800
   -0.00030800     -0.00031000     -0.00020100
   -0.00002300     -0.00005800     -0.00015800
   -0.00030400     -0.00028800     -0.00030900
   -0.00015000     -0.00013100     -0.00014000
   -0.00016700     -0.00019800     -0.00018900
   -0.00023500     -0.00023300     -0.00023300
   -0.00015200     -0.00016200     -0.00015800
   -0.00009500     -0.00011600     -0.00012800
   -0.00016700     -0.00014700     -0.00017400
   -0.00017400     -0.00017500     -0.00016100
   -0.00001900     -0.00006400     -0.00020000
   -0.00015200     -0.00010800     -0.00010400
   -0.00030300     -0.00019600     -0.00030200
   -0.00009400     -0.00013800     -0.00010600
   -0.00017400     -0.00016700     -0.00014600
   -0.00016700     -0.00015800     -0.00016800
   -0.00016300     -0.00028400     -0.00028300
   -0.00015300     -0.00014600     -0.00014500
   -0.00023500     -0.00023400     -0.00023300
    0.00001700      0.00000600      0.00000700
    0.00007300      0.00008300      0.00008200
    0.00009100      0.00001800      0.00002300
    0.00007000      0.00008200      0.00006400
    0.00005500      0.00006500      0.00007900
    0.00014100      0.00010200      0.00012500
   -0.00009900      0.00001600     -0.00011100
    0.00006300      0.00011200      0.00011600
    0.00023600      0.00016100      0.00007200
    0.00006900      0.00006500      0.00008400
    0.00006500      0.00008400      0.00006500
    0.00013800      0.00011600      0.00011500
    0.00009600      0.00008000      0.00008500
   -0.00000400      0.00000000      0.00000000
    0.00001200     -0.00002100     -0.00001200
    0.00010900      0.00012500      0.00011100
   -0.00003800     -0.00001400     -0.00003900
    0.00020400      0.00019200      0.00006000
   -0.00010500     -0.00010800      0.00001100
    0.00006200      0.00011100      0.00010000
    0.00022000      0.00006700      0.00015600
    0.00009100      0.00011600      0.00011400
   -0.00005400     -0.00003900     -0.00002300
    0.00019800      0.00005400      0.00019300
   -0.00017000      0.00006500      0.00006000
   -0.00009100      0.00005000      0.00004600
   -0.00556600     -0.02961200     -0.02961400
    0.00003500     -0.00003200     -0.00016300
    0.00001700      0.00003600     -0.00011500
    0.00015900      0.00012600     -0.00016900
    0.00021200      0.00016900     -0.00023500
    0.00002600      0.00005200     -0.00010300
   -0.00002800     -0.00004000     -0.00002700
    0.00022200      0.00056400     -0.00083800
   -0.00003800      0.00003900     -0.00008500
   -0.00009700     -0.00013500      0.00012100
    0.00011900      0.00009600     -0.00017800
    0.00007400      0.00008700     -0.00015300
    0.00013100      0.00013200     -0.00019800
    0.00016000      0.00012900     -0.00021400
    0.00007900      0.00008800     -0.00015600
    0.00010600      0.00009600     -0.00018700
    0.00021400      0.00019800     -0.00027200
    0.00007300      0.00010800     -0.00016800
    0.00017000      0.00019200     -0.00027000
    0.00003800     -0.00008000      0.00003000
    0.00001500      0.00004700     -0.00009900
    0.00016100      0.00017300     -0.00020200
    0.00021400      0.00009000     -0.00018300
    0.00002500      0.00004800     -0.00010100
   -0.00002600     -0.00006900     -0.00005800
    0.00020500      0.00039900      0.00066600
   -0.00003800      0.00005300     -0.00006300
   -0.00008600      0.00045800     -0.00076200
   -0.00089000      0.00056800     -0.00171600
   -0.00029000     -0.00019900      0.00019200
   -0.00092100     -0.00033500      0.00094700
   -0.00021100     -0.00025900      0.00013400
   -0.00022800     -0.00020600      0.00016900
   -0.00007600     -0.00015700      0.00008700
   -0.00007800     -0.00004900      0.00004600
   -0.00022900     -0.00019400      0.00016300
   -0.00021000     -0.00030100      0.00027600
   -0.00005500     -0.00004500     -0.00001900
   -0.00017700     -0.00014200      0.00009900
   -0.00005600     -0.00006800      0.00001500
   -0.00013700     -0.00015200      0.00008500
   -0.00017500     -0.00016500      0.00011600
   -0.00010600     -0.00013100      0.00007000
   -0.00010700     -0.00010800      0.00005500
   -0.00017500     -0.00016000      0.00011100
   -0.00013700     -0.00015800      0.00008800
   -0.00022600     -0.00015900      0.00013100
   -0.00028400     -0.00021400      0.00019200
   -0.00021500      0.00019100     -0.00033100
   -0.00029000     -0.00031100      0.00026300
   -0.00023300     -0.00021100      0.00017500
   -0.00006500     -0.00011400      0.00006000
   -0.00006900     -0.00012200      0.00010700
   -0.00023200     -0.00021000      0.00015500
   -0.00029100     -0.00037400      0.00014800
   -0.00009800     -0.00013500     -0.00006300
    0.00004800     -0.00013100      0.00010300
    0.00062600     -0.00051700      0.00042100
    0.00010600     -0.00018600      0.00011100
    0.00011600     -0.00021000      0.00014400
    0.00022500     -0.00028600      0.00021400
   -0.00011000      0.00005800     -0.00002600
    0.00004600     -0.00020200      0.00018500
    0.00064500     -0.00019900      0.00058100
    0.00007600     -0.00015400      0.00006600
    0.00006500     -0.00012800      0.00006500
    0.00012700     -0.00015400      0.00007400
    0.00011600     -0.00017900      0.00010500
    0.00010500     -0.00017900      0.00010500
    0.00015600     -0.00021200      0.00012600
    0.00007600     -0.00012100      0.00005400
    0.00006500     -0.00013500      0.00007000
    0.00012700     -0.00014000      0.00006000
    0.00009400     -0.00020600      0.00018900
   -0.00006800     -0.00000400     -0.00005400
    0.00063300     -0.00055900      0.00047900
    0.00014500     -0.00021800      0.00015000
    0.00010000     -0.00019600      0.00011200
    0.00024200     -0.00031500      0.00020900
    0.00009200     -0.00012700      0.00014500
   -0.00006800     -0.00006600     -0.00002500
    0.00063500     -0.00101000     -0.00011700
    0.00029300     -0.00044500     -0.00033900
   -0.00035300      0.00022800     -0.00031800
   -0.00022300      0.00020400     -0.00017000
   -0.00004800      0.00001200     -0.00008500
   -0.00018300      0.00011000     -0.00017700
   -0.00015800      0.00010200     -0.00015000
    0.00030300     -0.00020500      0.00017000
   -0.00040500      0.00035500     -0.00039100
   -0.00021100      0.00011400     -0.00013100
   -0.00014900      0.00015900     -0.00021200
   -0.00021300      0.00016100     -0.00020900
   -0.00021100      0.00018000     -0.00022300
   -0.00013100      0.00009300     -0.00015800
   -0.00017700      0.00012300     -0.00017700
   -0.00017700      0.00012700     -0.00018300
   -0.00016100      0.00015600     -0.00022800
   -0.00022200      0.00018300     -0.00022600
   -0.00022100      0.00015900     -0.00022800
    0.00030700     -0.00003200      0.00056000
   -0.00022600      0.00008500     -0.00006800
   -0.00036300      0.00032200     -0.00029100
   -0.00004800      0.00000100     -0.00006400
   -0.00015900      0.00008000     -0.00012600
   -0.00018300      0.00011400     -0.00017100
    0.00030900     -0.00037400     -0.00017700
   -0.00021400      0.00014600     -0.00014500
   -0.00040200      0.00017500     -0.00033000
   -0.00005300     -0.00009700     -0.00012600
   -0.00021300      0.00011900      0.00011100
   -0.00005800      0.00010400      0.00006000
   -0.00011200      0.00003900      0.00004200
   -0.00017600      0.00009400      0.00010300
   -0.00011300      0.00005700      0.00007500
   -0.00013300      0.00013800      0.00004500
   -0.00023000      0.00013700      0.00014100
   -0.00013100      0.00010600      0.00012800
   -0.00015900      0.00012000      0.00012200
   -0.00022700      0.00015400      0.00013200
   -0.00015700      0.00016900      0.00005600
   -0.00010300      0.00003800      0.00005600
   -0.00017500      0.00009600      0.00010100
   -0.00010300      0.00004200      0.00004900
   -0.00004600     -0.00000400     -0.00001300
   -0.00021500      0.00012600      0.00011900
   -0.00004400     -0.00003400     -0.00007600
   -0.00051900     -0.00072700      0.00009400
   -0.00032300      0.00021400      0.00021100
   -0.00051800      0.00077900      0.00042900
   -0.00009400      0.00000300      0.00005900
   -0.00020800      0.00011000      0.00013400
   -0.00009500      0.00002600      0.00007400
   -0.00084100      0.00069300      0.00092900
   -0.00033700      0.00021100      0.00023800
   -0.00082400     -0.00017500      0.00047900
   -0.00052400     -0.00095300     -0.00001600
   -0.00006800     -0.00004800     -0.00001700
   -0.00031600      0.00030100      0.00036000
    0.00018800     -0.00022500     -0.00017900
    0.00005300     -0.00013200     -0.00011000
    0.00015300     -0.00022600     -0.00017300
   -0.00053800      0.00167200      0.00042000
   -0.00007000     -0.00001300     -0.00002600
   -0.00031200     -0.00017900      0.00018600
    0.00027600     -0.00031700     -0.00032700
    0.00005000     -0.00012200     -0.00012700
    0.00014700     -0.00017900     -0.00019300
    0.00016100     -0.00019500     -0.00019600
    0.00008700     -0.00014500     -0.00014200
    0.00014100     -0.00018900     -0.00017400
    0.00012200     -0.00008400     -0.00021700
    0.00003200     -0.00008900     -0.00011600
    0.00010900     -0.00013800     -0.00013100
    0.00012300     -0.00012700     -0.00010000
    0.00003300     -0.00010400     -0.00009600
    0.00011200     -0.00009600     -0.00016400
    0.00016200     -0.00020200     -0.00017800
    0.00008700     -0.00015000     -0.00013800
    0.00014200     -0.00021000     -0.00019900
    0.00027400     -0.00016900     -0.00023900
    0.00004800     -0.00011800     -0.00012500
    0.00015000     -0.00029500     -0.00037000
