 10.          1.18958231 
 20.          1.18958233 
 30.          1.18958445 
 40.          1.18960439 
 50.          1.18967208 
 60.          1.18981191 
 70.          1.19003414 
 80.         1.1903388 
 90.          1.19072192 
 100.           1.19117943 
 110.          1.1917088 
 120.           1.19230928 
 130.           1.19298156 
 140.           1.19372724 
 150.           1.19454843 
 160.           1.19544747 
 170.           1.19642671 
 180.           1.19748843 
 190.           1.19863481 
 200.           1.19986786 
 210.           1.20118947 
 220.           1.20260134 
 230.           1.20410506 
 240.           1.20570202 
 250.           1.20739349 
 260.           1.20918055 
 270.           1.21106413 
 280.           1.21304497 
 290.           1.21512367 
 300.           1.21730064 
