 10.          1.67304358 
 20.          1.67304358 
 30.          1.67304359 
 40.          1.67304375 
 50.          1.67304578 
 60.          1.67305644 
 70.          1.67309053 
 80.          1.67317095 
 90.          1.67332598 
 100.           1.67358575 
 110.           1.67397904 
 120.           1.67453115 
 130.           1.67526284 
 140.           1.67619011 
 150.          1.6773245 
 160.           1.67867368 
 170.           1.68024212 
 180.           1.68203174 
 190.           1.68404253 
 200.           1.68627302 
 210.           1.68872072 
 220.           1.69138237 
 230.           1.69425427 
 240.           1.69733237 
 250.           1.70061249 
 260.           1.70409035 
 270.           1.70776165 
 280.           1.71162214 
 290.           1.71566761 
 300.           1.71989393 
