1 0.0008683483474518982
1 0.00039932285883931913
1 8.88255109132788e-05
0 6.2130703756916774e-06
0 4.598982733117993e-05
0 0.00010837067625014985
0 0.04325179024041497
0 0.05398383710675526
0 0.05820456270678884
0 0.0652332613073055
0 0.0674091587309248
0 0.07031125541868136
0 0.09085622664434481
0 0.11128944894776291
0 0.12575692653401038
0 0.14335724421334956
0 0.16607441327512343
0 0.1990873850253736
0 0.1991472847465956
0 0.20910105648640667
0 0.42809498622683295
0 0.4292182787468984
0 0.44275105411105053
0 0.44279842177205325
