1 0.0008028945045977129
1 2.3628977473095417e-05
1 4.78858586487887e-06
0 2.7307320856136166e-05
0 0.00048490251727930896
0 0.0005596996863093135
0 0.06099386169192055
0 0.07733016565552843
0 0.08208035323218396
0 0.08748284939231561
0 0.09623849228901653
0 0.1047739708397989
0 0.11003837660248597
0 0.11407377109345129
0 0.12828605129484486
0 0.13036495674703746
0 0.1350356728437355
0 0.13831807725650422
0 0.15502893872111168
0 0.16178894925803686
0 0.16953328212832952
0 0.17919665992318626
0 0.18636460563771293
0 0.39407987989683607
0 0.39482116102690273
0 0.3978272990869368
0 0.4385163782179968
