           -19.95000             0.00000
           -19.85000             0.00000
           -19.75000             0.00000
           -19.65000             0.00000
           -19.55000             0.00000
           -19.45000             0.00000
           -19.35000             0.00000
           -19.25000             0.00000
           -19.15000             0.00000
           -19.05000             0.00000
           -18.95000             0.00000
           -18.85000             0.00000
           -18.75000             0.00000
           -18.65000             0.00000
           -18.55000             0.00000
           -18.45000             0.00000
           -18.35000             0.00000
           -18.25000             0.00000
           -18.15000             0.00000
           -18.05000             0.00000
           -17.95000             0.00000
           -17.85000             0.00000
           -17.75000             0.00000
           -17.65000             0.00000
           -17.55000             0.00000
           -17.45000             0.00000
           -17.35000             0.00000
           -17.25000             0.00000
           -17.15000             0.00000
           -17.05000             0.00000
           -16.95000             0.00000
           -16.85000             0.00000
           -16.75000             0.00000
           -16.65000             0.00000
           -16.55000             0.00000
           -16.45000             0.00000
           -16.35000             0.00000
           -16.25000             0.00000
           -16.15000             0.00000
           -16.05000             0.00000
           -15.95000             0.00000
           -15.85000             0.00000
           -15.75000             0.00000
           -15.65000             0.00000
           -15.55000             0.00000
           -15.45000             0.00000
           -15.35000             0.00000
           -15.25000             0.00000
           -15.15000             0.00000
           -15.05000             0.00000
           -14.95000             0.00000
           -14.85000             0.00000
           -14.75000             0.00000
           -14.65000             0.00000
           -14.55000             0.00000
           -14.45000             0.00000
           -14.35000             0.00000
           -14.25000             0.00000
           -14.15000             0.00000
           -14.05000             0.00000
           -13.95000             0.00000
           -13.85000             0.00000
           -13.75000             0.00000
           -13.65000             0.00000
           -13.55000             0.00000
           -13.45000             0.00000
           -13.35000             0.00000
           -13.25000             0.00000
           -13.15000             0.00000
           -13.05000             0.00000
           -12.95000             0.00000
           -12.85000             0.00000
           -12.75000             0.00000
           -12.65000             0.00000
           -12.55000             0.00000
           -12.45000             0.00000
           -12.35000             0.00000
           -12.25000             0.00000
           -12.15000             0.00000
           -12.05000             0.00000
           -11.95000             0.00000
           -11.85000             0.00000
           -11.75000             0.00000
           -11.65000             0.00000
           -11.55000             0.00000
           -11.45000             0.00000
           -11.35000             0.00000
           -11.25000             0.00000
           -11.15000             0.00000
           -11.05000             0.00000
           -10.95000             0.00000
           -10.85000             0.00000
           -10.75000             0.00000
           -10.65000             0.00000
           -10.55000             0.00000
           -10.45000             0.00000
           -10.35000             0.00000
           -10.25000             0.00000
           -10.15000             0.00000
           -10.05000             0.00000
            -9.95000             0.00000
            -9.85000             0.00000
            -9.75000             0.00000
            -9.65000             0.00000
            -9.55000             0.00000
            -9.45000             0.00000
            -9.35000             0.00000
            -9.25000             0.00000
            -9.15000             0.00000
            -9.05000             0.00000
            -8.95000             0.00000
            -8.85000             0.00000
            -8.75000             0.00000
            -8.65000             0.00000
            -8.55000             0.00000
            -8.45000             0.00000
            -8.35000             0.00000
            -8.25000             0.00000
            -8.15000             0.00000
            -8.05000             0.00000
            -7.95000             0.00000
            -7.85000             0.00000
            -7.75000             0.00000
            -7.65000             0.00000
            -7.55000             0.00000
            -7.45000             0.00000
            -7.35000             0.00000
            -7.25000             0.00000
            -7.15000             0.00000
            -7.05000             0.00000
            -6.95000             0.00000
            -6.85000             0.00000
            -6.75000             0.00000
            -6.65000             0.00000
            -6.55000             0.00000
            -6.45000             0.00000
            -6.35000             0.00000
            -6.25000             0.00000
            -6.15000             0.00000
            -6.05000             0.00000
            -5.95000             0.00000
            -5.85000             0.00000
            -5.75000             0.00000
            -5.65000             0.00000
            -5.55000             0.00000
            -5.45000             0.00000
            -5.35000             0.00000
            -5.25000             0.00000
            -5.15000             0.00000
            -5.05000             0.00000
            -4.95000             0.00000
            -4.85000             0.00000
            -4.75000             0.00000
            -4.65000             0.00000
            -4.55000             0.00000
            -4.45000             0.00000
            -4.35000             0.00000
            -4.25000             0.00000
            -4.15000             0.00000
            -4.05000             0.00000
            -3.95000             0.00000
            -3.85000             0.00000
            -3.75000             0.00000
            -3.65000             0.00000
            -3.55000             0.00000
            -3.45000             0.00000
            -3.35000             0.00000
            -3.25000             0.00000
            -3.15000             0.00000
            -3.05000             0.00000
            -2.95000             0.00000
            -2.85000             0.00000
            -2.75000             0.00000
            -2.65000             0.00000
            -2.55000             0.00000
            -2.45000             0.00000
            -2.35000             0.00000
            -2.25000             0.00000
            -2.15000             0.00000
            -2.05000             0.00000
            -1.95000             0.00000
            -1.85000             0.00000
            -1.75000             0.00000
            -1.65000             0.00000
            -1.55000             0.00000
            -1.45000             0.00000
            -1.35000             0.00000
            -1.25000             0.00000
            -1.15000             0.00000
            -1.05000             0.00000
            -0.95000             0.00000
            -0.85000             0.00000
            -0.75000             0.00000
            -0.65000             0.00000
            -0.55000             0.00000
            -0.45000             0.00000
            -0.35000             0.00000
            -0.25000             0.00000
            -0.15000             0.00000
            -0.05000             0.00000
             0.05000             0.00008
             0.15000             0.00071
             0.25000             0.00177
             0.35000             0.00365
             0.45000             0.00582
             0.55000             0.00817
             0.65000             0.01135
             0.75000             0.01593
             0.85000             0.02071
             0.95000             0.02833
             1.05000             0.04159
             1.15000             0.05656
             1.25000             0.09907
             1.35000             0.14190
             1.45000             0.10294
             1.55000             0.11947
             1.65000             0.14151
             1.75000             0.11095
             1.85000             0.07455
             1.95000             0.05698
             2.05000             0.05862
             2.15000             0.06505
             2.25000             0.05825
             2.35000             0.05003
             2.45000             0.05966
             2.55000             0.05402
             2.65000             0.04582
             2.75000             0.05212
             2.85000             0.08960
             2.95000             0.10312
             3.05000             0.05632
             3.15000             0.04479
             3.25000             0.05153
             3.35000             0.05325
             3.45000             0.04066
             3.55000             0.03593
             3.65000             0.04087
             3.75000             0.03894
             3.85000             0.03579
             3.95000             0.03598
             4.05000             0.02349
             4.15000             0.00693
             4.25000             0.00000
             4.35000             0.00000
             4.45000             0.00000
             4.55000             0.00000
             4.65000             0.00000
             4.75000             0.00000
             4.85000             0.00000
             4.95000             0.00000
             5.05000             0.00000
             5.15000             0.00000
             5.25000             0.00000
             5.35000             0.00045
             5.45000             0.00950
             5.55000             0.04987
             5.65000             0.06712
             5.75000             0.11429
             5.85000             0.08884
             5.95000             0.02709
             6.05000             0.00000
             6.15000             0.01540
             6.25000             0.08836
             6.35000             0.14354
             6.45000             0.09257
             6.55000             0.01728
             6.65000             0.00000
             6.75000             0.00000
             6.85000             0.00000
             6.95000             0.00000
             7.05000             0.00000
             7.15000             0.00000
             7.25000             0.00000
             7.35000             0.00000
             7.45000             0.00000
             7.55000             0.00000
             7.65000             0.00000
             7.75000             0.00000
             7.85000             0.00000
             7.95000             0.00000
             8.05000             0.00000
             8.15000             0.00000
             8.25000             0.00000
             8.35000             0.00000
             8.45000             0.00000
             8.55000             0.00000
             8.65000             0.00000
             8.75000             0.00000
             8.85000             0.00000
             8.95000             0.00000
             9.05000             0.00000
             9.15000             0.00000
             9.25000             0.00000
             9.35000             0.00000
             9.45000             0.00000
             9.55000             0.00000
             9.65000             0.00000
             9.75000             0.00000
             9.85000             0.00000
             9.95000             0.00000
            10.05000             0.00000
            10.15000             0.00000
            10.25000             0.00000
            10.35000             0.00000
            10.45000             0.00000
            10.55000             0.00000
            10.65000             0.00000
            10.75000             0.00000
            10.85000             0.00000
            10.95000             0.10230
            11.05000             0.25484
            11.15000             0.00000
            11.25000             0.00000
            11.35000             0.00000
            11.45000             0.00000
            11.55000             0.00000
            11.65000             0.00000
            11.75000             0.01333
            11.85000             0.15775
            11.95000             0.18606
            12.05000             0.00000
            12.15000             0.00000
            12.25000             0.00000
            12.35000             0.00000
            12.45000             0.00000
            12.55000             0.00000
            12.65000             0.00000
            12.75000             0.00000
            12.85000             0.00000
            12.95000             0.00000
            13.05000             0.00000
            13.15000             0.00000
            13.25000             0.00000
            13.35000             0.00000
            13.45000             0.00000
            13.55000             0.00000
            13.65000             0.00000
            13.75000             0.00000
            13.85000             0.00000
            13.95000             0.00000
            14.05000             0.00000
            14.15000             0.17979
            14.25000             0.19389
            14.35000             0.07852
            14.45000             0.10246
            14.55000             0.14116
            14.65000             0.01847
            14.75000             0.00000
            14.85000             0.00000
            14.95000             0.00000
            15.05000             0.00000
            15.15000             0.00000
            15.25000             0.23360
            15.35000             0.19886
            15.45000             0.28183
            15.55000             0.00000
            15.65000             0.00000
            15.75000             0.00000
            15.85000             0.00000
            15.95000             0.00000
            16.05000             0.00000
            16.15000             0.00000
            16.25000             0.00000
            16.35000             0.00000
            16.45000             0.00000
            16.55000             0.00000
            16.65000             0.00000
            16.75000             0.00000
            16.85000             0.00000
            16.95000             0.00000
            17.05000             0.00000
            17.15000             0.00000
            17.25000             0.00000
            17.35000             0.00000
            17.45000             0.00000
            17.55000             0.00000
            17.65000             0.00000
            17.75000             0.00000
            17.85000             0.00000
            17.95000             0.00000
            18.05000             0.00000
            18.15000             0.00000
            18.25000             0.00000
            18.35000             0.00000
            18.45000             0.00000
            18.55000             0.00000
            18.65000             0.28159
            18.75000             0.07556
            18.85000             0.30529
            18.95000             0.05185
            19.05000             0.00000
            19.15000             0.00000
            19.25000             0.00000
            19.35000             0.00000
            19.45000             0.00000
            19.55000             0.00000
            19.65000             0.00000
            19.75000             0.00000
            19.85000             0.00000
            19.95000             0.00000
            20.05000             0.00000
            20.15000             0.00000
            20.25000             0.00000
            20.35000             0.00000
            20.45000             0.00000
            20.55000             0.00000
            20.65000             0.00000
            20.75000             0.00000
            20.85000             0.00000
            20.95000             0.00000
            21.05000             0.00000
            21.15000             0.00000
            21.25000             0.00000
            21.35000             0.00728
            21.45000             0.02188
            21.55000             0.03770
            21.65000             0.07127
            21.75000             0.13479
            21.85000             0.08423
            21.95000             0.00000
            22.05000             0.00000
            22.15000             0.00000
            22.25000             0.00000
            22.35000             0.00000
            22.45000             0.00630
            22.55000             0.33352
            22.65000             0.01733
            22.75000             0.00000
            22.85000             0.00000
            22.95000             0.00000
            23.05000             0.19778
            23.15000             0.15937
            23.25000             0.00000
            23.35000             0.00323
            23.45000             0.01312
            23.55000             0.02579
            23.65000             0.04884
            23.75000             0.11828
            23.85000             0.13405
            23.95000             0.37098
            24.05000             0.00000
            24.15000             0.00000
            24.25000             0.00000
            24.35000             0.00000
            24.45000             0.00000
            24.55000             0.00000
            24.65000             0.00000
            24.75000             0.00000
            24.85000             0.00000
            24.95000             0.00000
            25.05000             0.00000
            25.15000             0.09013
            25.25000             0.16926
            25.35000             0.08725
            25.45000             0.01050
            25.55000             0.00000
            25.65000             0.00000
            25.75000             0.00000
            25.85000             0.00000
            25.95000             0.00000
            26.05000             0.00000
            26.15000             0.00000
            26.25000             0.00000
            26.35000             0.05952
            26.45000             0.12894
            26.55000             0.08817
            26.65000             0.05421
            26.75000             0.02386
            26.85000             0.00243
            26.95000             0.00000
            27.05000             0.00000
            27.15000             0.00000
            27.25000             0.00000
            27.35000             0.00000
            27.45000             0.00000
            27.55000             0.00000
            27.65000             0.00000
            27.75000             0.00000
            27.85000             0.00000
            27.95000             0.00000
            28.05000             0.00000
            28.15000             0.16569
            28.25000             0.19146
            28.35000             0.00000
            28.45000             0.20873
            28.55000             0.14841
            28.65000             0.00000
            28.75000             0.00000
            28.85000             0.04116
            28.95000             0.12794
            29.05000             0.12709
            29.15000             0.06095
            29.25000             0.00000
            29.35000             0.02553
            29.45000             0.17484
            29.55000             0.18622
            29.65000             0.25185
            29.75000             0.06743
            29.85000             0.00841
            29.95000             0.00000
