#  T(K)     E(eV/cell)    F(eV/cell)    Fc(eV/cell)   S(kB/cell)    Cv(kB/cell)
    0.00           NaN    1.87469420           NaN           NaN           NaN
   10.00    1.87589063    1.87329341    0.09260309    3.01393261    1.89755472
   20.00    1.87756900    1.87005283    0.15772985    4.36105122    1.97336545
   30.00    1.87927711    1.86592562    0.21248583    5.16455562    1.98807482
   40.00    1.88099288    1.86121664    0.26050702    5.73730843    1.99328602
   50.00    1.88271178    1.85607371    0.30352026    6.18240119    1.99591737
   60.00    1.88443280    1.85058448    0.34254265    6.54651773    1.99860363
   70.00    1.88615713    1.84480685    0.37824624    6.85496095    2.00411873
   80.00    1.88788865    1.83878160    0.41110869    7.12325242    2.01589184
   90.00    1.88963432    1.83253859    0.44148715    7.36182643    2.03754478
  100.00    1.89140411    1.82610003    0.46965884    7.57817776    2.07238691
  110.00    1.89321060    1.81948253    0.49584521    7.77794175    2.12312767
  120.00    1.89506842    1.81269843    0.52022728    7.96548587    2.19177682
  130.00    1.89699361    1.80575671    0.54295576    8.14426033    2.27965012
  140.00    1.89900307    1.79866370    0.56415812    8.31702090    2.38742425
  150.00    1.90111403    1.79142360    0.58394356    8.48597925    2.51521265
  160.00    1.90334363    1.78403889    0.60240669    8.65290990    2.66264972
  170.00    1.90570848    1.77651068    0.61963026    8.81922987    2.82897665
  180.00    1.90822443    1.76883900    0.63568728    8.98606041    3.01312493
  190.00    1.91090628    1.76102301    0.65064262    9.15427638    3.21379411
  200.00    1.91376765    1.75306122    0.66455432    9.32454678    3.42952205
  210.00    1.91682086    1.74495163    0.67747461    9.49736858    3.65874611
  220.00    1.92007683    1.73669189    0.68945073    9.67309529    3.89985502
  230.00    1.92354512    1.72827937    0.70052563    9.85196133    4.15123164
  240.00    1.92723388    1.71971132    0.71073852   10.03410281    4.41128711
  250.00    1.93114992    1.71098487    0.72012534   10.21957529    4.67848737
  260.00    1.93529878    1.70209716    0.72871915   10.40836902    4.95137285
  270.00    1.93968474    1.69304535    0.73655046   10.60042184    5.22857258
  280.00    1.94431097    1.68382667    0.74364754   10.79563029    5.50881332
  290.00    1.94917959    1.67443846    0.75003660   10.99385884    5.79092490
  300.00    1.95429173    1.66487818    0.75574208   11.19494789    6.07384232
