#  T(K)     E(eV/cell)    F(eV/cell)    Fc(eV/cell)   S(kB/cell)    Cv(kB/cell)
    0.00           NaN    0.89884179           NaN           NaN           NaN
   10.00    0.90100807    0.89454298    0.03617693    7.50238964    2.95510582
   20.00    0.90357382    0.88708894    0.05801837    9.56489362    2.98863964
   30.00    0.90615250    0.87828871    0.07444898   10.77812992    2.99494295
   40.00    0.90873449    0.86861165    0.08736579   11.64008388    2.99735168
   50.00    0.91131851    0.85828198    0.09766975   12.30919403    3.00033545
   60.00    0.91390708    0.84743165    0.10589153   12.85684435    3.00886150
   70.00    0.91650752    0.83614707    0.11238176   13.32198114    3.02884663
   80.00    0.91913188    0.82448826    0.11738966   13.72858646    3.06492142
   90.00    0.92179507    0.81249837    0.12110156   14.09253045    3.11907976
  100.00    0.92451259    0.80020919    0.12366211   14.42472200    3.19074878
  110.00    0.92729862    0.78764460    0.12518683   14.73279732    3.27759819
  120.00    0.93016490    0.77482292    0.12577018   15.02214913    3.37645205
  130.00    0.93312035    0.76175854    0.12549079   15.29660878    3.48399689
  140.00    0.93617112    0.74846304    0.12441516   15.55891752    3.59721833
  150.00    0.93932098    0.73494601    0.12260027   15.81105679    3.71360874
  160.00    0.94257178    0.72121555    0.12009548   16.05447973    3.83121859
  170.00    0.94592393    0.70727867    0.11694396   16.29027251    3.94861752
  180.00    0.94937678    0.69314159    0.11318381   16.51926591    4.06481357
  190.00    0.95292901    0.67880986    0.10884886   16.74211183    4.17916084
  200.00    0.95657883    0.66428856    0.10396941   16.95933557    4.29127270
  210.00    0.96032422    0.64958232    0.09857270   17.17137138    4.40094777
  220.00    0.96416304    0.63469547    0.09268338   17.37858661    4.50811123
  230.00    0.96809312    0.61963202    0.08632386   17.58129820    4.61277028
  240.00    0.97211234    0.60439572    0.07951460   17.77978408    4.71498191
  250.00    0.97621861    0.58899011    0.07227434   17.97429107    4.81483042
  260.00    0.98040994    0.57341852    0.06462034   18.16504051    4.91241238
  270.00    0.98468442    0.55768410    0.05656851   18.35223239    5.00782700
  280.00    0.98904022    0.54178984    0.04813361   18.53604845    5.10117041
  290.00    0.99347560    0.52573857    0.03932930   18.71665455    5.19253258
  300.00    0.99798888    0.50953299    0.03016835   18.89420262    5.28199592
