#  T(K)     E(eV/cell)    F(eV/cell)    Fc(eV/cell)   S(kB/cell)    Cv(kB/cell)
    0.00           NaN    0.91086922           NaN           NaN           NaN
   10.00    0.91259164    0.90854721    0.02847435    4.69333564    2.70085574
   20.00    0.91503795    0.90357202    0.04619710    6.65279276    2.91439499
   30.00    0.91757329    0.89729204    0.05986171    7.84509257    2.96093350
   40.00    0.92013313    0.89014617    0.07089097    8.69955287    2.97781822
   50.00    0.92270302    0.88235219    0.07996060    9.36498209    2.98574167
   60.00    0.92527799    0.87404022    0.08746860    9.90976582    2.99007488
   70.00    0.92785587    0.86529683    0.09367793   10.37090033    2.99269784
   80.00    0.93043558    0.85618378    0.09877551   10.77063849    2.99440645
   90.00    0.93301651    0.84674734    0.10290109   11.12340105    2.99559171
  100.00    0.93559833    0.83702348    0.10616316   11.43906608    2.99648378
  110.00    0.93818085    0.82704098    0.10864836   11.72469812    2.99725955
  120.00    0.94076405    0.81682334    0.11042753   11.98552851    2.99809493
  130.00    0.94334807    0.80639016    0.11155965   12.22554482    2.99918611
  140.00    0.94593322    0.79575798    0.11209458   12.44786207    3.00075114
  150.00    0.94852000    0.78494092    0.11207508   12.65496516    3.00301996
  160.00    0.95110912    0.77395122    0.11153814   12.84887219    3.00622037
  170.00    0.95370148    0.76279950    0.11051616   13.03124725    3.01056467
  180.00    0.95629814    0.75149507    0.10903770   13.20348025    3.01623965
  190.00    0.95890033    0.74004617    0.10712815   13.36674480    3.02340077
  200.00    0.96150937    0.72846008    0.10481022   13.52204087    3.03216979
  210.00    0.96412669    0.71674329    0.10210435   13.67022713    3.04263525
  220.00    0.96675378    0.70490159    0.09902902   13.81204571    3.05485454
  230.00    0.96939217    0.69294018    0.09560104   13.94814166    3.06885695
  240.00    0.97204340    0.68086376    0.09183575   14.07907833    3.08464702
  250.00    0.97470900    0.66867655    0.08774721   14.20534980    3.10220793
  260.00    0.97739048    0.65638238    0.08334837   14.32739095    3.12150467
  270.00    0.98008933    0.64398473    0.07865115   14.44558580    3.14248701
  280.00    0.98280695    0.63148675    0.07366663   14.56027439    3.16509214
  290.00    0.98554474    0.61889135    0.06840506   14.67175857    3.18924708
  300.00    0.98830397    0.60620116    0.06287600   14.78030686    3.21487090
