#  T(K)     E(eV/cell)    F(eV/cell)    Fc(eV/cell)   S(kB/cell)    Cv(kB/cell)
    0.00           NaN    2.02549160           NaN           NaN           NaN
   10.00    2.02549160    2.02549160    0.10571916    0.00000000    0.00000000
   20.00    2.02549160    2.02549160    0.18276736    0.00000000    0.00000003
   30.00    2.02549160    2.02549160    0.24899388    0.00000223    0.00003340
   40.00    2.02549189    2.02549157    0.30819280    0.00009277    0.00103233
   50.00    2.02549493    2.02549125    0.36216603    0.00085239    0.00753532
   60.00    2.02550867    2.02548951    0.41197489    0.00370626    0.02716936
   70.00    2.02554733    2.02548372    0.45832065    0.01054501    0.06607145
   80.00    2.02562875    2.02546969    0.50170176    0.02307177    0.12647250
   90.00    2.02577125    2.02544198    0.54249087    0.04245536    0.20754291
  100.00    2.02599178    2.02539437    0.58097726    0.06932646    0.30719931
  110.00    2.02630545    2.02532027    0.61739202    0.10393081    0.42340474
  120.00    2.02672584    2.02521301    0.65192402    0.14629613    0.55472255
  130.00    2.02726561    2.02506593    0.68473054    0.19635475    0.70036891
  140.00    2.02793694    2.02487242    0.71594459    0.25401470    0.86003724
  150.00    2.02875188    2.02462598    0.74568012    0.31919169    1.03366997
  160.00    2.02972246    2.02432016    0.77403584    0.39181661    1.22126166
  170.00    2.03086068    2.02394857    0.80109811    0.47183055    1.42272102
  180.00    2.03217839    2.02350486    0.82694310    0.55917509    1.63779132
  190.00    2.03368715    2.02298276    0.85163852    0.65378215    1.86601757
  200.00    2.03539803    2.02237602    0.87524492    0.75556566    2.10674674
  210.00    2.03732144    2.02167853    0.89781681    0.86441591    2.35914869
  220.00    2.03946704    2.02088423    0.91940348    0.98019636    2.62224841
  230.00    2.04184359    2.01998724    0.94004974    1.10274282    2.89496264
  240.00    2.04445887    2.01898179    0.95979652    1.23186429    3.17613658
  250.00    2.04731967    2.01786232    0.97868131    1.36734517    3.46457788
  260.00    2.05043173    2.01662344    0.99673861    1.50894816    3.75908646
  270.00    2.05379977    2.01526000    1.01400026    1.65641785    4.05847961
  280.00    2.05742750    2.01376704    1.03049575    1.80948424    4.36161221
  290.00    2.06131767    2.01213987    1.04625245    1.96786650    4.66739241
  300.00    2.06547211    2.01037402    1.06129584    2.13127640    4.97479319
