#  T(K)     E(eV/cell)    F(eV/cell)    Fc(eV/cell)   S(kB/cell)    Cv(kB/cell)
    0.00           NaN    3.91176272           NaN           NaN           NaN
   10.00    3.91230490    3.91150736    0.20901291    0.92549787    1.44645586
   20.00    3.91377016    3.91017012    0.35829465    2.08882678    1.84129924
   30.00    3.91541059    3.90801920    0.48503124    2.85910146    1.96016932
   40.00    3.91715912    3.90529536    0.59712697    3.44181000    2.10906700
   50.00    3.91906296    3.90211284    0.69833586    3.93393703    2.31725413
   60.00    3.92116189    3.89852910    0.79086898    4.37735118    2.55749804
   70.00    3.92347501    3.89457716    0.87618732    4.79062319    2.81310060
   80.00    3.92601412    3.89027835    0.95532928    5.18367374    3.08250986
   90.00    3.92879287    3.88564710    1.02907126    5.56314291    3.37010700
  100.00    3.93182895    3.88069285    1.09801590    5.93406270    3.68036580
  110.00    3.93514322    3.87542119    1.16264464    6.30037331    4.01603787
  120.00    3.93875813    3.86983473    1.22335097    6.66514916    4.37820535
  130.00    3.94269655    3.86393372    1.28046255    7.03076310    4.76680889
  140.00    3.94698100    3.85771661    1.33425648    7.39902809    5.18111274
  150.00    3.95163314    3.85118050    1.38497015    7.77131616    5.61999601
  160.00    3.95667361    3.84432147    1.43280923    8.14865295    6.08210510
  170.00    3.96212175    3.83713482    1.47795362    8.53179016    6.56592515
  180.00    3.96799559    3.82961530    1.52056202    8.92126008    7.06981386
  190.00    3.97431168    3.82175731    1.56077547    9.31741678    7.59202272
  200.00    3.98108501    3.81355497    1.59872014    9.72046779    8.13071689
  210.00    3.98832897    3.80500230    1.63450956   10.13049899    8.68399758
  220.00    3.99605531    3.79609328    1.66824645   10.54749490    9.24992706
  230.00    4.00427408    3.78682196    1.70002416   10.97135555    9.82655488
  240.00    4.01299367    3.77718248    1.72992794   11.40191087   10.41194380
  250.00    4.02222080    3.76716917    1.75803591   11.83893318   11.00419406
  260.00    4.03196059    3.75677657    1.78441995   12.28214818   11.60146516
  270.00    4.04221660    3.74599948    1.80914638   12.73124452   12.20199438
  280.00    4.05299090    3.73483297    1.83227664   13.18588236   12.80411205
  290.00    4.06428420    3.72327242    1.85386776   13.64570085   13.40625326
  300.00    4.07609586    3.71131353    1.87397282   14.11032463   14.00696638
