#  T(K)     E(eV/cell)    F(eV/cell)    Fc(eV/cell)   S(kB/cell)    Cv(kB/cell)
    0.00           NaN    3.45680388           NaN           NaN           NaN
   10.00    3.45903708    3.45295362    0.17591017    7.05952184    3.15577843
   20.00    3.46198778    3.44576402    0.29806230    9.41339072    3.64172642
   30.00    3.46526174    3.43695435    0.39992378   10.94972103    3.94552527
   40.00    3.46877789    3.42699488    0.48860850   12.12171841    4.21121597
   50.00    3.47251428    3.41612117    0.56749506   13.08821679    4.45820700
   60.00    3.47645923    3.40447543    0.63857342   13.92220548    4.69733705
   70.00    3.48061136    3.39215279    0.70315848   14.66446898    4.94098660
   80.00    3.48497916    3.37922038    0.76218480   15.34090249    5.19928861
   90.00    3.48957820    3.36572688    0.81635113   15.96918034    5.47831832
  100.00    3.49442752    3.35170807    0.86619987   16.56180300    5.78023226
  110.00    3.49954670    3.33719063    0.91216428   17.12775043    6.10437228
  120.00    3.50495402    3.32219457    0.95459854   17.67352028    6.44851784
  130.00    3.51066552    3.30673514    0.99379752   18.20384093    6.80987810
  140.00    3.51669484    3.29082410    1.03001062   18.72218007    7.18572291
  150.00    3.52305343    3.27447059    1.06345147   19.23110986    7.57370226
  160.00    3.52975089    3.25768186    1.09430520   19.73256728    7.97194820
  170.00    3.53679544    3.24046368    1.12273371   20.22803728    8.37904795
  180.00    3.54419423    3.22282068    1.14887982   20.71868000    8.79395501
  190.00    3.55195363    3.20475663    1.17287048   21.20541802    9.21588171
  200.00    3.56007942    3.18627454    1.19481924   21.68899584    9.64419816
  210.00    3.56857686    3.16737687    1.21482827   22.17002026   10.07834970
  220.00    3.57745075    3.14806560    1.23299003   22.64898807   10.51779647
  230.00    3.58670540    3.12834233    1.24938853   23.12630533   10.96197426
  240.00    3.59634465    3.10820833    1.26410048   23.60230131   11.41027344
  250.00    3.60637174    3.08766461    1.27719621   24.07723895   11.86203198
  260.00    3.61678938    3.06671200    1.28874040   24.55132330   12.31653848
  270.00    3.62759959    3.04535116    1.29879275   25.02470854   12.77304182
  280.00    3.63880377    3.02358265    1.30740854   25.49750418   13.23076450
  290.00    3.65040263    3.00140695    1.31463910   25.96978064   13.68891757
  300.00    3.66239621    2.97882447    1.32053221   26.44157447   14.14671542
