#  T(K)     E(eV/cell)    F(eV/cell)    Fc(eV/cell)   S(kB/cell)    Cv(kB/cell)
    0.00           NaN    6.44652124           NaN           NaN           NaN
   10.00    6.44857557    6.44372952    0.31783129    5.62358402    2.94355022
   20.00    6.45113629    6.43789703    0.54606583    7.68171606    2.98569921
   30.00    6.45371331    6.43072002    0.74048264    8.89414883    2.99383859
   40.00    6.45629596    6.42266649    0.91293816    9.75628599    3.00166204
   50.00    6.45889290    6.41395913    1.06906343   10.42863177    3.03166628
   60.00    6.46153564    6.40472529    1.21217503   10.98754522    3.11241129
   70.00    6.46427757    6.39504194    1.34446447   11.47773260    3.26399878
   80.00    6.46718303    6.38495516    1.46748933   11.92761290    3.49168879
   90.00    6.47031561    6.37449124    1.58241422   12.35543161    3.78952244
  100.00    6.47373121    6.36366384    1.69014311   12.77270913    4.14659578
  110.00    6.47747597    6.35247872    1.79139814   13.18658125    4.55176009
  120.00    6.48158725    6.34093678    1.88676956   13.60142510    4.99597517
  130.00    6.48609580    6.32903591    1.97674887   14.01994780    5.47294441
  140.00    6.49102803    6.31677216    2.06175169   14.44387955    5.97883170
  150.00    6.49640790    6.30414032    2.14213412   14.87439324    6.51162960
  160.00    6.50225816    6.29113434    2.21820466   15.31234517    7.07049270
  170.00    6.50860115    6.27774752    2.29023317   15.75840487    7.65517443
  180.00    6.51545908    6.26397261    2.35845770   16.21311957    8.26560713
  190.00    6.52285408    6.24980196    2.42308979   16.67694225    8.90161949
  200.00    6.53080804    6.23522756    2.48431872   17.15024090    9.56276760
  210.00    6.53934229    6.22024111    2.54231478   17.63329955   10.24825281
  220.00    6.54847732    6.20483411    2.59723204   18.12631674   10.95690167
  230.00    6.55823247    6.18899792    2.64921054   18.62940439   11.68718757
  240.00    6.56862562    6.17272385    2.69837813   19.14258846   12.43727834
  250.00    6.57967293    6.15600322    2.74485202   19.66581173   13.20509781
  260.00    6.59138875    6.13882743    2.78873999   20.19893861   13.98839265
  270.00    6.60378538    6.12118803    2.83014158   20.74176146   14.78479870
  280.00    6.61687308    6.10307677    2.86914889   21.29400828   15.59190261
  290.00    6.63066004    6.08448568    2.90584749   21.85535092   16.40729662
  300.00    6.64515239    6.06540707    2.94031701   22.42541371   17.22862515
