#  T(K)     E(eV/cell)    F(eV/cell)    Fc(eV/cell)   S(kB/cell)    Cv(kB/cell)
    0.00           NaN    1.27883127           NaN           NaN           NaN
   10.00    1.27883127    1.27883127    0.07426215    0.00000160    0.00002441
   20.00    1.27883553    1.27883075    0.12702108    0.00277641    0.02001102
   30.00    1.27889493    1.27881952    0.17166376    0.02916980    0.13383273
   40.00    1.27908226    1.27877021    0.21103573    0.09052923    0.30444511
   50.00    1.27942068    1.27865618    0.24648843    0.17743327    0.48030981
   60.00    1.27990888    1.27845988    0.27881786    0.28024699    0.65242252
   70.00    1.28054547    1.27817013    0.30854997    0.39377910    0.82573308
   80.00    1.28133394    1.27777882    0.33605857    0.51569028    1.00568435
   90.00    1.28228168    1.27727922    0.36162319    0.64500827    1.19580419
  100.00    1.28339834    1.27666515    0.38546077    0.78134937    1.39790563
  110.00    1.28469455    1.27593062    0.40774462    0.92455063    1.61253467
  120.00    1.28618100    1.27506977    0.42861640    1.07449730    1.83930442
  130.00    1.28786773    1.27407685    0.44819407    1.23104289    2.07714968
  140.00    1.28976366    1.27294626    0.46657739    1.39397647    2.32454956
  150.00    1.29187627    1.27167261    0.48385182    1.56301597    2.57972827
  160.00    1.29421147    1.27025078    0.50009139    1.73781575    2.84082568
  170.00    1.29677355    1.26867598    0.51536088    1.91798107    3.10602840
  180.00    1.29956533    1.26694377    0.52971740    2.10308469    3.37365903
  190.00    1.30258824    1.26505007    0.54321175    2.29268285    3.64222765
  200.00    1.30584253    1.26299122    0.55588933    2.48632889    3.91045316
  210.00    1.30932741    1.26076390    0.56779103    2.68358415    4.17726316
  220.00    1.31304128    1.25836521    0.57895381    2.88402583    4.44178020
  230.00    1.31698185    1.25579255    0.58941130    3.08725246    4.70330060
  240.00    1.32114629    1.25304370    0.59919416    3.29288716    4.96127040
  250.00    1.32553135    1.25011674    0.60833054    3.50057919    5.21526129
  260.00    1.33013344    1.24701004    0.61684629    3.71000441    5.46494835
  270.00    1.33494875    1.24372222    0.62476531    3.92086473    5.71009052
  280.00    1.33997329    1.24025218    0.63210971    4.13288709    5.95051387
  290.00    1.34520294    1.23659903    0.63890002    4.34582207    6.18609795
  300.00    1.35063348    1.23276206    0.64515534    4.55944225    6.41676458
