#  T(K)     E(eV/cell)    F(eV/cell)    Fc(eV/cell)   S(kB/cell)    Cv(kB/cell)
    0.00           NaN    2.67169120           NaN           NaN           NaN
   10.00    2.67169120    2.67169120    0.13338976   -0.00000000    0.00000000
   20.00    2.67169120    2.67169120    0.23094082   -0.00000000    0.00000000
   30.00    2.67169120    2.67169120    0.31496478    0.00000016    0.00000286
   40.00    2.67169125    2.67169120    0.39020424    0.00001507    0.00020510
   50.00    2.67169210    2.67169113    0.45891158    0.00022508    0.00241623
   60.00    2.67169746    2.67169056    0.52241347    0.00133361    0.01179612
   70.00    2.67171651    2.67168818    0.58158649    0.00469564    0.03533884
   80.00    2.67176413    2.67168133    0.63705367    0.01200955    0.07885455
   90.00    2.67185913    2.67166588    0.68928087    0.02491731    0.14566871
  100.00    2.67202224    2.67163639    0.73862967    0.04477545    0.23699865
  110.00    2.67227463    2.67158642    0.78538892    0.07260301    0.35281942
  120.00    2.67263718    2.67150876    0.82979474    0.10912262    0.49255189
  130.00    2.67313018    2.67139570    0.87204370    0.15482805    0.65544007
  140.00    2.67377324    2.67123918    0.91230207    0.21004538    0.84069453
  150.00    2.67458529    2.67103091    0.95071229    0.27497805    1.04750757
  160.00    2.67558454    2.67076244    0.98739775    0.34973641    1.27501741
  170.00    2.67678843    2.67042531    1.02246639    0.43435570    1.52226554
  180.00    2.67821349    2.67001102    1.05601345    0.52880680    1.78816753
  190.00    2.67987530    2.66951112    1.08812353    0.63300301    2.07150291
  200.00    2.68178830    2.66891729    1.11887234    0.74680497    2.37092254
  210.00    2.68396574    2.66822132    1.14832801    0.87002517    2.68496899
  220.00    2.68641955    2.66741518    1.17655215    1.00243246    3.01210462
  230.00    2.68916033    2.66649108    1.20360080    1.14375695    3.35074316
  240.00    2.69219732    2.66544147    1.22952508    1.29369523    3.69928124
  250.00    2.69553835    2.66425905    1.25437187    1.45191572    4.05612762
  260.00    2.69918990    2.66293685    1.27818431    1.61806408    4.41972876
  270.00    2.70315716    2.66146818    1.30100218    1.79176852    4.78859010
  280.00    2.70744403    2.65984672    1.32286235    1.97264476    5.16129283
  290.00    2.71205325    2.65806643    1.34379903    2.16030072    5.53650633
  300.00    2.71698644    2.65612165    1.36384408    2.35434067    5.91299685
