#  T(K)     E(eV/cell)    F(eV/cell)    Fc(eV/cell)   S(kB/cell)    Cv(kB/cell)
    0.00           NaN    1.27882860           NaN           NaN           NaN
   10.00    1.27882860    1.27882860    0.07426097    0.00000161    0.00002453
   20.00    1.27883287    1.27882808    0.12701872    0.00278345    0.02005394
   30.00    1.27889236    1.27881683    0.17166021    0.02921675    0.13399527
   40.00    1.27907987    1.27876745    0.21103099    0.09063490    0.30468417
   50.00    1.27941851    1.27865331    0.24648252    0.17759608    0.48057907
   60.00    1.27990695    1.27845685    0.27881076    0.28046009    0.65270376
   70.00    1.28054378    1.27816689    0.30854168    0.39403610    0.82602125
   80.00    1.28133251    1.27777534    0.33604911    0.51598621    1.00597971
   90.00    1.28228050    1.27727548    0.36161254    0.64533956    1.19611024
  100.00    1.28339743    1.27666110    0.38544894    0.78171370    1.39822815
  110.00    1.28469393    1.27592624    0.40773160    0.92494673    1.61288043
  120.00    1.28618069    1.27506504    0.42860220    1.07492472    1.83967988
  130.00    1.28786776    1.27407174    0.44817869    1.23150171    2.07755996
  140.00    1.28976406    1.27294074    0.46656083    1.39446707    2.32499790
  150.00    1.29187708    1.27166665    0.48383407    1.56353884    2.58021591
  160.00    1.29421271    1.27024436    0.50007246    1.73837134    2.84135205
  170.00    1.29677526    1.26866907    0.51534076    1.91856968    3.10659149
  180.00    1.29956754    1.26693633    0.52969611    2.10370646    3.37425580
  190.00    1.30259098    1.26504209    0.54318927    2.29333770    3.64285437
  200.00    1.30584581    1.26298265    0.55586567    2.48701657    3.91110575
  210.00    1.30933127    1.26075473    0.56776619    2.68430420    4.17793745
  220.00    1.31304573    1.25835540    0.57892779    2.88477767    4.44247209
  230.00    1.31698691    1.25578208    0.58938409    3.08803538    4.70400621
  240.00    1.32115196    1.25303255    0.59916577    3.29370033    4.96198611
  250.00    1.32553763    1.25010488    0.60830096    3.50142173    5.21598378
  260.00    1.33014035    1.24699743    0.61681553    3.71087537    5.46567467
  270.00    1.33495629    1.24370886    0.62473337    3.92176313    5.71081801
  280.00    1.33998146    1.24023803    0.63207658    4.13381194    5.95124021
  290.00    1.34521172    1.23658406    0.63886571    4.34677235    6.18682109
  300.00    1.35064289    1.23274627    0.64511985    4.56041696    6.41748276
