           -19.95000             0.00000
           -19.85000             0.00000
           -19.75000             0.00000
           -19.65000             0.00000
           -19.55000             0.00000
           -19.45000             0.00000
           -19.35000             0.00000
           -19.25000             0.00000
           -19.15000             0.00000
           -19.05000             0.00000
           -18.95000             0.00000
           -18.85000             0.00000
           -18.75000             0.00000
           -18.65000             0.00000
           -18.55000             0.00000
           -18.45000             0.00000
           -18.35000             0.00000
           -18.25000             0.00000
           -18.15000             0.00000
           -18.05000             0.00000
           -17.95000             0.00000
           -17.85000             0.00000
           -17.75000             0.00000
           -17.65000             0.00000
           -17.55000             0.00000
           -17.45000             0.00000
           -17.35000             0.00000
           -17.25000             0.00000
           -17.15000             0.00000
           -17.05000             0.00000
           -16.95000             0.00000
           -16.85000             0.00000
           -16.75000             0.00000
           -16.65000             0.00000
           -16.55000             0.00000
           -16.45000             0.00000
           -16.35000             0.00000
           -16.25000             0.00000
           -16.15000             0.00000
           -16.05000             0.00000
           -15.95000             0.00000
           -15.85000             0.00000
           -15.75000             0.00000
           -15.65000             0.00000
           -15.55000             0.00000
           -15.45000             0.00000
           -15.35000             0.00000
           -15.25000             0.00000
           -15.15000             0.00000
           -15.05000             0.00000
           -14.95000             0.00000
           -14.85000             0.00000
           -14.75000             0.00000
           -14.65000             0.00000
           -14.55000             0.00000
           -14.45000             0.00000
           -14.35000             0.00000
           -14.25000             0.00000
           -14.15000             0.00000
           -14.05000             0.00000
           -13.95000             0.00000
           -13.85000             0.00000
           -13.75000             0.00000
           -13.65000             0.00000
           -13.55000             0.00000
           -13.45000             0.00000
           -13.35000             0.00000
           -13.25000             0.00000
           -13.15000             0.00000
           -13.05000             0.00000
           -12.95000             0.00000
           -12.85000             0.00000
           -12.75000             0.00000
           -12.65000             0.00000
           -12.55000             0.00000
           -12.45000             0.00000
           -12.35000             0.00000
           -12.25000             0.00000
           -12.15000             0.00000
           -12.05000             0.00000
           -11.95000             0.00000
           -11.85000             0.00000
           -11.75000             0.00000
           -11.65000             0.00000
           -11.55000             0.00000
           -11.45000             0.00000
           -11.35000             0.00000
           -11.25000             0.00000
           -11.15000             0.00000
           -11.05000             0.00000
           -10.95000             0.00000
           -10.85000             0.00000
           -10.75000             0.00000
           -10.65000             0.00000
           -10.55000             0.00000
           -10.45000             0.00000
           -10.35000             0.00000
           -10.25000             0.00000
           -10.15000             0.00000
           -10.05000             0.00000
            -9.95000             0.00000
            -9.85000             0.00000
            -9.75000             0.00000
            -9.65000             0.00000
            -9.55000             0.00000
            -9.45000             0.00000
            -9.35000             0.00000
            -9.25000             0.00000
            -9.15000             0.00000
            -9.05000             0.00000
            -8.95000             0.00000
            -8.85000             0.00000
            -8.75000             0.00000
            -8.65000             0.00000
            -8.55000             0.00000
            -8.45000             0.00000
            -8.35000             0.00000
            -8.25000             0.00000
            -8.15000             0.00000
            -8.05000             0.00000
            -7.95000             0.00000
            -7.85000             0.00000
            -7.75000             0.00000
            -7.65000             0.00000
            -7.55000             0.00000
            -7.45000             0.00000
            -7.35000             0.00000
            -7.25000             0.00000
            -7.15000             0.00000
            -7.05000             0.00000
            -6.95000             0.00000
            -6.85000             0.00000
            -6.75000             0.00000
            -6.65000             0.00000
            -6.55000             0.00000
            -6.45000             0.00000
            -6.35000             0.00000
            -6.25000             0.00000
            -6.15000             0.00000
            -6.05000             0.00000
            -5.95000             0.00000
            -5.85000             0.00000
            -5.75000             0.00000
            -5.65000             0.00000
            -5.55000             0.00000
            -5.45000             0.00000
            -5.35000             0.00000
            -5.25000             0.00000
            -5.15000             0.00000
            -5.05000             0.00000
            -4.95000             0.00000
            -4.85000             0.00000
            -4.75000             0.00000
            -4.65000             0.00000
            -4.55000             0.00000
            -4.45000             0.00000
            -4.35000             0.00000
            -4.25000             0.00000
            -4.15000             0.00000
            -4.05000             0.00000
            -3.95000             0.00000
            -3.85000             0.00000
            -3.75000             0.00000
            -3.65000             0.00000
            -3.55000             0.00000
            -3.45000             0.00000
            -3.35000             0.00000
            -3.25000             0.00000
            -3.15000             0.00000
            -3.05000             0.00000
            -2.95000             0.00000
            -2.85000             0.00000
            -2.75000             0.00000
            -2.65000             0.00000
            -2.55000             0.00000
            -2.45000             0.00000
            -2.35000             0.00000
            -2.25000             0.00000
            -2.15000             0.00000
            -2.05000             0.00000
            -1.95000             0.00000
            -1.85000             0.00000
            -1.75000             0.00000
            -1.65000             0.00000
            -1.55000             0.00000
            -1.45000             0.00000
            -1.35000             0.00000
            -1.25000             0.00018
            -1.15000             0.00120
            -1.05000             0.00186
            -0.95000             0.00228
            -0.85000             0.00386
            -0.75000             0.00448
            -0.65000             0.00423
            -0.55000             0.00424
            -0.45000             0.00378
            -0.35000             0.00325
            -0.25000             0.00252
            -0.15000             0.00170
            -0.05000             0.00061
             0.05000             0.00088
             0.15000             0.00225
             0.25000             0.00412
             0.35000             0.00596
             0.45000             0.00778
             0.55000             0.01006
             0.65000             0.01215
             0.75000             0.01441
             0.85000             0.01977
             0.95000             0.02345
             1.05000             0.02600
             1.15000             0.02992
             1.25000             0.03235
             1.35000             0.03357
             1.45000             0.03628
             1.55000             0.03782
             1.65000             0.04159
             1.75000             0.04648
             1.85000             0.05650
             1.95000             0.06677
             2.05000             0.06462
             2.15000             0.07258
             2.25000             0.08402
             2.35000             0.07950
             2.45000             0.07977
             2.55000             0.07993
             2.65000             0.10055
             2.75000             0.09638
             2.85000             0.10733
             2.95000             0.09840
             3.05000             0.12453
             3.15000             0.09368
             3.25000             0.06929
             3.35000             0.07537
             3.45000             0.09011
             3.55000             0.09546
             3.65000             0.07676
             3.75000             0.07378
             3.85000             0.06992
             3.95000             0.06866
             4.05000             0.06021
             4.15000             0.05789
             4.25000             0.07067
             4.35000             0.06027
             4.45000             0.04227
             4.55000             0.02662
             4.65000             0.05073
             4.75000             0.12368
             4.85000             0.05318
             4.95000             0.00000
             5.05000             0.00000
             5.15000             0.00000
             5.25000             0.00000
             5.35000             0.00111
             5.45000             0.03677
             5.55000             0.03550
             5.65000             0.06258
             5.75000             0.04976
             5.85000             0.05489
             5.95000             0.08448
             6.05000             0.08524
             6.15000             0.13386
             6.25000             0.11593
             6.35000             0.04523
             6.45000             0.04632
             6.55000             0.05641
             6.65000             0.05464
             6.75000             0.04543
             6.85000             0.02131
             6.95000             0.00000
             7.05000             0.00000
             7.15000             0.00000
             7.25000             0.00000
             7.35000             0.00000
             7.45000             0.00000
             7.55000             0.00000
             7.65000             0.00000
             7.75000             0.00000
             7.85000             0.00000
             7.95000             0.00000
             8.05000             0.00000
             8.15000             0.00000
             8.25000             0.00000
             8.35000             0.00000
             8.45000             0.00000
             8.55000             0.00000
             8.65000             0.00000
             8.75000             0.00000
             8.85000             0.00000
             8.95000             0.00000
             9.05000             0.00000
             9.15000             0.00000
             9.25000             0.00000
             9.35000             0.00000
             9.45000             0.00000
             9.55000             0.00000
             9.65000             0.00000
             9.75000             0.00000
             9.85000             0.00000
             9.95000             0.00000
            10.05000             0.00000
            10.15000             0.00000
            10.25000             0.00000
            10.35000             0.00000
            10.45000             0.00000
            10.55000             0.00000
            10.65000             0.00000
            10.75000             0.00000
            10.85000             0.00000
            10.95000             0.00000
            11.05000             0.00000
            11.15000             0.00000
            11.25000             0.00000
            11.35000             0.00000
            11.45000             0.00000
            11.55000             0.00000
            11.65000             0.00000
            11.75000             0.00137
            11.85000             0.04347
            11.95000             0.07339
            12.05000             0.07191
            12.15000             0.03459
            12.25000             0.04772
            12.35000             0.10871
            12.45000             0.07358
            12.55000             0.00999
            12.65000             0.00000
            12.75000             0.02479
            12.85000             0.07256
            12.95000             0.04659
            13.05000             0.03476
            13.15000             0.03530
            13.25000             0.03677
            13.35000             0.03814
            13.45000             0.04486
            13.55000             0.06042
            13.65000             0.03520
            13.75000             0.02903
            13.85000             0.00630
            13.95000             0.00000
            14.05000             0.00000
            14.15000             0.00000
            14.25000             0.00000
            14.35000             0.00000
            14.45000             0.00000
            14.55000             0.00000
            14.65000             0.00000
            14.75000             0.00000
            14.85000             0.00000
            14.95000             0.00000
            15.05000             0.00000
            15.15000             0.00000
            15.25000             0.00000
            15.35000             0.00000
            15.45000             0.00000
            15.55000             0.00000
            15.65000             0.00959
            15.75000             0.11329
            15.85000             0.08620
            15.95000             0.08883
            16.05000             0.16159
            16.15000             0.00524
            16.25000             0.00000
            16.35000             0.06012
            16.45000             0.17225
            16.55000             0.00000
            16.65000             0.02543
            16.75000             0.19331
            16.85000             0.11374
            16.95000             0.11725
            17.05000             0.11736
            17.15000             0.10291
            17.25000             0.02710
            17.35000             0.00000
            17.45000             0.00000
            17.55000             0.00000
            17.65000             0.00000
            17.75000             0.00000
            17.85000             0.00000
            17.95000             0.00000
            18.05000             0.00000
            18.15000             0.00000
            18.25000             0.00000
            18.35000             0.00000
            18.45000             0.00000
            18.55000             0.00000
            18.65000             0.00000
            18.75000             0.00000
            18.85000             0.00000
            18.95000             0.00000
            19.05000             0.00000
            19.15000             0.00000
            19.25000             0.00000
            19.35000             0.00000
            19.45000             0.00000
            19.55000             0.00000
            19.65000             0.00000
            19.75000             0.00000
            19.85000             0.00000
            19.95000             0.00000
            20.05000             0.00000
            20.15000             0.00000
            20.25000             0.00000
            20.35000             0.00000
            20.45000             0.00000
            20.55000             0.00000
            20.65000             0.00000
            20.75000             0.00000
            20.85000             0.00000
            20.95000             0.00000
            21.05000             0.00000
            21.15000             0.04665
            21.25000             0.17927
            21.35000             0.17875
            21.45000             0.06006
            21.55000             0.00000
            21.65000             0.00000
            21.75000             0.00067
            21.85000             0.19646
            21.95000             0.18298
            22.05000             0.08265
            22.15000             0.00198
            22.25000             0.00000
            22.35000             0.00000
            22.45000             0.00000
            22.55000             0.00000
            22.65000             0.00917
            22.75000             0.18398
            22.85000             0.07075
            22.95000             0.15915
            23.05000             0.04169
            23.15000             0.00000
            23.25000             0.00000
            23.35000             0.00000
            23.45000             0.00000
            23.55000             0.00000
            23.65000             0.00000
            23.75000             0.00000
            23.85000             0.00000
            23.95000             0.00000
            24.05000             0.02100
            24.15000             0.03856
            24.25000             0.06407
            24.35000             0.04776
            24.45000             0.04661
            24.55000             0.07481
            24.65000             0.09701
            24.75000             0.12427
            24.85000             0.12220
            24.95000             0.09339
            25.05000             0.08391
            25.15000             0.07190
            25.25000             0.06017
            25.35000             0.05537
            25.45000             0.07340
            25.55000             0.09046
            25.65000             0.06546
            25.75000             0.05363
            25.85000             0.01562
            25.95000             0.01019
            26.05000             0.01234
            26.15000             0.01592
            26.25000             0.01992
            26.35000             0.02466
            26.45000             0.01158
            26.55000             0.00000
            26.65000             0.00000
            26.75000             0.00000
            26.85000             0.00000
            26.95000             0.00000
            27.05000             0.00000
            27.15000             0.00000
            27.25000             0.00000
            27.35000             0.00000
            27.45000             0.00000
            27.55000             0.00000
            27.65000             0.00000
            27.75000             0.00000
            27.85000             0.00000
            27.95000             0.00000
            28.05000             0.00000
            28.15000             0.00000
            28.25000             0.00000
            28.35000             0.00000
            28.45000             0.00000
            28.55000             0.00000
            28.65000             0.00000
            28.75000             0.00000
            28.85000             0.07481
            28.95000             0.15667
            29.05000             0.11270
            29.15000             0.07923
            29.25000             0.03588
            29.35000             0.11787
            29.45000             0.20841
            29.55000             0.14391
            29.65000             0.00000
            29.75000             0.07746
            29.85000             0.06301
            29.95000             0.10004
