 10.         1.2773629 
 20.         1.2773673 
 30.          1.27742789 
 40.          1.27761755 
 50.          1.27795867 
 60.          1.27844953 
 70.         1.2790888 
 80.          1.27988021 
 90.          1.28083145 
 100.           1.28195236 
 110.           1.28325372 
 120.           1.28474629 
 130.           1.28644014 
 140.           1.28834415 
 150.           1.29046576 
 160.           1.29281081 
 170.           1.29538353 
 180.           1.29818664 
 190.           1.30122148 
 200.           1.30448819 
 210.           1.30798593 
 220.           1.31171299 
 230.         1.315667 
 240.           1.31984505 
 250.           1.32424383 
 260.          1.3288597 
 270.           1.33368878 
 280.           1.33872704 
 290.           1.34397031 
 300.           1.34941435 
