1 0.0010989680794514986
1 0.0004109119242874945
1 0.000272311922600785
1 2.4246863727390214e-06
1 1.2630646622902904e-06
1 8.450531882038091e-07
0 0.013884784966168254
0 0.032130606824442715
0 0.04822321265695783
0 0.05386957042108025
0 0.06622257084865195
0 0.07962148501600987
0 0.08281634309626618
0 0.08409421734790501
0 0.09417344214359794
0 0.098077597619563
0 0.1376185994062746
0 0.14279736998067388
0 0.159719889405506
0 0.16748032193309612
0 0.211936162096909
0 0.21590434973545072
0 0.43303607269602723
0 0.4331191929584327
