#  T(K)     E(eV/cell)    F(eV/cell)    Fc(eV/cell)   S(kB/cell)    Cv(kB/cell)
    0.00           NaN    7.61580882           NaN           NaN           NaN
   10.00    7.61588632    7.61577771    0.44620002    0.12602838    0.34182185
   20.00    7.61706609    7.61538423    0.74915639    0.97585658    2.89502493
   30.00    7.62148753    7.61375145    0.99804634    2.99243131    7.54831849
   40.00    7.63017530    7.60998321    1.21182548    5.85795118   12.58628484
   50.00    7.64304934    7.60352779    1.39949646    9.17251453   17.18871808
   60.00    7.65960431    7.59412480    1.56636172   12.66422504   21.11987309
   70.00    7.67926708    7.58169654    1.71592495   16.17503220   24.42093432
   80.00    7.70155334    7.56626563    1.85067635   19.62423916   27.23497130
   90.00    7.72610922    7.54790234    1.97247784   22.97769224   29.71108291
  100.00    7.75269633    7.52669433    2.08277465   26.22628345   31.96516261
  110.00    7.78115884    7.50273133    2.18272132   29.37270344   34.07330230
  120.00    7.81139170    7.47609845    2.27326152   32.42410761   36.07908797
  130.00    7.84331724    7.44687411    2.35518102   35.38848840   38.00411245
  140.00    7.87687028    7.41513009    2.42914432   38.27314175   39.85709503
  150.00    7.91199002    7.38093235    2.49572073   41.08420571   41.64034411
  160.00    7.94861640    7.34434209    2.55540346   43.82668466   43.35375454
  170.00    7.98668906    7.30541659    2.60862395   46.50465072   44.99697624
  180.00    8.02614760    7.26420995    2.65576279   49.12147519   46.57039318
  190.00    8.06693241    7.22077358    2.69715820   51.68002990   48.07540819
  200.00    8.10898549    7.17515661    2.73311275   54.18284126   49.51436989
  210.00    8.15225120    7.12740605    2.76389873   56.63219881   50.89034896
  220.00    8.19667676    7.07756705    2.78976245   59.03022699   52.20687987
  230.00    8.24221257    7.02568297    2.81092780   61.37892982   53.46772597
  240.00    8.28881227    6.97179549    2.82759919   63.68021702   54.67669126
  250.00    8.33643276    6.91594466    2.83996398   65.93591809   55.83748291
  260.00    8.38503407    6.85816903    2.84819454   68.14778919   56.95361971
  270.00    8.43457914    6.79850561    2.85244994   70.31751603   58.02837804
  280.00    8.48503363    6.73699004    2.85287748   72.44671470   59.06476610
  290.00    8.53636568    6.67365655    2.84961394   74.53693192   60.06551852
