            -0.45000             0.00236
            -0.35000             0.00304
            -0.25000             0.00204
            -0.15000             0.00152
            -0.05000             0.00036
             0.05000             0.00039
             0.15000             0.00136
             0.25000             0.00281
             0.35000             0.00378
             0.45000             0.00559
             0.55000             0.00657
             0.65000             0.00928
             0.75000             0.01274
             0.85000             0.01507
             0.95000             0.02054
             1.05000             0.02403
             1.15000             0.02694
             1.25000             0.02888
             1.35000             0.03509
             1.45000             0.04670
             1.55000             0.04938
             1.65000             0.04360
             1.75000             0.05469
             1.85000             0.04259
             1.95000             0.03454
             2.05000             0.03726
             2.15000             0.04402
             2.25000             0.04751
             2.35000             0.06601
             2.45000             0.06850
             2.55000             0.06591
             2.65000             0.08606
             2.75000             0.07671
             2.85000             0.09214
             2.95000             0.09531
             3.05000             0.12438
             3.15000             0.09967
             3.25000             0.07012
             3.35000             0.07435
             3.45000             0.04780
             3.55000             0.06814
             3.65000             0.06653
             3.75000             0.07872
             3.85000             0.07914
             3.95000             0.10786
             4.05000             0.09961
             4.15000             0.08713
             4.25000             0.06336
             4.35000             0.07966
             4.45000             0.05411
             4.55000             0.02371
             4.65000             0.03444
             4.75000             0.06889
             4.85000             0.05155
             4.95000             0.02823
             5.05000             0.01475
             5.15000             0.00233
             5.25000             0.00000
             5.35000             0.00000
             5.45000             0.00000
             5.55000             0.03253
             5.65000             0.06623
             5.75000             0.13907
             5.85000             0.11002
             5.95000             0.05990
             6.05000             0.02785
             6.15000             0.00100
             6.25000             0.00000
             6.35000             0.00000
             6.45000             0.00000
             6.55000             0.00000
             6.65000             0.01297
             6.75000             0.08279
             6.85000             0.11633
             6.95000             0.14935
             7.05000             0.07516
             7.15000             0.00000
             7.25000             0.00000
             7.35000             0.00000
             7.45000             0.00000
             7.55000             0.00000
             7.65000             0.00000
             7.75000             0.00000
             7.85000             0.00000
             7.95000             0.00000
             8.05000             0.00000
             8.15000             0.00000
             8.25000             0.00000
             8.35000             0.00000
             8.45000             0.00000
             8.55000             0.00000
             8.65000             0.00000
             8.75000             0.00000
             8.85000             0.00000
             8.95000             0.00000
             9.05000             0.00000
             9.15000             0.00000
             9.25000             0.00000
             9.35000             0.00000
             9.45000             0.00000
             9.55000             0.00000
             9.65000             0.00000
             9.75000             0.00000
             9.85000             0.00000
             9.95000             0.00000
            10.05000             0.00000
            10.15000             0.00000
            10.25000             0.00000
            10.35000             0.00000
            10.45000             0.00000
            10.55000             0.00000
            10.65000             0.00000
            10.75000             0.00000
            10.85000             0.00000
            10.95000             0.00000
            11.05000             0.00000
            11.15000             0.00000
            11.25000             0.00000
            11.35000             0.00000
            11.45000             0.00000
            11.55000             0.00000
            11.65000             0.00000
            11.75000             0.01659
            11.85000             0.11578
            11.95000             0.08457
            12.05000             0.01982
            12.15000             0.08380
            12.25000             0.06494
            12.35000             0.03742
            12.45000             0.01368
            12.55000             0.00000
            12.65000             0.00000
            12.75000             0.00000
            12.85000             0.00000
            12.95000             0.00000
            13.05000             0.00000
            13.15000             0.11539
            13.25000             0.16591
            13.35000             0.09314
            13.45000             0.06216
            13.55000             0.00000
            13.65000             0.00000
            13.75000             0.00000
            13.85000             0.00000
            13.95000             0.00000
            14.05000             0.00000
            14.15000             0.00000
            14.25000             0.00000
            14.35000             0.00000
            14.45000             0.00000
            14.55000             0.00000
            14.65000             0.00000
            14.75000             0.00000
            14.85000             0.00000
            14.95000             0.00000
            15.05000             0.00000
            15.15000             0.01455
            15.25000             0.01455
            15.35000             0.01455
            15.45000             0.01226
            15.55000             0.00230
            15.65000             0.01336
            15.75000             0.00805
            15.85000             0.01316
            15.95000             0.08056
            16.05000             0.19039
            16.15000             0.20084
            16.25000             0.09023
            16.35000             0.04838
            16.45000             0.04001
            16.55000             0.04696
            16.65000             0.04625
            16.75000             0.06087
            16.85000             0.06627
            16.95000             0.02610
            17.05000             0.01455
            17.15000             0.00042
            17.25000             0.01413
            17.35000             0.00353
            17.45000             0.01313
            17.55000             0.04010
            17.65000             0.14489
            17.75000             0.07471
            17.85000             0.17377
            17.95000             0.03199
            18.05000             0.04188
            18.15000             0.02788
            18.25000             0.02755
            18.35000             0.02688
            18.45000             0.02856
            18.55000             0.03357
            18.65000             0.04955
            18.75000             0.00970
            18.85000             0.00000
            18.95000             0.00000
            19.05000             0.00000
            19.15000             0.00000
            19.25000             0.00000
            19.35000             0.00000
            19.45000             0.00000
            19.55000             0.00000
            19.65000             0.00000
            19.75000             0.00000
            19.85000             0.00000
            19.95000             0.00000
            20.05000             0.00000
            20.15000             0.00000
            20.25000             0.00000
            20.35000             0.00000
            20.45000             0.00000
            20.55000             0.00223
            20.65000             0.22425
            20.75000             0.20093
            20.85000             0.00918
            20.95000             0.00000
            21.05000             0.00000
            21.15000             0.00000
            21.25000             0.00000
            21.35000             0.00000
            21.45000             0.00000
            21.55000             0.00000
            21.65000             0.00000
            21.75000             0.00000
            21.85000             0.02746
            21.95000             0.09049
            22.05000             0.09308
            22.15000             0.05330
            22.25000             0.04366
            22.35000             0.07662
            22.45000             0.14249
            22.55000             0.20905
            22.65000             0.10938
            22.75000             0.02768
            22.85000             0.02962
            22.95000             0.19366
            23.05000             0.12823
            23.15000             0.08509
            23.25000             0.00000
            23.35000             0.00453
            23.45000             0.02704
            23.55000             0.04360
            23.65000             0.04631
            23.75000             0.06180
            23.85000             0.11193
            23.95000             0.11209
            24.05000             0.02930
            24.15000             0.00000
            24.25000             0.03144
            24.35000             0.06533
            24.45000             0.03735
            24.55000             0.03405
            24.65000             0.03347
            24.75000             0.03257
            24.85000             0.03376
            24.95000             0.03797
            25.05000             0.04486
            25.15000             0.07222
            25.25000             0.01358
            25.35000             0.00000
            25.45000             0.00000
            25.55000             0.00000
            25.65000             0.00000
            25.75000             0.00000
            25.85000             0.00000
            25.95000             0.00000
            26.05000             0.00000
            26.15000             0.00000
            26.25000             0.00000
            26.35000             0.00000
            26.45000             0.00000
            26.55000             0.00000
            26.65000             0.00000
            26.75000             0.00000
            26.85000             0.00000
            26.95000             0.00000
            27.05000             0.00000
            27.15000             0.00000
            27.25000             0.00000
            27.35000             0.00000
            27.45000             0.00000
            27.55000             0.00000
            27.65000             0.00000
            27.75000             0.00000
            27.85000             0.00000
            27.95000             0.00000
            28.05000             0.00000
            28.15000             0.00000
            28.25000             0.00000
            28.35000             0.18004
            28.45000             0.17956
            28.55000             0.07700
            28.65000             0.00000
            28.75000             0.00000
            28.85000             0.00000
            28.95000             0.00000
            29.05000             0.00000
            29.15000             0.00000
            29.25000             0.16251
            29.35000             0.27409
            29.45000             0.00000
            29.55000             0.00000
            29.65000             0.00000
            29.75000             0.16158
            29.85000             0.23340
            29.95000             0.04162
