#  T(K)     E(eV/cell)    F(eV/cell)    Fc(eV/cell)   S(kB/cell)    Cv(kB/cell)
   10.00   16.65862748   16.65822302    0.98715636    0.46936131    1.14224036
   20.00   16.66152629   16.65704417    1.67397067    2.60062390    6.23009425
   30.00   16.67000742   16.65322821    2.24742276    6.49044843   13.56626989
   40.00   16.68480653   16.64557239    2.74725726   11.38226312   20.61641559
   50.00   16.70519896   16.63350950    3.19235022   16.63833006   26.51106386
   60.00   16.73018408   16.61689361    3.59381940   21.91122187   31.31925316
   70.00   16.75894989   16.59578573    3.95901102   27.04899929   35.33508378
   80.00   16.79093173   16.57032945    4.29314636   31.99959517   38.82060461
   90.00   16.82575817   16.54069108    4.60012935   36.75606776   41.96238875
  100.00   16.86319040   16.50703369    4.88299024   41.33001839   44.88501794
  110.00   16.90307734   16.46950699    5.14414977   45.73949440   47.67050722
  120.00   16.94532575   16.42824444    5.38558655   50.00369166   50.37298084
  130.00   16.98988061   16.38336327    5.60894811   54.14075872   53.02836913
  140.00   17.03671236   16.33496589    5.81562775   58.16700021   55.66059254
  150.00   17.08580832   16.28314149    6.00681912   62.09670057   58.28548925
  160.00   17.13716695   16.22796781    6.18355638   65.94221015   60.91332881
  170.00   17.19079374   16.16951272    6.34674413   69.71412921   63.55044397
  180.00   17.24669837   16.10783563    6.49718034   73.42151595   66.20031220
  190.00   17.30489253   16.04298873    6.63557418   77.07208678   68.86429287
  200.00   17.36538840   15.97501808    6.76256007   80.67239711   71.54214802
  210.00   17.42819737   15.90396453    6.87870889   84.22799987   74.23242574
  220.00   17.49332918   15.82986453    6.98453710   87.74358272   76.93275479
  230.00   17.56079123   15.75275083    7.08051414   91.22308654   79.64007981
  240.00   17.63058803   15.67265304    7.16706860   94.66980770   82.35085511
  250.00   17.70272092   15.58959820    7.24459332   98.08648673   85.06120714
  260.00   17.77718779   15.50361120    7.31344970  101.47538547   87.76707232
  270.00   17.85398299   15.41471514    7.37397128  104.83835443   90.46431360
  280.00   17.93309731   15.32293171    7.42646692  108.17689182   93.14881841
  290.00   18.01451804   15.22828141    7.47122338  111.49219535   95.81657968
  300.00   18.09822908   15.13078386    7.50850764  114.78520769   98.46376123
