#  T(K)     E(eV/cell)    F(eV/cell)    Fc(eV/cell)   S(kB/cell)    Cv(kB/cell)
   10.00    5.69526305    5.69515058    0.33031482    0.13051372    0.29779435
   20.00    5.69598252    5.69484444    0.56040322    0.66034209    1.55140401
   30.00    5.69819545    5.69387204    0.75266178    1.67235970    3.68619102
   40.00    5.70242030    5.69185214    0.92035359    3.06594155    6.12416334
   50.00    5.70871038    5.68852354    1.06977774    4.68514114    8.43285258
   60.00    5.71686941    5.68374872    1.20464430    6.40578789   10.45140517
   70.00    5.72663642    5.67747700    1.32740476    8.14954118   12.16973295
   80.00    5.73777044    5.66970931    1.43980151    9.87264822   13.63342657
   90.00    5.75007661    5.66047406    1.54313731   11.55320021   14.89946276
  100.00    5.76340751    5.64981255    1.63842339   13.18206813   16.01957092
  110.00    5.77765615    5.63777053    1.72646756   14.75722974   17.03550625
  120.00    5.79274709    5.62439375    1.80793009   16.28039590   17.97900309
  130.00    5.80862849    5.60972558    1.88336079   17.75506427   18.87333147
  140.00    5.82526556    5.59380603    1.95322460   19.18542833   19.73516721
  150.00    5.84263568    5.57667142    2.01791986   20.57578825   20.57627377
  160.00    5.86072472    5.55835444    2.07779167   21.93025053   21.40484604
  170.00    5.87952447    5.53888436    2.13314191   23.25259020   22.22651756
  180.00    5.89903074    5.51828738    2.18423686   24.54620182   23.04508683
  190.00    5.91924198    5.49658692    2.23131318   25.81409707   23.86302954
  200.00    5.94015838    5.47380399    2.27458259   27.05892516   24.68185643
  210.00    5.96178109    5.44995744    2.31423558   28.28300287   25.50236397
  220.00    5.98411169    5.42506426    2.35044450   29.48834759   26.32481261
  230.00    6.00715182    5.39913983    2.38336602   30.67670975   27.14905694
  240.00    6.03090285    5.37219810    2.41314315   31.84960319   27.97464400
  250.00    6.05536567    5.34425183    2.43990698   33.00833285   28.80089032
  260.00    6.08054047    5.31531273    2.46377813   34.15401978   29.62694427
  270.00    6.10642670    5.28539163    2.48486789   35.28762360   30.45183779
  280.00    6.13302289    5.25449856    2.50327933   36.40996250   31.27452986
  290.00    6.16032669    5.22264292    2.51910815   37.52173127   32.09394314
  300.00    6.18833481    5.18983358    2.53244343   38.62351727   32.90899469
