#  T(K)     E(eV/cell)    F(eV/cell)    Fc(eV/cell)   S(kB/cell)    Cv(kB/cell)
   10.00    5.12424025    5.12417735    0.27997874    0.07298889    0.22189234
   20.00    5.12493146    5.12394085    0.47394460    0.57477877    1.61140794
   30.00    5.12730359    5.12301619    0.63544543    1.65843144    3.98033340
   40.00    5.13183596    5.12096445    0.77586344    3.15394631    6.52501343
   50.00    5.13849500    5.11751828    0.90060439    4.86846522    8.88849950
   60.00    5.14707713    5.11254682    1.01285223    6.67841968   10.98263260
   70.00    5.15734237    5.10600192    1.11471079    8.51110878   12.79588384
   80.00    5.16905484    5.09788406    1.20767535   10.32371935   14.34608410
   90.00    5.18200159    5.08822214    1.29286395   12.09176337   15.66695016
  100.00    5.19600218    5.07706071    1.37114438   13.80249986   16.79879652
  110.00    5.21091116    5.06445184    1.44320991   15.45072213   17.78159287
  120.00    5.22661580    5.05044988    1.50962718   17.03590131   18.65087231
  130.00    5.24303141    5.03510834    1.57086801   18.56024873   19.43604777
  140.00    5.26009593    5.01847814    1.62733142   20.02743573   20.16029236
  150.00    5.27776482    5.00060670    1.67935926   21.44177923   20.84122918
  160.00    5.29600666    4.98153762    1.72724768   22.80774688   21.49191749
  170.00    5.31479971    4.96131071    1.77125574   24.12967353   22.12184591
  180.00    5.33412916    4.93996216    1.81161199   25.41161262   22.73779839
  190.00    5.35398516    4.91752480    1.84851950   26.65727011   23.34455186
  200.00    5.37436128    4.89402842    1.88215997   27.86998709   23.94541102
  210.00    5.39525348    4.86950011    1.91269689   29.05274925   24.54260579
  220.00    5.41665927    4.84396451    1.94027815   30.20821006   25.13758110
  230.00    5.43857714    4.81744412    1.96503821   31.33871988   25.73120635
  240.00    5.46100616    4.78995952    1.98709981   32.44635642   26.32392697
  250.00    5.48394561    4.76152961    2.00657544   33.53295434   26.91587493
  260.00    5.50739480    4.73217181    2.02356859   34.60013279   27.50695063
  270.00    5.53135288    4.70190224    2.03817481   35.64932041   28.09688475
  280.00    5.55581870    4.67073583    2.05048253   36.68177778   28.68528606
  290.00    5.58079074    4.63868651    2.06057389   37.69861743   29.27167896
  300.00    5.60626704    4.60576732    2.06852532   38.70082159   29.85553363
