10
1  0.00165242  0.00000000  0.00000000
     0.15605320      0.03137855     -0.16798760
     0.00000261      0.00003427     -0.00005150
     0.00002346      0.00001552     -0.00001884
    -0.00001943     -0.00000329      0.00003817
     0.00003632      0.00021364      0.00007759
    -0.00000226      0.00001526      0.00000159
     0.00003658      0.00004747      0.00000520
     0.00002820     -0.00003459     -0.00000228
     0.00064490      0.00007072     -0.00012350
     0.00010024      0.00045437      0.00043349
     0.00002113     -0.00008370     -0.00001802
     0.00004845      0.00000934     -0.00000994
     0.00002065     -0.00000969      0.00001272
     0.00002939     -0.00006469      0.00000477
     0.00002264     -0.00002838     -0.00001752
     0.00005249     -0.00003398     -0.00004628
    -0.00016301     -0.00001982      0.00013981
     0.00015080     -0.00004121     -0.00017394
     0.00000537     -0.00006312      0.00007628
     0.00000524      0.00002144     -0.00006881
    -0.00000757      0.00015700     -0.00012804
     0.00003157      0.00001456     -0.00002637
     0.00018604      0.00000074      0.00001443
    -0.00010332      0.00001738      0.00005244
    -0.00237108     -0.00231514      0.00218268
    -0.00001041     -0.00024993     -0.00001656
    -0.00002534      0.00004454     -0.00000651
     0.00000409      0.00001274     -0.00005683
    -0.00011174     -0.00012062     -0.00000816
     0.00013566      0.00001916     -0.00010418
     0.00005837      0.00008982      0.00007355
     0.00001628     -0.00004668     -0.00001884
    -0.00029197      0.00104789     -0.00099208
     0.00004686      0.00004935     -0.00013067
    -0.00008150      0.00008529      0.00004338
    -0.00000458     -0.00000197     -0.00000365
     0.00007910     -0.00002005      0.00006087
    -0.00000989     -0.00002381     -0.00006945
     0.00003219      0.00005233     -0.00002942
     0.00005871     -0.00003644      0.00005187
     0.00032141      0.00002564     -0.00007736
     0.00000818      0.00007724     -0.00000569
     0.00003987     -0.00000917     -0.00000357
     0.00004299     -0.00004502     -0.00003338
     0.00011990     -0.00006501     -0.00002035
     0.00000099     -0.00003292     -0.00006505
     0.00010918      0.00001723      0.00002306
    -0.00001674      0.00002237     -0.00003525
     0.00015985      0.00002283      0.00004259
    -0.00063273      0.00044591     -0.00018858
     0.00002492     -0.00002327      0.00001107
     0.00004775     -0.00000430      0.00011734
    -0.00000938     -0.00005750      0.00002037
    -0.00005516      0.00004026     -0.00002494
    -0.00020440     -0.00013800     -0.00005146
    -0.00008726      0.00011923     -0.00017105
     0.00000206      0.00017395     -0.00007446
     0.00007081     -0.00007891     -0.00004878
    -0.00001602     -0.00021797     -0.00000968
     0.00015530      0.00019301      0.00004502
    -0.00003293     -0.00002184     -0.00000203
    -0.00001009     -0.00001122     -0.00001336
    -0.00000709      0.00000323     -0.00005623
     0.00113915      0.00082086     -0.00057833
    -0.00001584     -0.00000531     -0.00004460
    -0.00052587     -0.00010561      0.00036199
    -0.00000483      0.00009079      0.00000379
     0.00013962     -0.00005529      0.00004061
     0.00006276     -0.00003897     -0.00001889
    -0.00012119     -0.00018424      0.00027899
     0.00002293     -0.00001113      0.00005428
     0.00002730     -0.00003740      0.00001613
     0.01382919      0.00934885     -0.01164702
     0.00000440     -0.00004429      0.00001042
    -0.00004211      0.00001002      0.00002649
     0.00000708      0.00003867      0.00004325
    -0.00004647     -0.00001867      0.00005923
    -0.00004856      0.00002623      0.00000738
     0.00001480     -0.00003117      0.00000693
     0.00000060      0.00003420     -0.00005577
    -0.00002918     -0.00001967     -0.00003744
     0.00000108     -0.00006264     -0.00001574
    -0.00003172     -0.00000518     -0.00003771
    -0.00023373     -0.00043683      0.00007218
    -0.00008462     -0.00010875     -0.00006165
     0.00014952      0.00006843      0.00003315
     0.00000446     -0.00000982      0.00000330
     0.00007776      0.00013517     -0.00006069
    -0.00010411      0.00028935      0.00035825
     0.00003820     -0.00000223      0.00000729
    -0.00000139     -0.00004101      0.00006125
    -0.00002709     -0.00003588     -0.00003879
    -0.00001573     -0.00001861     -0.00015386
    -0.00003391      0.00005649      0.00001366
     0.00004521     -0.00003239     -0.00004618
     0.00001397      0.00025758     -0.00002035
    -0.13714736     -0.03539038      0.13219473
     0.00009732      0.00001493     -0.00012802
     0.00008149      0.00001404     -0.00009893
     0.00000008     -0.00001403      0.00003686
    -0.00002650      0.00000035      0.00005535
    -0.00002033      0.00003442      0.00005362
     0.00014485      0.00003277      0.00004020
    -0.00005992      0.00001666     -0.00000595
     0.00119823     -0.00428225      0.00267016
    -0.00044556      0.00008014      0.00015390
     0.00031487     -0.00008157      0.00006894
    -0.00003518     -0.00001757      0.00000829
    -0.00018175      0.00005288      0.00019782
     0.00012923      0.00012697      0.00006408
     0.00004815     -0.00009060     -0.00003501
    -0.00009749     -0.00000089     -0.00017062
    -0.00124211     -0.00001388     -0.00055935
    -0.00015953     -0.00015296     -0.00015475
    -0.00017214      0.00048803     -0.00016276
    -0.00008054      0.00006359      0.00000640
     0.00015551      0.00005038     -0.00002269
     0.00000165      0.00002376      0.00001798
     0.00030186     -0.00066618      0.00042866
     0.00023678      0.00000974     -0.00023182
    -0.00498896      0.01229762      0.00464474
     0.00013349     -0.00003584     -0.00005701
    -0.00015299      0.00000497      0.00010393
    -0.00023100      0.00012697     -0.00008994
     0.00019800      0.00103471     -0.00023360
    -0.00001032      0.00004084      0.00002078
    -0.00001867     -0.00010950     -0.00002647
     0.00005816      0.00002988      0.00012811
     0.00032717     -0.00019016     -0.00001087
     0.00032072     -0.00071692      0.00050503
    -0.00006816     -0.00024856      0.00000695
    -0.00001913     -0.00023556      0.00018321
    -0.00002215      0.00014745      0.00005136
     0.00395340      0.00210959      0.00255585
    -0.00002104     -0.00003113      0.00002710
    -0.00009085      0.00008735     -0.00008237
     0.00003732     -0.00008147     -0.00010682
     0.00004092      0.00008167     -0.00004462
    -0.00000084     -0.00016521     -0.00001815
    -0.00093437      0.00030792     -0.00074095
     0.00055754      0.00025622      0.00018949
     0.00001828      0.00011531      0.00002850
    -0.00002588      0.00007263     -0.00000189
    -0.00013827     -0.00004070      0.00009235
    -0.04576765     -0.02972049      0.05197413
    -0.00023302      0.00025687      0.00054379
    -0.00009097      0.00001457      0.00007845
    -0.00001415     -0.00002325     -0.00002348
    -0.00008218     -0.00032630     -0.00011070
    -0.00007698     -0.00003968      0.00003944
     0.00000874      0.00001837     -0.00002448
     0.00008329      0.00011615      0.00027679
    -0.00025526     -0.00008600     -0.00016573
    -0.00004954      0.00008830      0.00000158
    -0.00015659      0.00035128     -0.00102558
     0.00010745      0.00016884     -0.00010433
    -0.00002097      0.00004357      0.00009893
    -0.00011899     -0.00014299      0.00013963
    -0.00005506     -0.00001546      0.00005800
    -0.00002616     -0.00009763     -0.00002580
    -0.00037803     -0.00055301      0.00072619
    -0.00003441      0.00007169     -0.00001596
     0.00002510      0.00008144      0.00009198
     0.00005703      0.00012894     -0.00002201
    -0.00019177     -0.00156639     -0.00148073
    -0.00007122     -0.00012538      0.00026062
    -0.00006889     -0.00005645      0.00012088
     0.00008697     -0.00010392      0.00007921
    -0.00014700      0.00015283      0.00011010
     0.01682292      0.01498669     -0.01410398
    -0.00005779      0.00004432     -0.00001815
     0.00000528      0.00003889      0.00001412
    -0.00000577      0.00002189      0.00000003
    -0.00006282     -0.00030164     -0.00027958
    -0.00021614      0.00034172      0.00012513
     0.00004904      0.00011421     -0.00006988
1  0.00000000  0.00000000  0.00165242
    -0.33388564     -0.33820036      0.33820760
    -0.00005192      0.00002450      0.00002889
    -0.00006204      0.00002318     -0.00001627
     0.00002022      0.00003529     -0.00006606
    -0.00018510     -0.00019303      0.00019995
     0.00002022      0.00007298     -0.00002837
    -0.00008548      0.00002310     -0.00001619
    -0.00005192     -0.00002197     -0.00001758
    -0.00030118     -0.00028617      0.00025619
     0.00013702     -0.00004780      0.00001975
     0.00004683      0.00007431     -0.00004498
    -0.00003777     -0.00003050     -0.00001366
    -0.00000337     -0.00006605     -0.00000932
    -0.00004031     -0.00017063     -0.00000125
     0.00000613      0.00000182      0.00006093
    -0.00007678     -0.00000537      0.00001259
     0.00033266     -0.00048666     -0.00045293
     0.00005160     -0.00004514     -0.00003996
    -0.00001068      0.00000053     -0.00018975
    -0.00000444     -0.00000450      0.00004780
     0.00001445     -0.00024366      0.00013801
    -0.00002999     -0.00000516      0.00001014
    -0.00000080     -0.00014793      0.00001048
    -0.00010227     -0.00009091     -0.00016980
     0.00117329      0.00064303     -0.00041971
    -0.00008584      0.00028567      0.00021925
     0.00005929     -0.00003552     -0.00005137
     0.00004721     -0.00001478     -0.00007758
    -0.00022290      0.00017818      0.00017416
    -0.00013999      0.00001015      0.00007966
    -0.00004170     -0.00010295     -0.00009782
    -0.00003905     -0.00002277      0.00000696
     0.00008901     -0.00053383      0.00116303
     0.00009866      0.00004880     -0.00008498
     0.00023149     -0.00003956     -0.00003114
     0.00003583      0.00000765     -0.00002373
    -0.00033640     -0.00013691      0.00020513
    -0.00001127     -0.00014529     -0.00000798
    -0.00004207     -0.00002865      0.00008658
     0.00005092      0.00001267     -0.00005843
    -0.00023102     -0.00001320      0.00045118
    -0.00005952      0.00002888      0.00007613
    -0.00003432     -0.00001381     -0.00004450
    -0.00000644     -0.00000936      0.00005688
     0.00030746      0.00038994     -0.00013588
    -0.00002520      0.00001970      0.00003343
    -0.00010136     -0.00001384     -0.00005079
    -0.00002162     -0.00005265      0.00004607
    -0.00010430      0.00017112      0.00009224
     0.00033061      0.00045426      0.00048798
    -0.00003203     -0.00000881      0.00000649
    -0.00001272      0.00019107      0.00000080
    -0.00000648     -0.00004647      0.00000582
     0.00001241     -0.00013668      0.00024499
     0.00004956      0.00004128      0.00004646
    -0.00000283     -0.00000916      0.00014925
    -0.00009080     -0.00022168     -0.00028372
    -0.00004666      0.00009540      0.00010490
     0.00004224      0.00007515      0.00001673
    -0.00022787     -0.00017658     -0.00017623
    -0.00014495     -0.00008209     -0.00000820
     0.00005432      0.00004895      0.00003747
    -0.00004401     -0.00000939      0.00002472
     0.00116833      0.00041729     -0.00064108
    -0.00000707     -0.00005727      0.00001564
     0.00030683      0.00013549     -0.00038365
    -0.00006015     -0.00007651     -0.00002259
    -0.00010199      0.00005040      0.00002013
    -0.00002225     -0.00004646      0.00005894
    -0.00023165     -0.00045157      0.00001949
    -0.00002583     -0.00003381     -0.00001341
    -0.00003494      0.00004412      0.00002010
     0.00707710      0.00887700     -0.00887009
     0.00000790      0.00005641      0.00001760
    -0.00003829      0.00003802     -0.00003110
     0.00002268     -0.00005759      0.00002842
     0.00002626      0.00006325     -0.00005633
     0.00002268     -0.00002151      0.00006450
    -0.00006206     -0.00003419      0.00004111
     0.00000790     -0.00001069     -0.00004949
    -0.00001189      0.00001427      0.00014491
     0.00023086      0.00003743      0.00003917
     0.00005029      0.00006472     -0.00001305
     0.00008839     -0.00115674      0.00053345
     0.00009804      0.00009127     -0.00004918
    -0.00004269     -0.00008029      0.00002827
     0.00003520      0.00003002     -0.00000803
    -0.00033702     -0.00019884      0.00013652
     0.00013205     -0.00001780      0.00004537
     0.00000117     -0.00005898     -0.00000424
    -0.00004273      0.00001561      0.00002808
    -0.00000834      0.00001127      0.00006363
    -0.00004528      0.00000320      0.00016820
     0.00004186      0.00004693     -0.00007674
    -0.00008174     -0.00001064      0.00000294
    -0.00030615     -0.00025423      0.00028374
     0.29629259      0.30993393     -0.30993602
     0.00022801     -0.00028450      0.00006709
    -0.00006990     -0.00005836      0.00005669
     0.00000135      0.00003420     -0.00006994
     0.00054710      0.00004207     -0.00004374
     0.00000135      0.00006827     -0.00003587
    -0.00011071     -0.00004296      0.00004128
     0.00022801     -0.00006876      0.00028283
    -0.00199327      0.00178599     -0.00027549
    -0.00012773      0.00013574      0.00006321
    -0.00032342      0.00006561      0.00022680
     0.00007201      0.00001466     -0.00010943
     0.00027557     -0.00012507     -0.00003200
    -0.00013113     -0.00000772     -0.00013819
    -0.00028850      0.00002880     -0.00004335
     0.00013136      0.00005970      0.00019661
     0.00178274     -0.00087897      0.00087875
    -0.00021271     -0.00010906     -0.00004425
    -0.00086240     -0.00009611      0.00009588
     0.00001116     -0.00006261      0.00000975
    -0.00040509     -0.00037626      0.00037604
     0.00001116     -0.00000997      0.00006239
    -0.00075153      0.00080241     -0.00080263
    -0.00021271      0.00004403      0.00010883
    -0.00123888     -0.00673630      0.00022719
     0.00024957     -0.00042963     -0.00039578
     0.00008777      0.00006234     -0.00004601
    -0.00004772     -0.00011538      0.00014968
     0.00050574      0.00038094     -0.00025974
     0.00009905     -0.00006875     -0.00003466
    -0.00003051     -0.00002142      0.00000064
    -0.00005476     -0.00000896      0.00000223
    -0.00004699     -0.00015343      0.00011444
     0.00050647      0.00025599     -0.00038188
     0.00025030      0.00039203      0.00042868
    -0.00002978     -0.00000439      0.00002047
    -0.00005403     -0.00000598      0.00000801
    -0.00123814     -0.00023094      0.00673537
     0.00009978      0.00003091      0.00006780
     0.00008849      0.00004226     -0.00006329
    -0.00013040      0.00013725      0.00000398
    -0.00032270     -0.00022775     -0.00006936
     0.00013208     -0.00019756     -0.00006345
    -0.00199255      0.00027453     -0.00178974
    -0.00012700     -0.00006416     -0.00013949
    -0.00028778      0.00004240     -0.00003256
     0.00007274      0.00010848     -0.00001841
     0.00027629      0.00003105      0.00012132
     0.01506283      0.00445806     -0.02021405
     0.00015153     -0.00000246      0.00021027
     0.00003752     -0.00007818     -0.00000017
     0.00004867      0.00002015      0.00016090
    -0.00019728     -0.00040203     -0.00018377
     0.00017038      0.00003427      0.00000866
    -0.00004166     -0.00007437      0.00000198
    -0.00004166     -0.00013316     -0.00035416
     0.00095854      0.00004883     -0.00005037
     0.00007475     -0.00003465     -0.00010241
     0.00142560     -0.00079390      0.00079236
    -0.00037565     -0.00006490     -0.00006217
     0.00045348      0.00074173     -0.00074327
    -0.00037565      0.00006063      0.00006336
    -0.00000260     -0.00006232      0.00006078
     0.00007475      0.00010087      0.00003311
     0.00161627      0.00173964     -0.00174117
    -0.00006389      0.00017644     -0.00011625
     0.00026565      0.00010793     -0.00010947
     0.00004537      0.00005220     -0.00013292
     0.00063600      0.00046283     -0.00046437
     0.00004537      0.00013138     -0.00005374
    -0.00002268      0.00020175     -0.00020329
    -0.00006389      0.00011471     -0.00017798
    -0.00003671      0.00034768      0.00012668
     0.01506789      0.02020770     -0.00446459
     0.00017532     -0.00001514     -0.00004075
     0.00004247     -0.00000631      0.00007169
     0.00005362     -0.00016739     -0.00002663
    -0.00019234      0.00017729      0.00039555
     0.00015647     -0.00021675     -0.00000402
    -0.00003671     -0.00000846      0.00006789
97  0.00165242  0.00000000  0.00000000
    -0.13915834     -0.03641113      0.14016451
     0.00009114     -0.00033728      0.00020759
     0.00008892     -0.00004942     -0.00002349
     0.00002512     -0.00001132      0.00006639
    -0.00002532     -0.00022235      0.00030451
    -0.00004022      0.00006947      0.00000450
     0.00014177      0.00001582      0.00006156
    -0.00004569      0.00003094     -0.00000494
     0.00201580     -0.00315998     -0.00253911
    -0.00007690     -0.00032771      0.00124906
     0.00003529      0.00005695      0.00019926
     0.00001283      0.00003044      0.00004141
    -0.00012531      0.00008627     -0.00003062
     0.00023545      0.00026054     -0.00006302
     0.00008562     -0.00006976     -0.00017483
     0.00001443     -0.00001209     -0.00005654
    -0.00074180     -0.00032890     -0.00032890
     0.00020521     -0.00050047     -0.00050047
     0.00017800      0.00009258     -0.00020683
    -0.00000575     -0.00003123     -0.00001916
     0.00017800     -0.00020683      0.00009258
    -0.00000575     -0.00001916     -0.00003123
    -0.00079306      0.00007896      0.00007896
     0.00051328     -0.00028234     -0.00028234
     0.00201580     -0.00253911     -0.00315998
    -0.00007690      0.00124906     -0.00032771
    -0.00012531     -0.00003062      0.00008627
     0.00023545     -0.00006302      0.00026054
     0.00003529      0.00019926      0.00005695
     0.00001283      0.00004141      0.00003044
     0.00008562     -0.00017483     -0.00006976
     0.00001443     -0.00005654     -0.00001209
     0.00217028     -0.00326177      0.00306141
     0.00015128     -0.00018782      0.00011699
    -0.00026818     -0.00006043     -0.00015523
    -0.00002877      0.00005071      0.00007669
     0.00016971      0.00002726     -0.00016344
    -0.00011245     -0.00001825      0.00018652
    -0.00008126     -0.00004929      0.00012125
     0.00000149      0.00006678     -0.00019445
     0.00217028      0.00306141     -0.00326177
     0.00015128      0.00011699     -0.00018782
     0.00016971     -0.00016344      0.00002726
    -0.00011245      0.00018652     -0.00001825
    -0.00026818     -0.00015523     -0.00006043
    -0.00002877      0.00007669      0.00005071
    -0.00008126      0.00012125     -0.00004929
     0.00000149     -0.00019445      0.00006678
    -0.00081170      0.00073476      0.00073476
    -0.00186207     -0.00076901     -0.00076901
    -0.00007000      0.00002495     -0.00003949
    -0.00009079      0.00015342      0.00007280
    -0.00007000     -0.00003949      0.00002495
    -0.00009079      0.00007280      0.00015342
     0.00008951     -0.00022653     -0.00022653
     0.00139871      0.00045939      0.00045939
     0.00058682     -0.00081616      0.00081380
     0.00024967     -0.00017464     -0.00009656
    -0.00000238      0.00006383     -0.00008639
    -0.00017604     -0.00012848     -0.00022307
    -0.00000367     -0.00002272      0.00003261
    -0.00000423      0.00007744      0.00002532
    -0.00015713     -0.00001442      0.00005867
    -0.00424308     -0.00583130      0.00221849
     0.00017424      0.00007893      0.00020338
     0.00005219      0.00005282     -0.00008695
    -0.00015973     -0.00017548      0.00000780
    -0.00002927     -0.00027517      0.00001817
    -0.00004964      0.00003973     -0.00028282
     0.00041542      0.00047346      0.00053268
     0.00002738      0.00006360      0.00005717
    -0.00010413      0.00005487      0.00003359
    -0.13915834      0.14016451     -0.03641113
     0.00009114      0.00020759     -0.00033728
    -0.00002532      0.00030451     -0.00022235
    -0.00004022      0.00000450      0.00006947
     0.00008892     -0.00002349     -0.00004942
     0.00002512      0.00006639     -0.00001132
     0.00014177      0.00006156      0.00001582
    -0.00004569     -0.00000494      0.00003094
     0.00017424      0.00020338      0.00007893
     0.00005219     -0.00008695      0.00005282
    -0.00004964     -0.00028282      0.00003973
     0.00041542      0.00053268      0.00047346
    -0.00015973      0.00000780     -0.00017548
    -0.00002927      0.00001817     -0.00027517
     0.00002738      0.00005717      0.00006360
    -0.00010413      0.00003359      0.00005487
     0.00058682      0.00081380     -0.00081616
     0.00024967     -0.00009656     -0.00017464
    -0.00000367      0.00003261     -0.00002272
    -0.00000423      0.00002532      0.00007744
    -0.00000238     -0.00008639      0.00006383
    -0.00017604     -0.00022307     -0.00012848
    -0.00015713      0.00005867     -0.00001442
    -0.00424308      0.00221849     -0.00583130
     0.59462958     -0.33044996     -0.33044996
    -0.00042468      0.00083842      0.00083842
    -0.00032405      0.00008109     -0.00003472
     0.00011818      0.00022780      0.00027718
    -0.00032405     -0.00003472      0.00008109
     0.00011818      0.00027718      0.00022780
    -0.00022815     -0.00010862     -0.00010862
    -0.00017684      0.00075916      0.00075916
    -0.04776363      0.04580611     -0.00665875
    -0.00032482      0.00157765     -0.00024142
    -0.00046405      0.00082551     -0.00090485
     0.00002827      0.00003638      0.00001713
    -0.00005848     -0.00011100     -0.00005562
     0.00008973      0.00031479      0.00018068
     0.00032858      0.00011712     -0.00027026
     0.00045508      0.00032483      0.00099057
    -0.00182257      0.00174643      0.00174643
     0.00101773      0.00048838      0.00048838
     0.00028783     -0.00040677      0.00030332
     0.00003248     -0.00018324      0.00005299
     0.00028783      0.00030332     -0.00040677
     0.00003248      0.00005299     -0.00018324
    -0.00187375      0.00136271      0.00136271
    -0.00037277     -0.00002626     -0.00002626
    -0.04776363     -0.00665875      0.04580611
    -0.00032482     -0.00024142      0.00157765
    -0.00005848     -0.00005562     -0.00011100
     0.00008973      0.00018068      0.00031479
    -0.00046405     -0.00090485      0.00082551
     0.00002827      0.00001713      0.00003638
     0.00032858     -0.00027026      0.00011712
     0.00045508      0.00099057      0.00032483
    -0.00043366      0.00048536      0.00029914
    -0.00048788      0.00051444      0.00104010
    -0.00039345      0.00126492      0.00029538
    -0.00050597      0.00032294      0.00037901
    -0.00109071      0.00049651      0.00114412
    -0.00414808     -0.01120002     -0.02435835
    -0.00018602      0.00002136     -0.00006415
    -0.00036339      0.00039394     -0.00019396
    -0.00043366      0.00029914      0.00048536
    -0.00048788      0.00104010      0.00051444
    -0.00109071      0.00114412      0.00049651
    -0.00414808     -0.02435835     -0.01120002
    -0.00039345      0.00029538      0.00126492
    -0.00050597      0.00037901      0.00032294
    -0.00018602     -0.00006415      0.00002136
    -0.00036339     -0.00019396      0.00039394
    -0.17641502      0.11410286      0.11410286
     0.00038639     -0.00096093     -0.00096093
    -0.00010257      0.00002417     -0.00026860
    -0.00001290     -0.00023781      0.00023692
    -0.00010257     -0.00026860      0.00002417
    -0.00001290      0.00023692     -0.00023781
    -0.00013924     -0.00019789     -0.00019789
     0.00001528     -0.00040415     -0.00040415
    -0.00018208     -0.00097235      0.00042188
     0.00005151     -0.00021456      0.00023912
     0.00508268      0.00994117      0.01680896
     0.00084312     -0.00126157     -0.00089143
     0.00037013     -0.00023874      0.00007459
    -0.00017302     -0.00092245     -0.00104048
     0.00023878     -0.00001245     -0.00014196
    -0.00006077     -0.00027398     -0.00013400
    -0.00018208      0.00042188     -0.00097235
     0.00005151      0.00023912     -0.00021456
     0.00037013      0.00007459     -0.00023874
    -0.00017302     -0.00104048     -0.00092245
     0.00508268      0.01680896      0.00994117
     0.00084312     -0.00089143     -0.00126157
     0.00023878     -0.00014196     -0.00001245
    -0.00006077     -0.00013400     -0.00027398
     0.00128162     -0.00073476     -0.00073476
    -0.04259841      0.08549285      0.08549285
    -0.00003432     -0.00012364     -0.00019473
     0.00080545     -0.00081508      0.00027312
    -0.00003432     -0.00019473     -0.00012364
     0.00080545      0.00027312     -0.00081508
     0.00125823     -0.00010702     -0.00010702
     0.00049148     -0.00006222     -0.00006222
97  0.00000000  0.00000000  0.00165242
     0.32778467      0.36028874     -0.36028243
    -0.00010175      0.00006645      0.00008732
    -0.00019254      0.00001835     -0.00001144
     0.00004347      0.00003033     -0.00002191
     0.00009470      0.00035840     -0.00035148
     0.00004347      0.00002883     -0.00002341
    -0.00014288     -0.00003559      0.00004250
    -0.00010175     -0.00008041     -0.00005953
    -0.00501161      0.00411524     -0.00351265
    -0.00065806     -0.00018747     -0.00059944
    -0.00022435     -0.00014656      0.00017855
    -0.00008024      0.00000042      0.00005136
     0.00014825      0.00014846     -0.00003368
    -0.00017925     -0.00022537      0.00004109
    -0.00036053     -0.00003216     -0.00011411
     0.00008735     -0.00001772      0.00006672
     0.00123933     -0.00054286      0.00004937
    -0.00012041      0.00015309      0.00012714
    -0.00000300     -0.00007122      0.00039690
     0.00005755      0.00005442     -0.00005343
    -0.00007493     -0.00002720     -0.00001076
     0.00002218      0.00003551      0.00002078
    -0.00030513      0.00005087      0.00031494
     0.00014105      0.00067241      0.00034752
     0.00683972      0.00827671     -0.00650970
     0.00019275      0.00019400     -0.00028837
     0.00000107      0.00009109     -0.00015875
    -0.00005351     -0.00004663      0.00002038
     0.00037353     -0.00058605     -0.00006684
     0.00009523     -0.00005532     -0.00005326
     0.00002186      0.00017821     -0.00006997
     0.00007427      0.00005791      0.00004428
    -0.00283097      0.00273681     -0.00002309
    -0.00012613     -0.00016691      0.00013758
    -0.00027098     -0.00004204     -0.00023787
     0.00006839      0.00000909     -0.00010958
    -0.00001333      0.00027388     -0.00000656
    -0.00010239     -0.00003376      0.00007107
     0.00009518     -0.00012306      0.00001111
     0.00004103      0.00003788      0.00007731
     0.00011268     -0.00237115      0.00087032
     0.00016761     -0.00027125      0.00019384
     0.00001154      0.00016943     -0.00024894
     0.00004273     -0.00006267      0.00017574
     0.00057585      0.00036712      0.00010391
    -0.00006546      0.00010246      0.00000448
     0.00004610     -0.00006704     -0.00011522
     0.00000354     -0.00015468     -0.00006496
     0.00013901     -0.00034619     -0.00067109
     0.00123729     -0.00004804      0.00054418
     0.00002014     -0.00001946     -0.00003419
    -0.00000504     -0.00039558      0.00007254
     0.00005551      0.00005476     -0.00005310
    -0.00007697      0.00001208      0.00002852
    -0.00012245     -0.00012582     -0.00015177
    -0.00030717     -0.00031361     -0.00004954
     0.00018778      0.00028594     -0.00019204
     0.00001689      0.00006754     -0.00017626
    -0.00005848     -0.00002281      0.00004858
     0.00036857      0.00006441      0.00058800
     0.00009026      0.00005084      0.00005727
    -0.00000389      0.00015632     -0.00008914
     0.00006930     -0.00004671     -0.00005596
     0.00683476      0.00650729     -0.00827474
     0.00004211     -0.00017613      0.00006896
     0.00057523     -0.00010430     -0.00036083
     0.00016698     -0.00019422      0.00027754
     0.00004548      0.00011483      0.00007333
     0.00000291      0.00006458      0.00016097
     0.00011205     -0.00087072      0.00237745
    -0.00006609     -0.00000487     -0.00009617
     0.00001091      0.00024855     -0.00016314
    -0.02504209      0.15959477     -0.15958771
     0.00005979     -0.00023892      0.00027545
    -0.00002412     -0.00021714      0.00022405
    -0.00003200      0.00002761     -0.00004186
    -0.00001629     -0.00004934      0.00005626
    -0.00003200      0.00004878     -0.00002070
    -0.00015056     -0.00006171      0.00006862
     0.00005979     -0.00026854      0.00024583
    -0.00010301     -0.00006478      0.00003338
    -0.00027161      0.00024415      0.00004165
     0.00004040     -0.00007102     -0.00003826
    -0.00283160      0.00002937     -0.00273720
    -0.00012675     -0.00013129      0.00016653
     0.00009455     -0.00000483      0.00012268
     0.00006776      0.00011587     -0.00000947
    -0.00001395      0.00001285     -0.00027427
    -0.00066303      0.00060138      0.00018505
    -0.00036550      0.00011606      0.00002974
    -0.00008520     -0.00004941     -0.00000285
     0.00014328      0.00003563     -0.00015089
    -0.00018422     -0.00003914      0.00022294
    -0.00022932     -0.00017660      0.00014413
     0.00008239     -0.00006477      0.00001530
    -0.00501658      0.00351461     -0.00411767
    -0.59972723     -0.77015417      0.77015243
     0.00031481      0.00039043     -0.00053668
     0.00018941      0.00003297     -0.00003464
    -0.00012641     -0.00005343      0.00000888
     0.00043147      0.00014285     -0.00014452
    -0.00012641     -0.00001056      0.00005176
     0.00023310      0.00001481     -0.00001648
     0.00031481      0.00053501     -0.00039210
    -0.00938647      0.00642918      0.02035579
     0.00064357     -0.00071263     -0.00007784
     0.00079109     -0.00009954      0.00065064
     0.00009064      0.00012852      0.00007183
     0.00069104      0.00053984     -0.00028716
     0.00039123     -0.00013000      0.00019616
     0.00010637      0.00023644      0.00026513
     0.00020276      0.00028439     -0.00005822
     0.00186741      0.00177840     -0.00177862
    -0.00033846     -0.00025051     -0.00010641
    -0.00073465      0.00055672     -0.00055694
    -0.00004325     -0.00007766      0.00005442
     0.00005589     -0.00009354      0.00009332
    -0.00004325     -0.00005465      0.00007744
     0.00174133      0.00143701     -0.00143724
    -0.00033846      0.00010619      0.00025029
     0.05965287     -0.03800743     -0.06110830
     0.00008489      0.00057656      0.00031744
    -0.00027790      0.00014896     -0.00002243
    -0.00001779     -0.00013990      0.00031650
     0.00013400      0.00124725     -0.00027301
     0.00006245     -0.00016671     -0.00013819
     0.00003984      0.00029219     -0.00006365
     0.00043037      0.00031317     -0.00012566
    -0.00001706     -0.00032025      0.00013895
     0.00013473      0.00026926     -0.00124820
     0.00008562     -0.00032119     -0.00057750
     0.00004056      0.00005990     -0.00029314
     0.00043110      0.00012191     -0.00031411
     0.05965366      0.06110456      0.03800649
     0.00006318      0.00013444      0.00016576
    -0.00027718      0.00001868     -0.00014991
     0.00039195     -0.00019711      0.00012625
     0.00079182     -0.00065159      0.00009579
     0.00020349      0.00005728     -0.00028814
    -0.00938576     -0.02035677     -0.00643292
     0.00064429      0.00007690      0.00070887
     0.00010709     -0.00026608     -0.00024018
     0.00009137     -0.00007278     -0.00013227
     0.00069177      0.00028621     -0.00054359
     0.10156254      0.10415694     -0.11568304
    -0.00087422      0.00077262      0.00010963
    -0.00021135      0.00036834     -0.00041095
     0.00009299      0.00002180     -0.00030395
    -0.00052640     -0.00015348     -0.00011701
    -0.00008344     -0.00009729      0.00004641
    -0.00015991      0.00020471     -0.00006182
    -0.00060032     -0.00052905      0.00020949
     0.00023726      0.00008059     -0.00008213
    -0.00008564     -0.00007969     -0.00017402
    -0.00397915      0.00119544     -0.00119697
     0.00034026      0.00045796      0.00042166
    -0.00050308     -0.00071988      0.00071834
     0.00034026     -0.00042320     -0.00045950
    -0.00008720      0.00012760     -0.00012914
    -0.00008564      0.00017248      0.00007815
     0.00037541     -0.00096582      0.00096428
     0.00009914     -0.00037396      0.00013628
    -0.00007183     -0.00120964      0.00120810
    -0.00111120      0.00005596      0.00024581
    -0.00560070     -0.00525333      0.00525181
    -0.00111120     -0.00024735     -0.00005750
    -0.00035626      0.00020159     -0.00020313
     0.00009914     -0.00013782      0.00037242
    -0.00059537     -0.00021597      0.00052256
     0.10156778      0.11567685     -0.10416321
    -0.00007850     -0.00005290      0.00009081
    -0.00020641      0.00040447     -0.00037482
     0.00009793      0.00029747     -0.00002828
    -0.00052145      0.00011053      0.00014700
    -0.00086927     -0.00011611     -0.00077910
    -0.00015497      0.00005533     -0.00021119
145  0.00165242  0.00000000  0.00000000
    -0.02362086      0.01775019      0.02300267
    -0.00037140      0.00057089      0.00008962
    -0.00005230      0.00004055      0.00008943
     0.00001675      0.00005793     -0.00005253
    -0.00013147     -0.00038458     -0.00009478
    -0.00005816     -0.00001412      0.00005528
     0.00005881     -0.00000079      0.00006345
    -0.00008807     -0.00005238      0.00028184
    -0.04303373      0.04064225     -0.04362588
     0.00020115      0.00020622     -0.00023388
     0.00003590      0.00026056     -0.00029329
    -0.00009584      0.00007236      0.00002466
    -0.00000484      0.00005895     -0.00007092
    -0.00005493     -0.00014077     -0.00002611
     0.00002708      0.00000025     -0.00003934
    -0.00002326      0.00009372      0.00005150
    -0.00010833      0.00086648      0.00086648
    -0.00019236      0.00044892      0.00044892
     0.00001276      0.00000097     -0.00037603
    -0.00003102      0.00002828      0.00009497
     0.00001276     -0.00037603      0.00000097
    -0.00003102      0.00009497      0.00002828
     0.00119327      0.00055752      0.00055752
    -0.00013344     -0.00014612     -0.00014612
    -0.04303373     -0.04362588      0.04064225
     0.00020115     -0.00023388      0.00020622
    -0.00000484     -0.00007092      0.00005895
    -0.00005493     -0.00002611     -0.00014077
     0.00003590     -0.00029329      0.00026056
    -0.00009584      0.00002466      0.00007236
     0.00002708     -0.00003934      0.00000025
    -0.00002326      0.00005150      0.00009372
     0.01330929     -0.01196169      0.01091068
     0.00004927      0.00002507     -0.00003646
     0.00019546      0.00015964      0.00004370
     0.00008207      0.00002466     -0.00007391
     0.00007616     -0.00004364      0.00003321
     0.00001053      0.00008049      0.00005017
     0.00007774      0.00006583     -0.00000366
    -0.00000890     -0.00003141      0.00023933
     0.01330929      0.01091068     -0.01196169
     0.00004927     -0.00003646      0.00002507
     0.00007616      0.00003321     -0.00004364
     0.00001053      0.00005017      0.00008049
     0.00019546      0.00004370      0.00015964
     0.00008207     -0.00007391      0.00002466
     0.00007774     -0.00000366      0.00006583
    -0.00000890      0.00023933     -0.00003141
     0.00104095      0.00036695      0.00036695
    -0.00000434      0.00000053      0.00000053
     0.00007610      0.00022422      0.00003672
     0.00011626      0.00009679     -0.00009551
     0.00007610      0.00003672      0.00022422
     0.00011626     -0.00009551      0.00009679
     0.00009628      0.00017836      0.00017836
    -0.00006272      0.00024727      0.00024727
     0.00048665      0.00038349      0.00067565
    -0.00010119      0.00000265     -0.00003262
     0.00002029     -0.00005089      0.00021256
     0.00000236      0.00000890      0.00007926
     0.00005600     -0.00006428      0.00000616
    -0.00007056      0.00006489     -0.00000546
    -0.00007383     -0.00002127      0.00010766
     0.00171114      0.00019389     -0.00128146
    -0.00025394      0.00003266     -0.00010238
     0.00017868     -0.00002559      0.00031960
    -0.00021176      0.00025118     -0.00046001
    -0.00002797      0.00013861     -0.00002991
     0.00015619      0.00000345      0.00009117
    -0.00031217      0.00018384     -0.00099546
    -0.00000185     -0.00006760     -0.00002060
     0.00001897      0.00005268      0.00006276
    -0.02362086      0.02300267      0.01775019
    -0.00037140      0.00008962      0.00057089
    -0.00013147     -0.00009478     -0.00038458
    -0.00005816      0.00005528     -0.00001412
    -0.00005230      0.00008943      0.00004055
     0.00001675     -0.00005253      0.00005793
     0.00005881      0.00006345     -0.00000079
    -0.00008807      0.00028184     -0.00005238
    -0.00025394     -0.00010238      0.00003266
     0.00017868      0.00031960     -0.00002559
     0.00015619      0.00009117      0.00000345
    -0.00031217     -0.00099546      0.00018384
    -0.00021176     -0.00046001      0.00025118
    -0.00002797     -0.00002991      0.00013861
    -0.00000185     -0.00002060     -0.00006760
     0.00001897      0.00006276      0.00005268
     0.00048665      0.00067565      0.00038349
    -0.00010119     -0.00003262      0.00000265
     0.00005600      0.00000616     -0.00006428
    -0.00007056     -0.00000546      0.00006489
     0.00002029      0.00021256     -0.00005089
     0.00000236      0.00007926      0.00000890
    -0.00007383      0.00010766     -0.00002127
     0.00171114     -0.00128146      0.00019389
    -0.10353044      0.11166994      0.11166994
     0.00178398     -0.00038741     -0.00038741
     0.00018321      0.00001586      0.00002829
    -0.00017588     -0.00019011      0.00001147
     0.00018321      0.00002829      0.00001586
    -0.00017588      0.00001147     -0.00019011
     0.00032803      0.00002795      0.00002795
     0.00033029     -0.00023073     -0.00023073
    -0.14107765      0.10274003      0.07638006
    -0.00066391     -0.00070633     -0.00040212
    -0.00055947     -0.00085681      0.00009183
     0.00009423     -0.00024241      0.00010731
    -0.00014762      0.00002128      0.00039693
    -0.00030234     -0.00018337     -0.00002046
    -0.00017493      0.00025001     -0.00001909
     0.00007660     -0.00061023     -0.00068251
     0.00000821     -0.00107994     -0.00107994
    -0.00155652     -0.00052062     -0.00052062
     0.00022586      0.00044734      0.00017064
    -0.00032614     -0.00008565     -0.00019306
     0.00022586      0.00017064      0.00044734
    -0.00032614     -0.00019306     -0.00008565
    -0.00178841     -0.00165983     -0.00165983
     0.00034229      0.00020429      0.00020429
    -0.14107765      0.07638006      0.10274003
    -0.00066391     -0.00040212     -0.00070633
    -0.00014762      0.00039693      0.00002128
    -0.00030234     -0.00002046     -0.00018337
    -0.00055947      0.00009183     -0.00085681
     0.00009423      0.00010731     -0.00024241
    -0.00017493     -0.00001909      0.00025001
     0.00007660     -0.00068251     -0.00061023
     0.00018513     -0.00032035      0.00005258
     0.00006854     -0.00017167     -0.00141662
     0.00025821      0.00028637     -0.00025739
     0.00017201      0.00023058     -0.00007544
     0.00124885     -0.00060281     -0.00138792
    -0.01356858     -0.00483026      0.01270381
     0.00011682     -0.00023274     -0.00000284
     0.00000509     -0.00024375     -0.00016220
     0.00018513      0.00005258     -0.00032035
     0.00006854     -0.00141662     -0.00017167
     0.00124885     -0.00138792     -0.00060281
    -0.01356858      0.01270381     -0.00483026
     0.00025821     -0.00025739      0.00028637
     0.00017201     -0.00007544      0.00023058
     0.00011682     -0.00000284     -0.00023274
     0.00000509     -0.00016220     -0.00024375
     0.46407858     -0.36366109     -0.36366109
    -0.00044019     -0.00001767     -0.00001767
     0.00002513      0.00045608      0.00001862
     0.00006558      0.00005962     -0.00053973
     0.00002513      0.00001862      0.00045608
     0.00006558     -0.00053973      0.00005962
     0.00067304      0.00002575      0.00002575
     0.00084846      0.00016530      0.00016530
    -0.00019060      0.00084459     -0.00064780
     0.00005566      0.00030702     -0.00019843
     0.01609419     -0.02421606     -0.01263550
    -0.00089197      0.00125161      0.00124012
    -0.00025348     -0.00024191      0.00007080
     0.00037880      0.00084292     -0.00004977
    -0.00035440     -0.00034735      0.00012596
     0.00008537     -0.00000697      0.00014505
    -0.00019060     -0.00064780      0.00084459
     0.00005566     -0.00019843      0.00030702
    -0.00025348      0.00007080     -0.00024191
     0.00037880     -0.00004977      0.00084292
     0.01609419     -0.01263550     -0.02421606
    -0.00089197      0.00124012      0.00125161
    -0.00035440      0.00012596     -0.00034735
     0.00008537      0.00014505     -0.00000697
    -0.00119098      0.00127188      0.00127188
     0.02129466      0.06604846      0.06604846
     0.00011616     -0.00007166      0.00019464
    -0.00051720      0.00089389     -0.00017244
     0.00011616      0.00019464     -0.00007166
    -0.00051720     -0.00017244      0.00089389
     0.00002617      0.00060647      0.00060647
    -0.00023414      0.00006686      0.00006686
1  -0.00165242  0.00000000  0.00000000
    -0.15623424     -0.02770539      0.16833838
    -0.00000589     -0.00003837      0.00006422
    -0.00002192     -0.00001065      0.00002831
     0.00001783      0.00000780     -0.00002734
    -0.00003562     -0.00020336     -0.00006813
     0.00000038     -0.00000984      0.00000704
    -0.00003924     -0.00004238      0.00000552
    -0.00002754      0.00003960      0.00001361
    -0.00060222     -0.00008586      0.00014083
    -0.00007741     -0.00046362     -0.00043899
    -0.00001169      0.00007563      0.00001509
    -0.00004221     -0.00000997      0.00001202
    -0.00001194     -0.00000073     -0.00000922
    -0.00002002      0.00006848      0.00000547
    -0.00001512      0.00002244      0.00002217
    -0.00004260      0.00003596      0.00005254
     0.00015490      0.00000429     -0.00015550
    -0.00014797      0.00004691      0.00017606
     0.00000027      0.00006893     -0.00007044
    -0.00000479     -0.00001752      0.00007201
     0.00000600     -0.00016006      0.00012903
    -0.00002948     -0.00000928      0.00002888
    -0.00018909      0.00000076     -0.00000874
     0.00010061     -0.00002701     -0.00006137
     0.00231727      0.00232774     -0.00212506
     0.00001226      0.00025706      0.00002103
     0.00003647     -0.00004121      0.00000636
     0.00000519     -0.00000866      0.00005895
     0.00012530      0.00014019     -0.00000082
    -0.00012356     -0.00001879      0.00010105
    -0.00005106     -0.00008898     -0.00007875
    -0.00000688      0.00004855      0.00001547
     0.00026253     -0.00102538      0.00099208
    -0.00003918     -0.00004286      0.00013914
     0.00009657     -0.00008587     -0.00003055
     0.00001018      0.00000135      0.00001134
    -0.00007698      0.00002064     -0.00005105
     0.00001363      0.00002284      0.00007908
    -0.00002345     -0.00005700      0.00004231
    -0.00005135      0.00003584     -0.00004312
    -0.00032830     -0.00000029      0.00007451
     0.00000222     -0.00006971     -0.00000034
    -0.00003940      0.00001208      0.00000207
    -0.00003558      0.00005042      0.00003271
    -0.00012152      0.00007330      0.00001021
     0.00000231      0.00004452      0.00006315
    -0.00010521     -0.00000198     -0.00002898
     0.00001806     -0.00001371      0.00002970
    -0.00015700     -0.00000900     -0.00002150
     0.00064288     -0.00043531      0.00020610
    -0.00002649      0.00002266     -0.00001240
    -0.00005899     -0.00000319     -0.00012323
     0.00000629      0.00005681     -0.00001947
     0.00004824     -0.00004577      0.00002957
     0.00021193      0.00014454      0.00005900
     0.00008608     -0.00011623      0.00016598
    -0.00000177     -0.00018157      0.00007216
    -0.00008055      0.00007899      0.00005319
     0.00002147      0.00020815      0.00001336
    -0.00014935     -0.00019249     -0.00008008
     0.00002975      0.00001412      0.00000503
     0.00001012      0.00000731      0.00001435
     0.00000846     -0.00000348      0.00005909
    -0.00111035     -0.00081704      0.00055684
     0.00001235      0.00000378      0.00004520
     0.00051444      0.00011714     -0.00034427
     0.00000667     -0.00008934     -0.00000472
    -0.00013506      0.00005385     -0.00004134
    -0.00005697      0.00004583      0.00001967
     0.00011596      0.00017285     -0.00026662
    -0.00001948      0.00001151     -0.00005357
    -0.00002702      0.00003688     -0.00000921
    -0.01364303     -0.00886157      0.01150497
    -0.00000948      0.00005097     -0.00001485
     0.00003724      0.00000052     -0.00002418
    -0.00000566     -0.00002978     -0.00004009
     0.00003299      0.00002625     -0.00004607
     0.00004862     -0.00000827      0.00000019
    -0.00002142      0.00004329     -0.00000573
    -0.00000179     -0.00002147      0.00005858
     0.00002062      0.00002078      0.00004631
     0.00001350      0.00007108      0.00001364
     0.00003564      0.00000867      0.00004168
     0.00025272      0.00041520     -0.00002805
     0.00009096      0.00010866      0.00004717
    -0.00012977     -0.00006475     -0.00003904
     0.00000101      0.00001383     -0.00000273
    -0.00007828     -0.00012605      0.00006144
     0.00011570     -0.00028915     -0.00036803
    -0.00004122     -0.00000550      0.00000042
     0.00000001      0.00004244     -0.00006357
     0.00002267      0.00003917      0.00003919
     0.00001568      0.00002096      0.00014014
     0.00002724     -0.00005704     -0.00001233
    -0.00004372      0.00003228      0.00004367
    -0.00002357     -0.00025504      0.00002819
     0.13920676      0.03080578     -0.13442589
    -0.00010865     -0.00000377      0.00012640
    -0.00009526     -0.00001210      0.00008813
    -0.00000690      0.00001340     -0.00003604
     0.00002601     -0.00002085     -0.00005262
     0.00001505     -0.00003262     -0.00005522
    -0.00014776     -0.00003144     -0.00004229
     0.00007087     -0.00001246      0.00001110
    -0.00139234      0.00434419     -0.00267922
     0.00045593     -0.00010350     -0.00018687
    -0.00031752      0.00006101     -0.00007280
     0.00003254      0.00001409     -0.00001353
     0.00017176     -0.00005189     -0.00020320
    -0.00012742     -0.00012282     -0.00007994
    -0.00006531      0.00009289      0.00004066
     0.00009389     -0.00000240      0.00017671
     0.00133742      0.00001969      0.00062459
     0.00016217      0.00013588      0.00014010
     0.00015062     -0.00050778      0.00015538
     0.00007769     -0.00007019     -0.00001019
    -0.00014587     -0.00003222      0.00000534
    -0.00000699     -0.00002594     -0.00001828
    -0.00031408      0.00065464     -0.00040689
    -0.00025616     -0.00001392      0.00024548
     0.00475761     -0.01236509     -0.00445714
    -0.00016234     -0.00000908      0.00004966
     0.00015115      0.00000400     -0.00010554
     0.00022328     -0.00012714      0.00007689
    -0.00017265     -0.00111967      0.00025528
     0.00001095     -0.00004521     -0.00002397
     0.00001054      0.00010421      0.00001953
    -0.00006523     -0.00001898     -0.00012098
    -0.00033114      0.00019201      0.00000901
    -0.00033969      0.00072499     -0.00041687
     0.00007230      0.00023952      0.00000798
     0.00002412      0.00022868     -0.00016715
     0.00002146     -0.00013955     -0.00005510
    -0.00401939     -0.00210071     -0.00242210
     0.00001790      0.00002699     -0.00002454
     0.00009587     -0.00009488      0.00007002
    -0.00003790      0.00009592      0.00009278
    -0.00005064     -0.00008468      0.00005772
     0.00001788      0.00016612      0.00002989
     0.00093482     -0.00035245      0.00064272
    -0.00052343     -0.00024266     -0.00018459
    -0.00002725     -0.00010327     -0.00004367
     0.00002163     -0.00006472     -0.00000056
     0.00013394      0.00002505     -0.00008768
     0.04408103      0.02949258     -0.05017073
     0.00022007     -0.00023581     -0.00054548
     0.00007754     -0.00002163     -0.00007106
     0.00001283      0.00000888      0.00001770
     0.00006261      0.00032964      0.00011453
     0.00007412      0.00002559     -0.00004826
    -0.00001683     -0.00003398      0.00000586
    -0.00008666     -0.00011723     -0.00027986
     0.00025219      0.00010947      0.00014263
     0.00005070     -0.00009066     -0.00000344
     0.00019240     -0.00033196      0.00105575
    -0.00012610     -0.00015912      0.00011215
     0.00005821     -0.00003206     -0.00014557
     0.00008150      0.00012748     -0.00014006
     0.00005277      0.00002810     -0.00006736
     0.00002565      0.00009082      0.00002003
     0.00038801      0.00066676     -0.00081099
     0.00002160     -0.00006160      0.00003321
    -0.00005250     -0.00009483     -0.00010509
    -0.00007717     -0.00014585     -0.00000057
     0.00024289      0.00161328      0.00147614
     0.00007141      0.00015208     -0.00024410
     0.00006213      0.00004488     -0.00010769
    -0.00009026      0.00009685     -0.00007863
     0.00014286     -0.00015846     -0.00012037
    -0.01683389     -0.01445544      0.01396834
     0.00006479     -0.00005161      0.00001932
    -0.00000372     -0.00005122     -0.00001726
     0.00000774     -0.00001757     -0.00000687
     0.00008142      0.00028249      0.00025054
     0.00019678     -0.00035047     -0.00014608
    -0.00004318     -0.00011977      0.00006478
1  0.00000000  0.00000000  -0.00165242
     0.37498623      0.38053933     -0.38053283
     0.00004459     -0.00003234     -0.00001361
     0.00005726     -0.00001764      0.00002456
    -0.00002276     -0.00003296      0.00007289
     0.00015648      0.00016665     -0.00015973
    -0.00002276     -0.00006598      0.00003988
     0.00008021     -0.00002170      0.00002862
     0.00004459      0.00002053      0.00003926
     0.00029413      0.00027982     -0.00024680
    -0.00011359      0.00006980      0.00003929
    -0.00005848     -0.00009077      0.00004196
     0.00004300      0.00002995      0.00001774
     0.00000456      0.00005785      0.00001182
     0.00006615      0.00018573      0.00000216
     0.00001018      0.00000254     -0.00005115
     0.00009146      0.00000946     -0.00000481
    -0.00035851      0.00045416      0.00039527
    -0.00002047      0.00005145      0.00005618
     0.00001404     -0.00001314      0.00018475
     0.00000643      0.00000464     -0.00004393
    -0.00002270      0.00025753     -0.00013286
     0.00003071      0.00000818     -0.00000881
     0.00004068      0.00014734     -0.00000854
     0.00006390      0.00007253      0.00017091
    -0.00113944     -0.00059299      0.00037827
     0.00008135     -0.00027514     -0.00020205
    -0.00004980      0.00003938      0.00004920
    -0.00004062      0.00001771      0.00008894
     0.00024453     -0.00013864     -0.00019130
     0.00015149     -0.00001421     -0.00008114
     0.00005886      0.00008636      0.00009892
     0.00005224      0.00002435     -0.00000726
    -0.00007375      0.00049697     -0.00114596
    -0.00008234     -0.00004923      0.00007756
    -0.00021424      0.00004109      0.00005284
    -0.00003167     -0.00000731      0.00003207
     0.00033959      0.00013319     -0.00020179
     0.00001115      0.00014264      0.00002175
     0.00005974      0.00000626     -0.00005737
    -0.00005032     -0.00001685      0.00007059
     0.00017905     -0.00000302     -0.00047469
     0.00006582     -0.00002148     -0.00007490
     0.00004501      0.00001804      0.00004686
     0.00000091      0.00000423     -0.00005106
    -0.00030264     -0.00034384      0.00012787
     0.00002693     -0.00000595     -0.00003323
     0.00011781      0.00004066      0.00003917
     0.00002511      0.00006507     -0.00005307
     0.00006186     -0.00016958     -0.00007120
    -0.00036055     -0.00039395     -0.00045284
     0.00002867      0.00001013     -0.00000685
     0.00001200     -0.00018342      0.00001446
     0.00000439      0.00004526     -0.00000331
    -0.00002474      0.00013419     -0.00025621
    -0.00002251     -0.00005485     -0.00005012
     0.00003864      0.00000987     -0.00014601
     0.00007639      0.00019962      0.00027709
     0.00005389     -0.00010135     -0.00008441
    -0.00004559     -0.00009137     -0.00001576
     0.00023957      0.00018887      0.00014060
     0.00014653      0.00007871      0.00001616
    -0.00005476     -0.00005162     -0.00003743
     0.00004728      0.00000484     -0.00002240
    -0.00114441     -0.00038070      0.00059494
     0.00000029      0.00005068      0.00000206
    -0.00030327     -0.00012826      0.00035013
     0.00006519      0.00007452      0.00002777
     0.00011718     -0.00003955     -0.00003437
     0.00002448      0.00005268     -0.00005878
     0.00017843      0.00047430      0.00000931
     0.00002630      0.00003284      0.00001224
     0.00004438     -0.00004724     -0.00001175
    -0.00679071     -0.00876783      0.00877474
    -0.00000929     -0.00004972     -0.00002741
     0.00003339     -0.00002794      0.00003486
    -0.00002579      0.00006787     -0.00002121
    -0.00000920     -0.00005503      0.00006195
    -0.00002579      0.00002812     -0.00006096
     0.00006100      0.00004365     -0.00003674
    -0.00000929      0.00003433      0.00005663
     0.00001053     -0.00001546     -0.00014302
    -0.00021487     -0.00004655     -0.00004148
    -0.00005094     -0.00006430      0.00001646
    -0.00007438      0.00115226     -0.00049737
    -0.00008297     -0.00007127      0.00004885
     0.00005912      0.00006366     -0.00000665
    -0.00003230     -0.00002578      0.00000693
     0.00033896      0.00020807     -0.00013358
    -0.00011856     -0.00003733     -0.00007222
     0.00000521      0.00005310     -0.00000497
     0.00003803     -0.00001579     -0.00003238
    -0.00000040     -0.00000987     -0.00006027
     0.00006119     -0.00000021     -0.00018816
    -0.00006345     -0.00004001      0.00008835
     0.00008649      0.00000676     -0.00001189
     0.00028917      0.00024875     -0.00028224
    -0.33861173     -0.35291307      0.35291191
    -0.00024387      0.00029957     -0.00005689
     0.00004803      0.00005833     -0.00006000
    -0.00001001     -0.00003145      0.00006613
    -0.00056655     -0.00010924      0.00010757
    -0.00001001     -0.00006780      0.00002977
     0.00010535      0.00005591     -0.00005758
    -0.00024387      0.00005522     -0.00030125
     0.00201855     -0.00173317      0.00028460
     0.00011089     -0.00012660     -0.00011089
     0.00031307     -0.00008659     -0.00025118
    -0.00007304     -0.00001669      0.00010709
    -0.00030491      0.00005446      0.00007153
     0.00014516      0.00001102      0.00009678
     0.00027046     -0.00002464      0.00000935
    -0.00014998     -0.00005146     -0.00019217
    -0.00169363      0.00082564     -0.00082587
     0.00017569      0.00012020      0.00004841
     0.00079421      0.00010014     -0.00010036
    -0.00001865      0.00004902     -0.00000957
     0.00045531      0.00040885     -0.00040907
    -0.00001865      0.00000934     -0.00004925
     0.00062079     -0.00078441      0.00078419
     0.00017568     -0.00004863     -0.00012042
     0.00118589      0.00652154     -0.00008786
    -0.00023002      0.00034397      0.00036462
    -0.00008319     -0.00005442      0.00004089
     0.00007125      0.00011134     -0.00016069
    -0.00037347     -0.00035937      0.00022190
    -0.00010218      0.00006043      0.00002772
     0.00000102     -0.00000032     -0.00001833
     0.00006094      0.00003087     -0.00000110
     0.00007198      0.00015694     -0.00011229
    -0.00037274     -0.00022565      0.00035842
    -0.00022929     -0.00036837     -0.00034492
     0.00000174      0.00001458     -0.00000062
     0.00006167     -0.00000265     -0.00003182
     0.00118660      0.00008410     -0.00652250
    -0.00010145     -0.00003148     -0.00006138
    -0.00008246     -0.00004464      0.00005347
     0.00014588     -0.00009773     -0.00001478
     0.00031379      0.00025023      0.00008284
    -0.00014926      0.00019123      0.00004771
     0.00201928     -0.00028554      0.00172942
     0.00011162      0.00010994      0.00012285
     0.00027119     -0.00001029      0.00002089
    -0.00007231     -0.00010804      0.00001294
    -0.00030419     -0.00007247     -0.00005822
    -0.01471629     -0.00419424      0.01964643
    -0.00012522     -0.00003478     -0.00022886
    -0.00003848      0.00004654      0.00000816
    -0.00006295     -0.00004249     -0.00015903
     0.00012645      0.00035209      0.00023528
    -0.00018070     -0.00004197     -0.00001087
     0.00003235      0.00005960     -0.00002963
     0.00005713      0.00012107      0.00033565
    -0.00091908     -0.00007704      0.00007550
    -0.00009164      0.00001903      0.00009292
    -0.00149577      0.00080454     -0.00080608
     0.00037225      0.00008171      0.00009262
    -0.00036348     -0.00067427      0.00067273
     0.00037225     -0.00009416     -0.00008325
     0.00002510      0.00007231     -0.00007385
    -0.00009164     -0.00009446     -0.00002057
    -0.00158937     -0.00157118      0.00156964
     0.00006084     -0.00016813      0.00010081
    -0.00016634     -0.00017344      0.00017191
    -0.00007161     -0.00010015      0.00006368
    -0.00052172     -0.00044463      0.00044309
    -0.00007161     -0.00006522      0.00009861
     0.00000162     -0.00022177      0.00022023
     0.00006084     -0.00010235      0.00016659
     0.00006207     -0.00034213     -0.00012755
    -0.01471146     -0.01965304      0.00418781
    -0.00017576      0.00000438      0.00003549
    -0.00003354     -0.00001464     -0.00005303
    -0.00005801      0.00015255      0.00003601
     0.00013139     -0.00024177     -0.00035858
    -0.00012028      0.00022237      0.00002830
     0.00003730      0.00002315     -0.00006609
97  -0.00165242  0.00000000  0.00000000
     0.13712515      0.04202290     -0.13862451
    -0.00007128      0.00035115     -0.00019797
    -0.00008816      0.00006041      0.00002726
    -0.00002629      0.00001066     -0.00004599
     0.00002751      0.00024445     -0.00029084
     0.00003906     -0.00006542      0.00000802
    -0.00015155     -0.00001983     -0.00005024
     0.00004044     -0.00003403      0.00000334
    -0.00238377      0.00336878      0.00253140
     0.00012212      0.00032990     -0.00130637
    -0.00004710     -0.00006644     -0.00022121
     0.00000560     -0.00003351     -0.00003547
     0.00013638     -0.00009653      0.00003792
    -0.00022796     -0.00026448      0.00007051
    -0.00009483      0.00006122      0.00016931
     0.00000390      0.00001782      0.00006165
     0.00067996      0.00035552      0.00035552
    -0.00020632      0.00050319      0.00050319
    -0.00016299     -0.00013840      0.00021503
     0.00000342      0.00004016      0.00002068
    -0.00016299      0.00021503     -0.00013840
     0.00000342      0.00002068      0.00004016
     0.00075974     -0.00005116     -0.00005116
    -0.00047894      0.00024632      0.00024632
    -0.00238377      0.00253140      0.00336878
     0.00012212     -0.00130637      0.00032990
     0.00013638      0.00003792     -0.00009653
    -0.00022796      0.00007051     -0.00026448
    -0.00004710     -0.00022121     -0.00006644
     0.00000560     -0.00003547     -0.00003351
    -0.00009483      0.00016931      0.00006122
     0.00000390      0.00006165      0.00001782
    -0.00207328      0.00307619     -0.00293768
    -0.00014968      0.00018271     -0.00012928
     0.00026749      0.00004560      0.00016076
     0.00002938     -0.00004947     -0.00006744
    -0.00013054     -0.00001581      0.00015206
     0.00011036      0.00004317     -0.00019781
     0.00009055      0.00005253     -0.00009974
    -0.00000703     -0.00007113      0.00021632
    -0.00207328     -0.00293768      0.00307619
    -0.00014968     -0.00012928      0.00018271
    -0.00013054      0.00015206     -0.00001581
     0.00011036     -0.00019781      0.00004317
     0.00026749      0.00016076      0.00004560
     0.00002938     -0.00006744     -0.00004947
     0.00009055     -0.00009974      0.00005253
    -0.00000703      0.00021632     -0.00007113
     0.00081751     -0.00071850     -0.00071850
     0.00187749      0.00081193      0.00081193
     0.00007027     -0.00003187      0.00003908
     0.00007715     -0.00013573     -0.00005512
     0.00007027      0.00003908     -0.00003187
     0.00007715     -0.00005512     -0.00013573
    -0.00010077      0.00022099      0.00022099
    -0.00137027     -0.00043263     -0.00043263
    -0.00057245      0.00079352     -0.00077300
    -0.00026082      0.00017139      0.00010495
    -0.00001963     -0.00004535      0.00007504
     0.00017760      0.00012824      0.00022476
     0.00000792      0.00001605     -0.00002641
     0.00000329     -0.00007777     -0.00002863
     0.00013712     -0.00002212     -0.00007419
     0.00405202      0.00557112     -0.00211412
    -0.00017659     -0.00011506     -0.00019831
    -0.00003929     -0.00003188      0.00011638
     0.00015051      0.00015632      0.00001718
     0.00003099      0.00027575     -0.00002026
     0.00007189     -0.00004868      0.00028734
    -0.00044401     -0.00044519     -0.00055828
    -0.00003153     -0.00006667     -0.00005427
     0.00012173     -0.00006265     -0.00001021
     0.13712515     -0.13862451      0.04202290
    -0.00007128     -0.00019797      0.00035115
     0.00002751     -0.00029084      0.00024445
     0.00003906      0.00000802     -0.00006542
    -0.00008816      0.00002726      0.00006041
    -0.00002629     -0.00004599      0.00001066
    -0.00015155     -0.00005024     -0.00001983
     0.00004044      0.00000334     -0.00003403
    -0.00017659     -0.00019831     -0.00011506
    -0.00003929      0.00011638     -0.00003188
     0.00007189      0.00028734     -0.00004868
    -0.00044401     -0.00055828     -0.00044519
     0.00015051      0.00001718      0.00015632
     0.00003099     -0.00002026      0.00027575
    -0.00003153     -0.00005427     -0.00006667
     0.00012173     -0.00001021     -0.00006265
    -0.00057245     -0.00077300      0.00079352
    -0.00026082      0.00010495      0.00017139
     0.00000792     -0.00002641      0.00001605
     0.00000329     -0.00002863     -0.00007777
    -0.00001963      0.00007504     -0.00004535
     0.00017760      0.00022476      0.00012824
     0.00013712     -0.00007419     -0.00002212
     0.00405202     -0.00211412      0.00557112
    -0.55886889      0.29756038      0.29756038
     0.00042640     -0.00085174     -0.00085174
     0.00030591     -0.00009400      0.00002984
    -0.00012205     -0.00022967     -0.00026646
     0.00030591      0.00002984     -0.00009400
    -0.00012205     -0.00026646     -0.00022967
     0.00025159      0.00011935      0.00011935
     0.00020778     -0.00069767     -0.00069767
     0.04580852     -0.04338090      0.00659046
     0.00038814     -0.00162314      0.00026992
     0.00047917     -0.00085104      0.00090820
    -0.00002717     -0.00003806     -0.00002912
     0.00006046      0.00011626      0.00003636
    -0.00005714     -0.00030645     -0.00017273
    -0.00034714     -0.00016014      0.00024740
    -0.00044873     -0.00036407     -0.00091159
     0.00185505     -0.00175666     -0.00175666
    -0.00099028     -0.00039471     -0.00039471
    -0.00033777      0.00039858     -0.00027094
    -0.00003936      0.00018290     -0.00004914
    -0.00033777     -0.00027094      0.00039858
    -0.00003936     -0.00004914      0.00018290
     0.00165543     -0.00138926     -0.00138926
     0.00037429     -0.00009721     -0.00009721
     0.04580852      0.00659046     -0.04338090
     0.00038814      0.00026992     -0.00162314
     0.00006046      0.00003636      0.00011626
    -0.00005714     -0.00017273     -0.00030645
     0.00047917      0.00090820     -0.00085104
    -0.00002717     -0.00002912     -0.00003806
    -0.00034714      0.00024740     -0.00016014
    -0.00044873     -0.00091159     -0.00036407
     0.00043873     -0.00051062     -0.00025219
     0.00041458     -0.00049027     -0.00103311
     0.00042578     -0.00126274     -0.00033086
     0.00056704     -0.00033430     -0.00032261
     0.00107063     -0.00046605     -0.00116251
     0.00460538      0.01064933      0.02388733
     0.00019669     -0.00003541      0.00008056
     0.00036304     -0.00039886      0.00017857
     0.00043873     -0.00025219     -0.00051062
     0.00041458     -0.00103311     -0.00049027
     0.00107063     -0.00116251     -0.00046605
     0.00460538      0.02388733      0.01064933
     0.00042578     -0.00033086     -0.00126274
     0.00056704     -0.00032261     -0.00033430
     0.00019669      0.00008056     -0.00003541
     0.00036304      0.00017857     -0.00039886
     0.15029108     -0.08820737     -0.08820737
    -0.00053423      0.00104008      0.00104008
     0.00009881     -0.00003992      0.00026939
    -0.00000300      0.00021165     -0.00020370
     0.00009881      0.00026939     -0.00003992
    -0.00000300     -0.00020370      0.00021165
     0.00014514      0.00018717      0.00018717
     0.00001383      0.00041515      0.00041515
     0.00035574      0.00083700     -0.00033235
    -0.00004421      0.00019786     -0.00026155
    -0.00440269     -0.01037123     -0.01626670
    -0.00096763      0.00137749      0.00100801
    -0.00032841      0.00027769     -0.00017260
     0.00012710      0.00087136      0.00094451
    -0.00023919      0.00001622      0.00013142
     0.00006570      0.00029948      0.00012278
     0.00035574     -0.00033235      0.00083700
    -0.00004421     -0.00026155      0.00019786
    -0.00032841     -0.00017260      0.00027769
     0.00012710      0.00094451      0.00087136
    -0.00440269     -0.01626670     -0.01037123
    -0.00096763      0.00100801      0.00137749
    -0.00023919      0.00013142      0.00001622
     0.00006570      0.00012278      0.00029948
    -0.00112223      0.00066235      0.00066235
     0.03934320     -0.08718444     -0.08718444
     0.00000860      0.00014373      0.00016773
    -0.00077618      0.00080732     -0.00024929
     0.00000860      0.00016773      0.00014373
    -0.00077618     -0.00024929      0.00080732
    -0.00131688      0.00010731      0.00010731
    -0.00047455      0.00003291      0.00003291
97  0.00000000  0.00000000  -0.00165242
    -0.28264084     -0.31477620      0.31478362
     0.00009699     -0.00005646     -0.00007414
     0.00019641     -0.00000035      0.00000727
    -0.00004159     -0.00002969      0.00004638
    -0.00004231     -0.00028013      0.00028705
    -0.00004159     -0.00003946      0.00003660
     0.00013246      0.00003444     -0.00002752
     0.00009699      0.00008105      0.00006338
     0.00492504     -0.00416669      0.00357155
     0.00068026      0.00018961      0.00070979
     0.00019747      0.00013495     -0.00017757
     0.00008949      0.00000457     -0.00005077
    -0.00012896     -0.00015850      0.00003081
     0.00020717      0.00022846     -0.00002885
     0.00035816      0.00003908      0.00011501
    -0.00006123      0.00003299     -0.00005875
    -0.00133313      0.00051774     -0.00011502
     0.00017948     -0.00015297     -0.00012192
     0.00001818      0.00004598     -0.00040848
    -0.00004902     -0.00003817      0.00005505
     0.00007421      0.00006970     -0.00002052
    -0.00002052     -0.00003479     -0.00001418
     0.00030320     -0.00008725     -0.00030736
    -0.00017688     -0.00065498     -0.00030036
    -0.00702788     -0.00820528      0.00667128
    -0.00018294     -0.00014555      0.00028505
     0.00000893     -0.00009546      0.00017766
     0.00004045      0.00005172     -0.00001718
    -0.00032017      0.00063702      0.00003187
    -0.00007857      0.00006524      0.00004494
    -0.00000506     -0.00019221      0.00007326
    -0.00006054     -0.00006841     -0.00004306
     0.00282668     -0.00287101      0.00009891
     0.00017888      0.00018560     -0.00016135
     0.00033197      0.00003257      0.00028778
    -0.00006712     -0.00000552      0.00013236
     0.00006148     -0.00030817     -0.00001480
     0.00012206      0.00006565     -0.00006060
    -0.00005678      0.00010893      0.00003233
    -0.00004068     -0.00003446     -0.00007135
    -0.00043833      0.00241408     -0.00076766
    -0.00014842      0.00028215     -0.00020114
     0.00001316     -0.00018258      0.00025977
    -0.00005404      0.00005120     -0.00017998
    -0.00047499     -0.00027599     -0.00015921
     0.00007066     -0.00010633     -0.00001081
    -0.00003356      0.00009467      0.00010502
    -0.00002660      0.00015430      0.00005719
    -0.00017892      0.00030168      0.00065631
    -0.00133516      0.00011634     -0.00051642
    -0.00002256      0.00001550      0.00003611
     0.00001614      0.00040981     -0.00004465
    -0.00005106     -0.00005372      0.00003949
     0.00007217      0.00002184     -0.00006838
     0.00017744      0.00012324      0.00015429
     0.00030116      0.00030869      0.00008857
    -0.00018791     -0.00028748      0.00014750
    -0.00001002     -0.00007569      0.00019416
     0.00003548      0.00001475     -0.00004977
    -0.00032513     -0.00003429     -0.00063507
    -0.00008354     -0.00004737     -0.00006329
     0.00000397     -0.00018008      0.00009741
    -0.00006551      0.00004064      0.00007036
    -0.00703285     -0.00667371      0.00820722
    -0.00005466      0.00017960     -0.00004491
    -0.00047562      0.00015882      0.00028228
    -0.00014904      0.00020076     -0.00027586
    -0.00003418     -0.00010541     -0.00008838
    -0.00002723     -0.00005758     -0.00014801
    -0.00043895      0.00076728     -0.00240779
     0.00007003      0.00001042      0.00011262
     0.00001254     -0.00026016      0.00018887
     0.03146451     -0.15687633      0.15688310
    -0.00006212      0.00026073     -0.00027963
     0.00000876      0.00020490     -0.00019798
     0.00002520     -0.00001393      0.00004947
    -0.00004987     -0.00000888      0.00001580
     0.00002520     -0.00004256      0.00002085
     0.00016112      0.00008423     -0.00007731
    -0.00006212      0.00028655     -0.00025382
     0.00012144      0.00006689     -0.00006604
     0.00033134     -0.00028149     -0.00003295
    -0.00004131      0.00007764      0.00003408
     0.00282606     -0.00009262      0.00287063
     0.00017825      0.00016764     -0.00018599
    -0.00005741     -0.00002604     -0.00010931
    -0.00006774     -0.00012607      0.00000513
     0.00006086      0.00002109      0.00030779
     0.00067529     -0.00070783     -0.00019204
     0.00035319     -0.00011306     -0.00004151
     0.00008453      0.00005272     -0.00000699
    -0.00013392     -0.00002886      0.00015608
     0.00020221      0.00003080     -0.00023088
     0.00019250      0.00017952     -0.00013738
    -0.00006619      0.00006070     -0.00003541
     0.00492008     -0.00356960      0.00416427
     0.55390258      0.72144615     -0.72144763
    -0.00030188     -0.00041280      0.00049765
    -0.00019871     -0.00000092     -0.00000075
     0.00011399      0.00005780     -0.00001578
    -0.00043995     -0.00013521      0.00013354
     0.00011399      0.00001410     -0.00005947
    -0.00024563     -0.00001127      0.00000960
    -0.00030188     -0.00049932      0.00041113
     0.00935599     -0.00673829     -0.02037135
    -0.00067729      0.00064306      0.00006000
    -0.00075779      0.00003462     -0.00065786
    -0.00010352     -0.00012245     -0.00006800
    -0.00068895     -0.00053182      0.00027415
    -0.00040417      0.00009099     -0.00025392
    -0.00015977     -0.00021830     -0.00033705
    -0.00021126     -0.00027945      0.00009711
    -0.00181842     -0.00173160      0.00173138
     0.00029196      0.00027452      0.00017904
     0.00070162     -0.00060620      0.00060598
     0.00002862      0.00006372     -0.00006868
    -0.00012589      0.00011671     -0.00011693
     0.00002862      0.00006846     -0.00006394
    -0.00179180     -0.00131466      0.00131444
     0.00029196     -0.00017926     -0.00027475
    -0.06138515      0.03773416      0.06305486
    -0.00013131     -0.00068728     -0.00036424
     0.00025371     -0.00013297      0.00003033
     0.00004861      0.00011192     -0.00028313
    -0.00014856     -0.00132758      0.00026946
    -0.00006942      0.00016665      0.00013065
    -0.00008923     -0.00032696      0.00001058
    -0.00040883     -0.00024279      0.00016353
     0.00004933      0.00027938     -0.00011286
    -0.00014783     -0.00027321      0.00132663
    -0.00013059      0.00036049      0.00068633
    -0.00008851     -0.00001433      0.00032602
    -0.00040810     -0.00016728      0.00024184
    -0.06138451     -0.06305862     -0.03773512
    -0.00006869     -0.00013440     -0.00016760
     0.00025443     -0.00003408      0.00013202
    -0.00040345      0.00025297     -0.00009474
    -0.00075707      0.00065691     -0.00003837
    -0.00021053     -0.00009806      0.00027570
     0.00935672      0.02037043      0.00673453
    -0.00067657     -0.00006095     -0.00064681
    -0.00015904      0.00033611      0.00021455
    -0.00010279      0.00006705      0.00011870
    -0.00068823     -0.00027510      0.00052808
    -0.10213486     -0.09987367      0.11675474
     0.00086879     -0.00076723     -0.00013122
     0.00020194     -0.00036124      0.00040137
    -0.00009559     -0.00004759      0.00030724
     0.00043338      0.00011910      0.00015623
     0.00005195      0.00009545     -0.00006466
     0.00017918     -0.00021714      0.00007083
     0.00060064      0.00050550     -0.00024819
    -0.00022292     -0.00021029      0.00020875
     0.00007497      0.00004524      0.00016811
     0.00400573     -0.00117910      0.00117755
    -0.00033884     -0.00037766     -0.00035527
     0.00065111      0.00079426     -0.00079580
    -0.00033884      0.00035373      0.00037612
     0.00011289     -0.00005573      0.00005420
     0.00007497     -0.00016965     -0.00004678
    -0.00025060      0.00129028     -0.00129182
    -0.00009121      0.00035545     -0.00014712
     0.00017145      0.00107516     -0.00107670
     0.00108291     -0.00012410     -0.00041454
     0.00535692      0.00512986     -0.00513141
     0.00108292      0.00041301      0.00012256
     0.00039838     -0.00022685      0.00022531
    -0.00009121      0.00014558     -0.00035699
     0.00060558      0.00024171     -0.00051198
    -0.10213021     -0.11676151      0.09986697
     0.00005689      0.00005818     -0.00010194
     0.00020688     -0.00040785      0.00035476
    -0.00009065     -0.00031372      0.00004110
     0.00043832     -0.00016271     -0.00012558
     0.00087374      0.00012473      0.00076074
     0.00018412     -0.00007731      0.00021065
145  -0.00165242  0.00000000  0.00000000
     0.02526890     -0.01815001     -0.02501776
     0.00037133     -0.00054399     -0.00008895
     0.00006005     -0.00003122     -0.00008043
    -0.00002268     -0.00005438      0.00006673
     0.00013001      0.00041071      0.00010741
     0.00006082      0.00002616     -0.00004038
    -0.00003816      0.00001624     -0.00004735
     0.00009559      0.00006110     -0.00026771
     0.04168133     -0.03933727      0.04284908
    -0.00022370     -0.00018220      0.00037712
    -0.00002302     -0.00026238      0.00029602
     0.00011335     -0.00007432     -0.00002684
     0.00000869     -0.00004809      0.00009027
     0.00005477      0.00014214      0.00004021
    -0.00003629      0.00000153      0.00004324
     0.00003965     -0.00008721     -0.00004040
     0.00013798     -0.00084318     -0.00084318
     0.00020322     -0.00041739     -0.00041739
    -0.00000057     -0.00001708      0.00037183
     0.00002941     -0.00002783     -0.00009569
    -0.00000057      0.00037183     -0.00001708
     0.00002941     -0.00009569     -0.00002783
    -0.00122887     -0.00051355     -0.00051355
     0.00014231      0.00014546      0.00014546
     0.04168133      0.04284908     -0.03933727
    -0.00022370      0.00037712     -0.00018220
     0.00000869      0.00009027     -0.00004809
     0.00005477      0.00004021      0.00014214
    -0.00002302      0.00029602     -0.00026238
     0.00011335     -0.00002684     -0.00007432
    -0.00003629      0.00004324      0.00000153
     0.00003965     -0.00004040     -0.00008721
    -0.01305291      0.01185049     -0.01039180
    -0.00002132     -0.00002631      0.00003693
    -0.00021819     -0.00018649     -0.00003011
    -0.00008335     -0.00001594      0.00008765
    -0.00007290      0.00005389     -0.00000582
    -0.00000769     -0.00008827     -0.00004103
    -0.00007035     -0.00006114      0.00001573
     0.00001170      0.00002988     -0.00021270
    -0.01305291     -0.01039180      0.01185049
    -0.00002132      0.00003693     -0.00002631
    -0.00007290     -0.00000582      0.00005389
    -0.00000769     -0.00004103     -0.00008827
    -0.00021819     -0.00003011     -0.00018649
    -0.00008335      0.00008765     -0.00001594
    -0.00007035      0.00001573     -0.00006114
     0.00001170     -0.00021270      0.00002988
    -0.00095122     -0.00034900     -0.00034900
    -0.00010589     -0.00001188     -0.00001188
    -0.00007268     -0.00023855     -0.00003888
    -0.00012259     -0.00010233      0.00010516
    -0.00007268     -0.00003888     -0.00023855
    -0.00012259      0.00010516     -0.00010233
    -0.00010392     -0.00015893     -0.00015893
     0.00014942     -0.00018595     -0.00018595
    -0.00057249     -0.00038200     -0.00070095
     0.00009581      0.00000109      0.00002766
    -0.00004826      0.00002809     -0.00023009
    -0.00002222     -0.00000983     -0.00004684
    -0.00005572      0.00005981     -0.00000995
     0.00007089     -0.00006642      0.00000855
     0.00008046     -0.00001375     -0.00011988
    -0.00172522     -0.00024059      0.00142146
     0.00027939     -0.00004809      0.00010923
    -0.00017241      0.00004263     -0.00030995
     0.00022380     -0.00025624      0.00047740
     0.00003662     -0.00014612      0.00003548
    -0.00016762     -0.00002955     -0.00007337
     0.00026868     -0.00016632      0.00098644
    -0.00000119      0.00006507      0.00002902
    -0.00000909     -0.00005403     -0.00004679
     0.02526890     -0.02501776     -0.01815001
     0.00037133     -0.00008895     -0.00054399
     0.00013001      0.00010741      0.00041071
     0.00006082     -0.00004038      0.00002616
     0.00006005     -0.00008043     -0.00003122
    -0.00002268      0.00006673     -0.00005438
    -0.00003816     -0.00004735      0.00001624
     0.00009559     -0.00026771      0.00006110
     0.00027939      0.00010923     -0.00004809
    -0.00017241     -0.00030995      0.00004263
    -0.00016762     -0.00007337     -0.00002955
     0.00026868      0.00098644     -0.00016632
     0.00022380      0.00047740     -0.00025624
     0.00003662      0.00003548     -0.00014612
    -0.00000119      0.00002902      0.00006507
    -0.00000909     -0.00004679     -0.00005403
    -0.00057249     -0.00070095     -0.00038200
     0.00009581      0.00002766      0.00000109
    -0.00005572     -0.00000995      0.00005981
     0.00007089      0.00000855     -0.00006642
    -0.00004826     -0.00023009      0.00002809
    -0.00002222     -0.00004684     -0.00000983
     0.00008046     -0.00011988     -0.00001375
    -0.00172522      0.00142146     -0.00024059
     0.12979284     -0.13745018     -0.13745018
    -0.00175493      0.00030964      0.00030964
    -0.00019541     -0.00001173     -0.00004859
     0.00016291      0.00017468     -0.00001670
    -0.00019541     -0.00004859     -0.00001173
     0.00016291     -0.00001670      0.00017468
    -0.00030288     -0.00004433     -0.00004433
    -0.00029360      0.00027521      0.00027521
     0.13805976     -0.10090180     -0.08104116
     0.00071482      0.00075877      0.00048861
     0.00050234      0.00089428     -0.00014465
    -0.00009934      0.00022312     -0.00011382
     0.00013192     -0.00006163     -0.00036781
     0.00028784      0.00015817      0.00001381
     0.00019404     -0.00026836     -0.00000446
    -0.00007015      0.00059261      0.00066542
     0.00006580      0.00104631      0.00104631
     0.00154741      0.00050229      0.00050229
    -0.00025836     -0.00045686     -0.00014607
     0.00030517      0.00010577      0.00018747
    -0.00025836     -0.00014607     -0.00045686
     0.00030517      0.00018747      0.00010577
     0.00147237      0.00161054      0.00161054
    -0.00037814     -0.00023830     -0.00023830
     0.13805976     -0.08104116     -0.10090180
     0.00071482      0.00048861      0.00075877
     0.00013192     -0.00036781     -0.00006163
     0.00028784      0.00001381      0.00015817
     0.00050234     -0.00014465      0.00089428
    -0.00009934     -0.00011382      0.00022312
     0.00019404     -0.00000446     -0.00026836
    -0.00007015      0.00066542      0.00059261
    -0.00017698      0.00038405     -0.00004200
    -0.00015318      0.00020293      0.00147659
    -0.00030676     -0.00025592      0.00022762
    -0.00015137     -0.00024091      0.00008585
    -0.00125159      0.00053636      0.00132242
     0.01387288      0.00466401     -0.01322623
    -0.00010725      0.00020851      0.00003490
    -0.00000913      0.00023380      0.00012587
    -0.00017698     -0.00004200      0.00038405
    -0.00015318      0.00147659      0.00020293
    -0.00125159      0.00132242      0.00053636
     0.01387288     -0.01322623      0.00466401
    -0.00030676      0.00022762     -0.00025592
    -0.00015137      0.00008585     -0.00024091
    -0.00010725      0.00003490      0.00020851
    -0.00000913      0.00012587      0.00023380
    -0.48636596      0.39517109      0.39517109
     0.00041273     -0.00003542     -0.00003542
    -0.00004053     -0.00051829     -0.00003751
    -0.00005260     -0.00006672      0.00055254
    -0.00004053     -0.00003751     -0.00051829
    -0.00005260      0.00055254     -0.00006672
    -0.00066430     -0.00003220     -0.00003220
    -0.00079944     -0.00013645     -0.00013645
     0.00032576     -0.00094756      0.00069606
    -0.00005543     -0.00027665      0.00016993
    -0.01500089      0.02421436      0.01391087
     0.00079457     -0.00123970     -0.00123774
     0.00022401      0.00024097     -0.00003160
    -0.00041017     -0.00094607     -0.00000946
     0.00035644      0.00034050     -0.00014878
    -0.00007822      0.00000789     -0.00017040
     0.00032576      0.00069606     -0.00094756
    -0.00005543      0.00016993     -0.00027665
     0.00022401     -0.00003160      0.00024097
    -0.00041017     -0.00000946     -0.00094607
    -0.01500089      0.01391087      0.02421436
     0.00079457     -0.00123774     -0.00123970
     0.00035644     -0.00014878      0.00034050
    -0.00007822     -0.00017040      0.00000789
     0.00133890     -0.00125879     -0.00125879
    -0.02264012     -0.06822626     -0.06822626
    -0.00015255      0.00010332     -0.00022621
     0.00056673     -0.00092701      0.00021628
    -0.00015255     -0.00022621      0.00010332
     0.00056673      0.00021628     -0.00092701
    -0.00004524     -0.00062042     -0.00062042
     0.00023165     -0.00008408     -0.00008408
