    3    9   27
 12.011  1.000 14.001
    1    1  0.0080  0.0000  0.0000
 -0.462055897541  -0.066971919477  -0.000008752079
  0.034268605851   0.082891551917   0.000003482253
 -0.059297986453  -0.028854631759  -0.000003111166
 -0.001886073515   0.001580467220  -0.000000271849
  0.079973477848   0.081675701320   0.000003511995
  0.000144628070   0.003219420511  -0.000000216788
  0.217691657800  -0.002491109729   0.000006025808
  0.134422127885  -0.040043103217   0.000000012899
  0.056739460054  -0.031006376787  -0.000000681074
    1    2  0.0000  0.0080  0.0000
 -0.066963398520  -0.562374097411  -0.000011209978
  0.041326378612  -0.018834254862  -0.000000255625
  0.012692695494   0.074768670134   0.000002732760
  0.001710646012   0.003743929590  -0.000000165151
  0.081729038616   0.202474354283   0.000007178825
  0.003116649782   0.001712380449  -0.000000103833
  0.022253966894   0.102516960990   0.000000882865
 -0.064890249644   0.185715498245   0.000002317006
 -0.030975727246   0.010276558582  -0.000001376869
    1    3  0.0000  0.0000  0.0080
  0.000012908079  -0.000049891991  -0.135896631072
 -0.000004429163   0.000002400802  -0.004574418850
 -0.000002538162   0.000011439630  -0.004583239696
 -0.000009283635  -0.000002654917  -0.008705553479
 -0.000002015583   0.000010560950   0.036945199673
 -0.000006388362  -0.000003326978  -0.008705789317
  0.000014894553   0.000017427759   0.056865180890
  0.000009365018   0.000014769059   0.056862945250
 -0.000012512745  -0.000000724314   0.011792306601
    2    1  0.0080  0.0000  0.0000
  0.034261763964   0.041310623801   0.000013751877
 -0.595251744498  -0.009969186770  -0.000027598485
  0.048211737870  -0.033265117450  -0.000001775902
  0.242656383699   0.012198633985   0.000003236151
  0.004065506635  -0.000848389364   0.000008723073
  0.003764193497   0.001562664109  -0.000001243293
  0.127407759932   0.060765530484   0.000001636616
 -0.004941576030  -0.004619875085   0.000012881664
  0.139825974931  -0.067134883710  -0.000009611702
    2    2  0.0000  0.0080  0.0000
  0.082896725499  -0.018794737901   0.000000586640
 -0.009988638094  -0.429179730438  -0.000003986641
 -0.074838773630  -0.032795710500  -0.000003637513
  0.012170472327   0.039850136068  -0.000000495235
 -0.000973514336  -0.002218017865  -0.000000594921
  0.001669111473  -0.001912666704  -0.000000623951
  0.036096365924   0.192762460947   0.000004192509
 -0.004629067940   0.071974976910   0.000001106108
 -0.042402681222   0.180313289482   0.000003453005
    2    3  0.0000  0.0000  0.0080
  0.000033435332  -0.000003712084  -0.004572198797
 -0.000009136012  -0.000015227241  -0.135904414198
 -0.000021019214  -0.000010142979  -0.004574519055
 -0.000006275930   0.000004210430   0.036947763920
  0.000000523201   0.000005912830  -0.008704213209
 -0.000002147469   0.000005362893  -0.008704511648
 -0.000005318130  -0.000006700271   0.056857419714
 -0.000007535087   0.000030423992   0.011797725660
  0.000017473310  -0.000010127570   0.056856947612
    3    1  0.0080  0.0000  0.0000
 -0.059324063677   0.012727479791  -0.000000355171
  0.048240429354  -0.074826909457   0.000005943250
 -0.479316300417   0.076940593799  -0.000018560235
 -0.001432146622  -0.002206101370   0.000006675947
  0.000900968230  -0.003324142228  -0.000001568513
  0.101066884605  -0.093876779103  -0.000003632250
  0.048723549705   0.035627452136   0.000009205519
  0.122701662430   0.032489959289  -0.000000045484
  0.218439016393   0.016448447143   0.000002336938
    3    2  0.0000  0.0080  0.0000
 -0.028853071952   0.074785356350   0.000002043821
 -0.033227834972  -0.032790878564  -0.000002432940
  0.076910539585  -0.545098294181  -0.000008641663
 -0.002323802939   0.003281801209  -0.000000228017
 -0.003207516346   0.000947014031  -0.000000458434
 -0.093910292060   0.181349428376   0.000002641134
  0.035627827759   0.018296590166   0.000000295168
  0.057340166160   0.197432154783   0.000005917828
 -0.008356015235   0.101796827829   0.000000863103
    3    3  0.0000  0.0000  0.0080
  0.000002134797   0.000018444056  -0.004576291787
 -0.000006797132  -0.000017159742  -0.004584423052
 -0.000019489675  -0.000025438909  -0.135896333620
  0.000011325937  -0.000004013226  -0.008704068768
  0.000007778578  -0.000002998377  -0.008703972844
  0.000015799789  -0.000014747756   0.036950825352
  0.000020831284   0.000008926472   0.011786333566
 -0.000014495619   0.000019091473   0.056868911202
 -0.000017087961   0.000017896009   0.056859019950
    4    1  0.0080  0.0000  0.0000
 -0.001893852096   0.001710770011  -0.000007715029
  0.242662207351   0.012188063222  -0.000002375982
 -0.001415690014  -0.002337275363  -0.000027728549
 -0.263048786591  -0.012598701136  -0.000012189741
  0.000383323836  -0.000095014991  -0.000006546711
  0.000482616626   0.000157177904   0.000014794283
  0.009269734236   0.006758699227  -0.000012368076
  0.000318566689   0.000086460540   0.000026087924
  0.013241879964  -0.005870179413   0.000028041881
    4    2  0.0000  0.0080  0.0000
  0.001617739859   0.003745460733  -0.000000309036
  0.012172540522   0.040001575356  -0.000000417917
 -0.002230413282   0.003276044757  -0.000000400013
 -0.012605913728  -0.053559935171   0.000005000708
  0.001001561633  -0.000012254862  -0.000000797431
 -0.000936489640  -0.000107546386  -0.000000866937
  0.027148280016   0.005874751533   0.000000102036
  0.000092028315  -0.001109570980  -0.000001015923
 -0.026259333694   0.001891475021  -0.000001295488
    4    3  0.0000  0.0000  0.0080
  0.000012421593  -0.000002816536  -0.008705553400
  0.000003586432   0.000081514637   0.036922379327
 -0.000009174902   0.000000130407  -0.008705604181
 -0.000006460623  -0.000019876080  -0.020217379286
  0.000002010440  -0.000001624220   0.000185121248
 -0.000002841184  -0.000000393248   0.000185098899
 -0.000031528101  -0.000025727285  -0.002492526772
 -0.000003157924  -0.000005663184   0.005322454440
  0.000035144270  -0.000025544491  -0.002493990274
    5    1  0.0080  0.0000  0.0000
  0.080092960460   0.081622886021  -0.000005109011
  0.004083033151  -0.000934238272   0.000051214656
  0.000902848050  -0.003235356985  -0.000008780499
  0.000384128139   0.001001885266  -0.000036111683
 -0.095030785462  -0.084367343100  -0.000019746832
 -0.000295658297  -0.000605143545  -0.000012729661
  0.018651135807   0.023136092624   0.000021857868
 -0.007963076350  -0.017188529115  -0.000008914232
 -0.000824585497   0.000569747106   0.000018319394
    5    2  0.0000  0.0080  0.0000
  0.081712745445   0.202500504224   0.000008082134
 -0.000840177092  -0.002214953479   0.000000602143
 -0.003327218733   0.000958898771   0.000000458580
 -0.000095564636  -0.000001917773   0.000000366680
 -0.084421075827  -0.221575458318  -0.000012019844
  0.000488975772   0.000675471224   0.000000459387
  0.002731097851  -0.003515911056   0.000000456424
  0.003178575650   0.023134405258   0.000001364418
  0.000572641569   0.000038961149   0.000000230078
    5    3  0.0000  0.0000  0.0080
 -0.000030558135   0.000025003687   0.036876599559
  0.000000197306   0.000000757464  -0.008697008026
  0.000011013255   0.000012869287  -0.008696929899
 -0.000000223343  -0.000000265434   0.000191097150
 -0.000009191607  -0.000034320537  -0.020202572918
  0.000001941894   0.000001576381   0.000191140149
  0.000014939023   0.000013153891  -0.002495705263
  0.000007904780  -0.000020168525  -0.002495029922
  0.000003976826   0.000001393787   0.005328409169
    6    1  0.0080  0.0000  0.0000
  0.000120965691   0.003136697811   0.000044440483
  0.003781235102   0.001653924385  -0.000007423573
  0.101200619882  -0.093804247300  -0.000010423235
  0.000481695344  -0.000944911540  -0.000012094848
 -0.000298858658   0.000485916514  -0.000036029784
 -0.116822328801   0.096969164670  -0.000008389249
 -0.000680366078  -0.000656000609   0.000018410994
 -0.009183079296   0.013298459091   0.000019984140
  0.021400116815  -0.020139003022  -0.000008474928
    6    2  0.0000  0.0080  0.0000
  0.003218363249   0.001738291429   0.000000764715
  0.001567699564  -0.001931059041   0.000000519967
 -0.093780995642   0.181433645172   0.000003496602
  0.000151855941  -0.000103542015   0.000000189657
 -0.000611015544   0.000680355182   0.000000241994
  0.096977295705  -0.199744309258  -0.000006364112
 -0.000660476746  -0.000113370507  -0.000000019798
 -0.007069442014   0.024291639812   0.000001122072
  0.000206715489  -0.006251650775   0.000000048903
    6    3  0.0000  0.0000  0.0080
 -0.000013107172   0.000011498566  -0.008696349550
  0.000003202288  -0.000001398454  -0.008696693532
  0.000034286708   0.000036123891   0.036873565657
  0.000001943998  -0.000000108790   0.000191339837
 -0.000002521393   0.000001093116   0.000191395324
  0.000005217474  -0.000029967954  -0.020200991111
 -0.000002346488  -0.000001230715   0.005328859979
 -0.000006581395  -0.000025211767  -0.002494670500
 -0.000020094020   0.000009202106  -0.002496456103
    7    1  0.0080  0.0000  0.0000
  0.217687631013   0.022279829445   0.000001933476
  0.127403630818   0.036043353948  -0.000000579270
  0.048700566953   0.035571290776   0.000004699397
  0.009251733190   0.027197287620   0.000000370149
  0.018693421913   0.002701955094  -0.000000337506
 -0.000690251147  -0.000657996216   0.000014267047
 -0.398132428630  -0.062722036053  -0.000005082736
  0.040858806534  -0.080004104210  -0.000008072300
 -0.063773110644   0.019590419597  -0.000007198255
    7    2  0.0000  0.0080  0.0000
 -0.002475640034   0.102499270323   0.000001312920
  0.060852346741   0.192687497271   0.000006104546
  0.035572072204   0.018299358889   0.000001056420
  0.006727988869   0.005912025116   0.000000358917
  0.023144319461  -0.003526486640   0.000000520425
 -0.000672087235  -0.000126058065  -0.000000176648
 -0.062719363523  -0.344475997358  -0.000011632639
 -0.025116230049  -0.037966615918  -0.000001001679
 -0.035313406434   0.066697006382   0.000003457738
    7    3  0.0000  0.0000  0.0080
  0.000018499540   0.000010978908   0.056844271458
 -0.000001219342  -0.000019188086   0.056848826578
 -0.000002159575   0.000005722102   0.011821039405
 -0.000003200600  -0.000004748778  -0.002514191182
 -0.000004315807  -0.000001099016  -0.002514934868
 -0.000003579280  -0.000001752992   0.005359616156
  0.000005733811  -0.000004414332  -0.061326708811
 -0.000003053126  -0.000001077214  -0.032258942331
 -0.000006705620   0.000015579409  -0.032258976406
    8    1  0.0080  0.0000  0.0000
  0.134400743937  -0.064799439861   0.000005235963
 -0.004921413032  -0.004622284773  -0.000002103825
  0.122698746969   0.057202089490   0.000009511714
  0.000300633357   0.000084898945   0.000004246430
 -0.007942862037   0.003186042436   0.000004768504
 -0.009167455283  -0.007071765368   0.000003752044
  0.040856938630  -0.025127831081  -0.000007567780
 -0.303492543581   0.008176668557  -0.000012056442
  0.027267211040   0.032971621656  -0.000005786609
    8    2  0.0000  0.0080  0.0000
 -0.040166671973   0.185702828171   0.000003958406
 -0.004611429275   0.071904267663   0.000003016310
  0.032569199945   0.197388909262   0.000007519075
  0.000083023452  -0.001126546744   0.000000773409
 -0.017266781833   0.023103662368   0.000001439433
  0.013385679719   0.024328784171   0.000002381042
 -0.079983565642  -0.037967463899  -0.000000956605
  0.008141497508  -0.438972755509  -0.000021405151
  0.087849048099  -0.024361685482   0.000003274081
    8    3  0.0000  0.0000  0.0080
  0.000012349148   0.000001491422   0.056844162014
  0.000003266473  -0.000000277422   0.011822965870
 -0.000010513712   0.000001630108   0.056845962418
  0.000002995447  -0.000010673468   0.005362971386
  0.000003408629  -0.000012280096  -0.002511982175
 -0.000002142127  -0.000012752746  -0.002509965079
 -0.000015285990  -0.000005401335  -0.032256733247
 -0.000013868698   0.000041673484  -0.061342592150
  0.000019790831  -0.000003409946  -0.032254789036
    9    1  0.0080  0.0000  0.0000
  0.056695097275  -0.030953573116  -0.000008653577
  0.139796645470  -0.042423285481   0.000008863322
  0.218407298049  -0.008309913322  -0.000006667188
  0.013213321143  -0.026316598509   0.000011016999
 -0.000846417357   0.000573941274   0.000011069367
  0.021433533662   0.000303880314   0.000011378340
 -0.063761185487  -0.035274452290   0.000004357805
  0.027251325221   0.087836880888  -0.000021697716
 -0.412189617976   0.054563120242  -0.000009667350
    9    2  0.0000  0.0080  0.0000
 -0.030956083840   0.010299768681  -0.000001200754
 -0.067167781341   0.180278538349   0.000002910516
  0.016347608678   0.101751132622   0.000001330746
 -0.005860271945   0.001950118734  -0.000000466819
  0.000571785806   0.000026301282  -0.000000752248
 -0.020161534671  -0.006278665345  -0.000001212037
  0.019585161059   0.066649038349   0.000003787822
  0.032987130959  -0.024326053380   0.000000823017
  0.054653985294  -0.330350179293  -0.000005220243
    9    3  0.0000  0.0000  0.0080
  0.000000904992  -0.000001049696   0.011814167527
  0.000009914338  -0.000017019165   0.056857905703
 -0.000017393215   0.000011231233   0.056849474460
  0.000003178179  -0.000006041401  -0.002520492530
  0.000000339831  -0.000007409394   0.005354873281
  0.000002138518   0.000001716419  -0.002517786938
 -0.000002757116   0.000026618628  -0.032266383383
  0.000013272709   0.000005214869  -0.032269405244
 -0.000009598235  -0.000013261494  -0.061302352877
