    2   18   27
 12.011  1.000
    1    1  0.0080  0.0000  0.0000
 -0.513314635599  -0.041035276212   0.000055556406
  0.266105092330  -0.018730960906  -0.000041032561
  0.035185504360   0.040354735882   0.000001475921
  0.026982638263  -0.005161467441  -0.000003947760
 -0.039014273227  -0.015513492052   0.000002570505
  0.122055706743  -0.025749453223  -0.000015442141
 -0.015845059381  -0.004921950336   0.000000969494
 -0.008017629347  -0.006189600782   0.000000324016
  0.009892019074  -0.005991735075  -0.000002338370
  0.000431055140   0.013439078616   0.000002455037
 -0.000078442467  -0.000357678663   0.000000149232
  0.095833450018   0.087578776760   0.000005733376
  0.009670509802   0.000720639889  -0.000001528905
  0.000662029419   0.003298671965  -0.000000213260
  0.009490243033  -0.021948105665  -0.000005377539
 -0.000210716874   0.000024259950   0.000000222251
  0.000125970218  -0.000106487666   0.000000128148
  0.000046538494   0.000290044960   0.000000296149
    1    2  0.0000  0.0080  0.0000
 -0.040938386821  -0.502201094680  -0.000072453022
  0.020806940183   0.096110295100   0.000006242269
  0.018222218674  -0.016589758062  -0.000004283005
 -0.017339779083   0.000886956989   0.000002260008
  0.011587582584   0.045291531533   0.000006865283
 -0.069088667823   0.175259134103   0.000033453093
  0.007606089666   0.007323335877   0.000001453411
  0.006198218103   0.004608136356   0.000000301009
 -0.005976765293   0.003762149356   0.000002024161
  0.000297154717  -0.007240180740  -0.000000860288
  0.000291844684  -0.000090154696   0.000000395282
  0.087262741008   0.196853098845   0.000017824303
 -0.022736003778  -0.002689009562   0.000003829325
  0.002123023935   0.001923248478   0.000001581181
  0.001416106946  -0.003349436841   0.000000040511
  0.000128075672  -0.000111641421   0.000000423657
 -0.000146995350   0.000047101506   0.000000517580
  0.000286601976   0.000206287861   0.000000385241
    1    3  0.0000  0.0000  0.0080
  0.000035247661  -0.000090910333  -0.098491945525
 -0.000001041909  -0.000007437082   0.045238308834
  0.000040233550  -0.000007407892  -0.004886796375
  0.000036466896   0.000010928501   0.004480217733
 -0.000005725520   0.000032296960  -0.005546909494
 -0.000064439554   0.000022285615   0.046310344898
  0.000013858795   0.000037397020  -0.004424271870
  0.000050148823   0.000002088893   0.000655081230
  0.000007768709  -0.000026964280  -0.000174724247
 -0.000026676242   0.000005590418   0.000047675670
 -0.000007809117   0.000009984763   0.000121566407
 -0.000002448496   0.000009352153   0.027318725467
 -0.000007103107  -0.000002875607  -0.003003816812
 -0.000014450133   0.000013506169  -0.006084224286
 -0.000020846823   0.000004967953  -0.002030525148
 -0.000000236176   0.000001218030   0.000073836260
 -0.000010326123  -0.000015338740  -0.000091614003
 -0.000022621235   0.000001317459   0.000489071261
    2    1  0.0080  0.0000  0.0000
  0.266049213928   0.020831817647  -0.000004045731
 -0.524139601919   0.040091863618   0.000028166288
  0.102132902956   0.031583705459  -0.000007233445
 -0.035416612339   0.000778273191   0.000009509726
  0.026521403195   0.018153447897  -0.000005444273
  0.023377863063  -0.050584794475  -0.000053870861
  0.034585971425   0.034471582667   0.000005278544
  0.008211392806   0.001392718295   0.000007172252
 -0.008047934293   0.006189720549   0.000008458756
  0.002888395893  -0.015492233169   0.000002460976
 -0.001055231538   0.001115719630   0.000006163942
  0.009727630385  -0.000610442585   0.000004539526
  0.095300018911  -0.086626998669  -0.000024137048
  0.000441360402   0.000354631022   0.000003968772
 -0.000502067390  -0.001462711299   0.000001383442
 -0.000288641711  -0.001074158292   0.000005646893
 -0.000284562180   0.000162219991   0.000005995873
  0.000498498406   0.000725638523   0.000005986369
    2    2  0.0000  0.0080  0.0000
 -0.018756053035   0.096124149945   0.000011717795
  0.040130462646  -0.492164211483  -0.000086724403
  0.050808624415   0.177534690770   0.000015699341
 -0.007683932552   0.031294720848   0.000018327549
  0.012833670966   0.009157385258  -0.000000522714
 -0.023446095715  -0.017129794913   0.000001395433
  0.020578715801   0.003746216377  -0.000001835687
  0.001421870864   0.004046026988   0.000001185243
 -0.006204218495   0.004603017214   0.000001610130
 -0.002928353604  -0.011415319651  -0.000000899108
 -0.001364627052  -0.000564739662  -0.000000285481
  0.022859941600  -0.002655329659  -0.000003288760
 -0.086406138845   0.194117994477   0.000042195076
  0.000524583948  -0.000178598032  -0.000000227852
 -0.002452141347   0.003502240047   0.000001709268
  0.000535582128   0.000540869195   0.000000029099
 -0.000062124136   0.000025865467  -0.000000087842
 -0.000389767585  -0.000585183187   0.000000002915
    2    3  0.0000  0.0000  0.0080
 -0.000008267884  -0.000033934193   0.045175284171
  0.000082505898   0.000032389864  -0.099185633640
  0.000027474241   0.000017196644   0.048490080440
  0.000014939148  -0.000038361220  -0.004089421534
  0.000009070479  -0.000006850718   0.002144929511
 -0.000001855324  -0.000019275214  -0.005553405913
 -0.000055183181  -0.000033850440  -0.002883308401
 -0.000044567892  -0.000019949709  -0.003637421839
  0.000003703234   0.000011399199   0.000673616664
 -0.000003911346  -0.000046255914  -0.004408423702
 -0.000008043805   0.000008078211   0.002259735199
  0.000016047354   0.000011985041  -0.002774542675
 -0.000030070830   0.000057235845   0.026691703397
 -0.000007155139   0.000012506445   0.000756952210
 -0.000001622923   0.000004471859  -0.004079801092
 -0.000012404396   0.000017348882  -0.000039714031
  0.000008765377   0.000025244690   0.000665078040
  0.000010576991   0.000000620730  -0.000205706804
    3    1  0.0080  0.0000  0.0000
  0.035183043649   0.018207827357  -0.000052559941
  0.102125849001   0.050803512349   0.000048427652
 -0.483327347048  -0.022273278265   0.000002218658
  0.119374583050  -0.027802100413  -0.000017292531
  0.012381155264  -0.026036320473  -0.000002568048
 -0.002531469274   0.011338548803  -0.000003869642
  0.194675963613  -0.020295773303  -0.000032672642
 -0.035406070190  -0.007693034114   0.000011998203
  0.026993565094  -0.017358901660   0.000002629552
  0.020780995192   0.048413169513   0.000009786722
  0.009903246369   0.000122408846   0.000002174284
  0.003994338802  -0.000578553846   0.000000002259
 -0.008057726897  -0.011529472337   0.000000214335
  0.003809876155   0.000481708309   0.000006906879
 -0.000464617797   0.000249848493   0.000005238528
  0.000974632043   0.003259810251   0.000006839520
  0.000496919611  -0.000565623702   0.000006599176
 -0.000906936637   0.001256224193   0.000005927035
    3    2  0.0000  0.0080  0.0000
  0.040307193105  -0.016665705448  -0.000007749373
  0.031650438205   0.177501356563   0.000018637827
 -0.022091437709  -0.458333725452  -0.000062690371
 -0.027799809569   0.150677682270   0.000021543431
 -0.034493525781  -0.016408713438   0.000003105970
 -0.000862313722   0.030395019402   0.000005422644
 -0.001066057374   0.085131379411   0.000007118174
  0.000851071036   0.031241888509   0.000005938224
 -0.005220182714   0.000810917412   0.000000441439
  0.026217346933  -0.002177215744  -0.000002969806
 -0.021621295409  -0.001643366140   0.000003572823
 -0.001523889624  -0.001324384922   0.000001465792
  0.010199878468   0.016278533609   0.000002142798
  0.001651365720  -0.001117886579   0.000000575212
 -0.000072480148   0.000671897160   0.000000364141
  0.002076707562   0.001687859847   0.000001029961
 -0.000321566889  -0.000330083096   0.000000217064
  0.002118557910   0.003604546637   0.000001834051
    3    3  0.0000  0.0000  0.0080
 -0.000004711308  -0.000025143678  -0.004887575562
  0.000034444874   0.000000717654   0.048522351997
  0.000068923882   0.000017969828  -0.118832035332
 -0.000010838733   0.000049673127   0.055137751861
  0.000001550874   0.000027357487  -0.004074163616
 -0.000015314375   0.000024976044   0.004487381000
 -0.000016510648   0.000009112954   0.048518587810
  0.000017209877  -0.000004423220  -0.004082317661
 -0.000020969512  -0.000009655027   0.004492038274
 -0.000012712907   0.000006553582  -0.004886993656
 -0.000008150086  -0.000008725921  -0.002310358193
 -0.000013183698  -0.000020749668  -0.006517359306
  0.000006545210  -0.000013553560  -0.002310139343
  0.000001412964  -0.000007611922  -0.003986055624
 -0.000013043962  -0.000006166562   0.000616501806
  0.000002027346  -0.000018272667  -0.003986191620
 -0.000008058437  -0.000017631130   0.000615850952
 -0.000008621362  -0.000004427320  -0.006517273788
    5    1  0.0080  0.0000  0.0000
 -0.039015606210   0.011565439086   0.000002934522
  0.026504718951   0.012814144625   0.000000526347
  0.012421012031  -0.034526562103   0.000000572386
  0.194730143064  -0.001131628190  -0.000018046957
 -0.465680274646   0.007224210597   0.000058713992
  0.137645355820   0.053245018361  -0.000008117682
  0.006251402881   0.002522077900   0.000000359847
  0.034621786833   0.020559732471  -0.000002788502
 -0.015811206284   0.007594442961  -0.000000949107
  0.001597790701  -0.011593200978  -0.000004704980
  0.000110637344   0.000316092670  -0.000000344747
  0.000877594169  -0.003205008264  -0.000001996737
  0.000338555312   0.000583519333  -0.000000154307
  0.096578788408  -0.087068559970  -0.000026169959
  0.009812551128   0.022821938888   0.000001734026
 -0.000793481329  -0.001503227816  -0.000000453551
 -0.000178762190  -0.000003448642  -0.000000488206
 -0.000011005981  -0.000214980929  -0.000000626386
    5    2  0.0000  0.0080  0.0000
 -0.015554010221   0.045310805048   0.000008347520
  0.018126057051   0.009153344180  -0.000001562195
 -0.026079798514  -0.016483011403   0.000001505062
 -0.020355165313   0.085034025105   0.000010725282
  0.007280804895  -0.550782129313  -0.000075835532
  0.092858850430   0.224390007269   0.000017876172
  0.002491278976   0.005997835087   0.000001236274
  0.034436495539   0.003715926762  -0.000003960902
 -0.004978365863   0.007335980150   0.000002676481
  0.000815428093  -0.005017978315  -0.000002788697
 -0.001294723905   0.000141877871   0.000000115034
 -0.002223328671   0.002139596702   0.000001315264
  0.000410364422  -0.000075290165  -0.000000315262
 -0.087390278870   0.192828535088   0.000041962098
 -0.000642601884  -0.002727492832  -0.000000001251
  0.000965314887  -0.000821803426  -0.000000786715
  0.001115172853   0.000109735374  -0.000000222861
  0.000018506096  -0.000249963182  -0.000000285772
    5    3  0.0000  0.0000  0.0080
 -0.000027163024   0.000010497817  -0.005555885728
  0.000012084394  -0.000009242248   0.002131588700
 -0.000008835203   0.000031463560  -0.004088573522
 -0.000030348199   0.000034974052   0.048506578529
  0.000060289873  -0.000016677126  -0.099118350361
 -0.000001076705   0.000039749110   0.045185769217
  0.000009947999   0.000009105620  -0.003651540021
 -0.000000070258  -0.000021122174  -0.002893885437
 -0.000015117694  -0.000006127170  -0.004423619483
  0.000000501196   0.000008441925   0.000662543172
  0.000008164301  -0.000013300488  -0.000044487447
 -0.000005427668  -0.000019202065  -0.004083751263
  0.000008959178  -0.000020029724   0.000751936639
 -0.000015735644   0.000025339978   0.026692878625
 -0.000004977716  -0.000012210063  -0.002774857949
  0.000007189515  -0.000019581708   0.002255391702
 -0.000001142465  -0.000013974555  -0.000211297643
  0.000002758123  -0.000008104742   0.000659562271
    6    1  0.0080  0.0000  0.0000
  0.122062102813  -0.069109581002  -0.000024238535
  0.023442329674  -0.023473771134  -0.000016747143
 -0.002453244870  -0.000772175362   0.000005181244
  0.020868052320   0.026335129033   0.000018287013
  0.137676817518   0.092862768049   0.000024719128
 -0.539865176913  -0.026046018548   0.000075740301
  0.001612042137   0.000895217744  -0.000005900099
  0.002994325113  -0.002943613940   0.000000020323
  0.000450272567   0.000223742245  -0.000004246486
  0.000071166071  -0.000455888544  -0.000004751929
 -0.000081978854   0.000057384482  -0.000006028954
 -0.009055844124   0.011779629774  -0.000001751070
  0.003932340999   0.000270413076  -0.000007584822
 -0.009141623357  -0.012182430444  -0.000002500196
  0.247298364048   0.002267793681  -0.000033696407
 -0.000114528572   0.000297254774  -0.000004697286
  0.000390361516   0.000045570969  -0.000005846736
 -0.000085778087  -0.000051424852  -0.000005958347
    6    2  0.0000  0.0080  0.0000
 -0.025796159515   0.175288874091   0.000025909778
 -0.050603383455  -0.017130933587   0.000004737519
  0.011315448982   0.030332986189   0.000002759493
  0.048377188507  -0.002207893108  -0.000007030586
  0.053305807851   0.224420516960   0.000022979335
 -0.026023036971  -0.475638110090  -0.000053148449
 -0.011602055370  -0.005062076759   0.000000102044
 -0.015550492991  -0.011442151214   0.000000438571
  0.013400873712  -0.007206929912  -0.000003809726
 -0.000459502484   0.013522721903   0.000001921803
 -0.000036384064  -0.000273695547  -0.000000639852
 -0.011534796731   0.015199627956   0.000004134334
  0.001469411469  -0.001349881712   0.000000038549
  0.011282775608   0.016083310279   0.000001190405
  0.002645616369   0.045435293140   0.000002241341
 -0.000334715023  -0.000056504938  -0.000000568370
  0.000105997313  -0.000130813009  -0.000000714410
  0.000037406794   0.000215659358  -0.000000541778
    6    3  0.0000  0.0000  0.0080
 -0.000081688108   0.000063633653   0.046236677783
 -0.000023006453   0.000005837998  -0.005551669720
 -0.000004049509   0.000027103321   0.004491701939
 -0.000033162050  -0.000004261734  -0.004889196090
  0.000044884688   0.000017774880   0.045154516540
  0.000080251053   0.000044430605  -0.098473168600
  0.000006533322  -0.000020779503   0.000675947542
 -0.000045027167  -0.000015907004  -0.004409201382
  0.000000086194  -0.000000405019   0.000063648444
  0.000014160687  -0.000016833607  -0.000159497537
  0.000007498013  -0.000011660499   0.000086828824
 -0.000003743705  -0.000010105316  -0.002026885611
  0.000013403662  -0.000018675576  -0.006073752349
  0.000021583322  -0.000020686640  -0.003002163241
 -0.000018694418  -0.000011164965   0.027317587149
  0.000001761370  -0.000013237751   0.000134093417
  0.000007643491  -0.000003002970   0.000502556518
  0.000011565608  -0.000012059874  -0.000078023625
   11    1  0.0080  0.0000  0.0000
 -0.000073026770   0.000301820754  -0.000005954152
 -0.001045696489  -0.001361957803  -0.000003783040
  0.009933404869  -0.021601535309  -0.000008977930
  0.003831517233   0.001653240112  -0.000004793531
  0.000127424771  -0.001294642448  -0.000009235497
 -0.000057343133  -0.000045785509   0.000006567888
  0.096591021562  -0.087334750728  -0.000023441667
  0.000446797949   0.000513506461   0.000000737016
  0.000647089322   0.002121306117   0.000001396798
 -0.009139718214   0.011225405956   0.000005413281
 -0.100740710744   0.094812413492   0.000030718452
  0.000026970882   0.000021990628   0.000000920563
  0.000049713689   0.000866594292   0.000001747325
  0.000409811588  -0.000011377756   0.000001024894
 -0.000000292150   0.000068243692   0.000000634845
 -0.000064723608  -0.000096242761   0.000002039681
 -0.000264704053   0.000597839661   0.000002299867
 -0.000677536703  -0.000436068852   0.000002685207
   11    2  0.0000  0.0080  0.0000
 -0.000368015568  -0.000100101936   0.000000021152
  0.001090433353  -0.000563423615  -0.000000644604
  0.000074417182  -0.001638013704   0.000000129176
  0.000483744230  -0.001121427707   0.000000434293
  0.000297305554   0.000151164223   0.000000000161
  0.000036866819  -0.000265044649  -0.000000056789
 -0.087094573013   0.192844509415   0.000042085901
  0.000370460882  -0.000164310962  -0.000000216531
  0.003301184578   0.001923668727   0.000000943595
 -0.012174942665   0.016122187310   0.000005137403
  0.094890865227  -0.206866796530  -0.000047197847
 -0.000043840321  -0.000015118483   0.000000024436
 -0.000295719617  -0.000275315134   0.000000029147
 -0.000012487652  -0.000001951298   0.000000023651
 -0.000017282859  -0.000025563854   0.000000001721
 -0.000094195961   0.000040977754  -0.000000129319
 -0.000612861497   0.000801238220   0.000000257264
  0.000168641329  -0.000846677777  -0.000000842809
   11    3  0.0000  0.0000  0.0080
 -0.000017564866  -0.000002838769   0.000107699335
 -0.000017165906   0.000001214201   0.002235003017
 -0.000040093382   0.000011874154  -0.002321333782
 -0.000004856322  -0.000000183988  -0.004009386392
  0.000003931958  -0.000012365214  -0.000066273403
  0.000001052135   0.000000156477   0.000063346714
 -0.000008522637   0.000030979633   0.026745982451
 -0.000000052532  -0.000000919135   0.000729160951
  0.000007690922  -0.000011298566  -0.006096836023
  0.000020491695   0.000045961795  -0.002995038184
  0.000025726539   0.000003018227  -0.018319021185
  0.000004301241  -0.000005410886  -0.000123000012
 -0.000001491660  -0.000007507894  -0.000179604850
  0.000007580379  -0.000011863667  -0.000146128811
  0.000010613979  -0.000007180444  -0.000028033462
  0.000007275928  -0.000012077428   0.000841787185
  0.000005559700  -0.000011052256  -0.000148666925
 -0.000004477171  -0.000010506239   0.003710343375
   12    1  0.0080  0.0000  0.0000
  0.095850890562   0.087209957311   0.000001277784
  0.009801085762   0.022879186913  -0.000007417437
  0.004013897217  -0.001492776721  -0.000024472352
  0.000558226515  -0.000287592708  -0.000006444292
  0.000886026658  -0.002205504086  -0.000001380674
 -0.009058884882  -0.011512476116  -0.000001153011
 -0.000189159414   0.001105622920  -0.000021331319
 -0.000265076546  -0.000079540258  -0.000001041792
  0.000129584475  -0.000165548869  -0.000008311620
  0.000395505518   0.000083216573  -0.000011269064
  0.000015639437  -0.000042427788   0.000052918167
 -0.100395373900  -0.095310914399  -0.000001144539
 -0.000920276855  -0.000303700495   0.000006428967
 -0.000271192637  -0.000606198387   0.000004367699
 -0.000607617819   0.000562179977   0.000005687574
  0.000002529877   0.000052286761   0.000004197050
 -0.000006437378   0.000006631912   0.000004152338
  0.000060633411   0.000107597459   0.000004936522
   12    2  0.0000  0.0080  0.0000
  0.087588908918   0.196852449129   0.000017231979
 -0.000528617822  -0.002632244758   0.000000092547
 -0.000572636042  -0.001285712047   0.000001002934
 -0.000551102545  -0.000259666543  -0.000000099806
 -0.003213053891   0.002139616531   0.000001605922
  0.011808212433   0.015258879556   0.000001358733
  0.000002216206   0.000094400261   0.000000049811
  0.000164587990   0.000028870804  -0.000000136294
 -0.000101005638   0.000041288532   0.000000037351
  0.000080483639  -0.000141149515  -0.000000129984
  0.000009638491  -0.000010047354   0.000000017845
 -0.095363145338  -0.209437208723  -0.000019827870
  0.000289737845  -0.000597528898  -0.000000810692
  0.000592684549   0.000799998459   0.000000083010
 -0.000190258076  -0.000809550552  -0.000000488537
 -0.000023440840  -0.000037926719   0.000000003327
  0.000008033224   0.000000811024   0.000000011688
 -0.000001243103  -0.000005279186  -0.000000001961
   12    3  0.0000  0.0000  0.0080
 -0.000021305626   0.000023561072   0.027494382849
  0.000011921627   0.000001873048  -0.002743044094
  0.000001395864   0.000016212654  -0.006544038211
  0.000004602248   0.000011270380   0.000583952433
  0.000007708502  -0.000000255297  -0.004111857381
  0.000007227285   0.000012664788  -0.001995770559
  0.000005443210   0.000015067501  -0.000249630427
  0.000006873953  -0.000012082916   0.000626612338
 -0.000007069179  -0.000012404516  -0.000110585147
 -0.000009425680   0.000004465228   0.000470777510
 -0.000000472670   0.000002503735  -0.000132289649
 -0.000009900186  -0.000033968672  -0.018940749761
  0.000001638599  -0.000002815697   0.003703147897
  0.000004043333  -0.000006081125  -0.000160612027
  0.000004301947  -0.000002969293   0.002204016781
  0.000003648478  -0.000007920738  -0.000038058738
 -0.000003581890  -0.000007985868  -0.000081349696
 -0.000007049816  -0.000001134284   0.000025095883
   13    1  0.0080  0.0000  0.0000
  0.009715879049  -0.022723484383  -0.000010112419
  0.095244058845  -0.086374018593  -0.000034033685
 -0.008110186885   0.010156053725  -0.000002960666
  0.000953624786   0.002091075490  -0.000005383388
  0.000360457766   0.000402976013  -0.000004749215
  0.003962162740   0.001461921973  -0.000011215946
 -0.000791387954   0.000942902246  -0.000002992551
 -0.000296253721   0.000533483029  -0.000003151768
 -0.000234518150   0.000151885152  -0.000001551223
 -0.000112100602  -0.000313551990  -0.000000175763
  0.000058156038  -0.000307184954   0.000001156449
 -0.000904366701   0.000317643609   0.000037934216
 -0.100422297254   0.094682991579   0.000030890343
 -0.000060641397  -0.000101031920   0.000001183749
  0.000551107753  -0.001060164687   0.000000706120
  0.000088452300   0.000167178419   0.000001724841
  0.000001441257  -0.000013757712   0.000001187111
 -0.000003587870  -0.000014916997   0.000001543793
   13    2  0.0000  0.0080  0.0000
  0.000644498895  -0.002683499253  -0.000000092274
 -0.086620884533   0.194145538271   0.000042342478
 -0.011481189012   0.016366549285   0.000005011692
  0.003268233961   0.001743949050   0.000000497811
  0.000616026308  -0.000041176951  -0.000000185294
  0.000269969972  -0.001338220369   0.000000753426
 -0.001544876855  -0.000801493020  -0.000000324976
 -0.001069058156   0.000502585308   0.000000244657
  0.000007350517  -0.000142916140  -0.000000011479
  0.000280683311  -0.000076433057  -0.000000067937
  0.000849671345  -0.000279257962  -0.000000150456
 -0.000320482531  -0.000616108195  -0.000000744702
  0.094800105907  -0.207079167366  -0.000047156959
 -0.000089188984   0.000027480178  -0.000000132251
  0.000126033161  -0.000004427020  -0.000000025523
  0.000168186039   0.000299218466   0.000000042455
  0.000059121825  -0.000040328776  -0.000000017851
  0.000035798830   0.000017707551   0.000000017183
   13    3  0.0000  0.0000  0.0080
 -0.000025457816  -0.000008726920  -0.002989687968
 -0.000024233427   0.000030396352   0.026732699799
 -0.000007744974   0.000051283310  -0.002309172392
 -0.000005694333   0.000052530482  -0.004005387687
  0.000024820123   0.000031000625   0.000730016790
 -0.000003781267   0.000034120141  -0.006091578913
  0.000018006628   0.000033337421   0.002242620850
  0.000004541032  -0.000024527814  -0.000066111393
 -0.000028946655  -0.000019513046   0.000064502250
 -0.000008060417   0.000032965908   0.000111696539
  0.000012349892  -0.000019158537  -0.000180072999
 -0.000005033630  -0.000021691809   0.003709768140
  0.000036763525  -0.000076552937  -0.018347542963
  0.000015100570  -0.000022095336   0.000842440226
 -0.000002581474  -0.000007274011  -0.000148145614
  0.000011772078  -0.000032780677  -0.000145839195
 -0.000006874810  -0.000025013834  -0.000028082568
 -0.000004945043  -0.000008299318  -0.000122122903
   15    1  0.0080  0.0000  0.0000
  0.009538921833   0.001379845338  -0.000007717343
 -0.000470300439  -0.002442717897  -0.000005265295
 -0.000436618667  -0.000009194420  -0.000004603944
 -0.000872066799   0.002180060204  -0.000002664269
  0.009851776145  -0.000608686800  -0.000002057527
  0.247332496006   0.002643417677  -0.000033338489
  0.000007373414   0.000017838351  -0.000001893026
  0.000515255410  -0.000392999221   0.000000109756
  0.000057421952   0.000268588107   0.000000512646
 -0.000048280117   0.000006306746  -0.000000255275
 -0.000006288234  -0.000017675736   0.000000840015
 -0.000604856362  -0.000204039073   0.000001702280
  0.000543580095   0.000136734047   0.000010464010
 -0.000682200211   0.000162770849   0.000002805810
 -0.264794442502  -0.003150235386   0.000036379100
 -0.000011356584   0.000029018495   0.000001574514
  0.000063261503   0.000000760776   0.000001768077
  0.000016323556   0.000000207942   0.000001638961
   15    2  0.0000  0.0080  0.0000
 -0.021920301764  -0.003363907941   0.000002975497
 -0.001491844202   0.003496148165   0.000001591064
  0.000254312061   0.000672997778   0.000000009388
  0.001270977548   0.003608187804   0.000001595313
  0.022803825292  -0.002733027926  -0.000003311905
  0.002254714494   0.045378404663   0.000002910204
 -0.000217666005  -0.000243181563  -0.000000149580
  0.000733481499  -0.000564320722  -0.000000136135
  0.000299066240   0.000213065617  -0.000000076106
 -0.000046365225   0.000227999632   0.000000081795
  0.000062350216  -0.000013995450   0.000000010574
  0.000565089741  -0.000783533701  -0.000000595170
 -0.001075116240   0.000010658780   0.000000206774
 -0.000437724833  -0.000828931760  -0.000000729444
 -0.003138958823  -0.045107032894  -0.000004451995
 -0.000024412528   0.000036571018   0.000000048225
  0.000110855839   0.000001255757  -0.000000005204
 -0.000002283310  -0.000007357257   0.000000026706
   15    3  0.0000  0.0000  0.0080
 -0.000009745861  -0.000006428229  -0.002012334844
  0.000010240181  -0.000001028877  -0.004108673063
 -0.000001118061   0.000017281243   0.000592096033
 -0.000007084672   0.000001669510  -0.006540442339
  0.000010246806  -0.000000266303  -0.002760682888
 -0.000031935447   0.000025954916   0.027428529745
 -0.000004833591  -0.000000888352   0.000633871042
 -0.000012809446  -0.000009495080  -0.000241110724
 -0.000006658026  -0.000003388026   0.000475389894
 -0.000000309645  -0.000004073523  -0.000106288616
  0.000001028371  -0.000003229086  -0.000034670412
  0.000004982851  -0.000008844869   0.002205441697
  0.000005416016  -0.000006081944  -0.000156356772
  0.000000065904  -0.000008079226   0.003705836990
  0.000038266226   0.000015007142  -0.018902284498
  0.000000552846  -0.000005747548  -0.000128415444
  0.000000987520   0.000000052835   0.000028309660
  0.000002708027  -0.000002414582  -0.000078215459
