    3    9   27
 12.011 14.001  1.000
    1    1  0.0080  0.0000  0.0000
 -0.538027798286  -0.128844626656   0.000085964537
  0.046020528031   0.065178595610  -0.000015638353
  0.007345916186   0.001776239669  -0.000004100677
  0.087600872904  -0.026806562011  -0.000004709526
  0.270484323944   0.005855460520  -0.000032095072
  0.001793284539  -0.020873955421   0.000001914459
  0.119469470906   0.101743739549  -0.000027809324
 -0.000866915774   0.001533151206  -0.000001470655
  0.006180317549   0.000437957534  -0.000002055388
    1    2  0.0000  0.0080  0.0000
 -0.128952627721  -0.534150867955   0.000058214648
  0.024743536879   0.021910547357  -0.000005561831
  0.036946790239   0.067266756214  -0.000012450624
 -0.028164288821   0.189514419888  -0.000010347966
 -0.012413597431   0.073876585835  -0.000000287703
  0.001412976616  -0.007549480790   0.000002677834
  0.105236131129   0.183808824576  -0.000033428063
  0.000439669104   0.004967939025   0.000000276425
  0.000751410006   0.000355275850   0.000000907279
    1    3  0.0000  0.0000  0.0080
  0.000115866109  -0.000019132768  -0.095276770817
 -0.000029999256   0.000000220487  -0.007617507377
 -0.000025853530   0.000004018521  -0.012184522117
  0.000036484684  -0.000034817757   0.041981590492
 -0.000018424062   0.000039447326   0.055156925620
 -0.000014794152   0.000017144360   0.006440359066
 -0.000029444792  -0.000017166437   0.017289448310
 -0.000017491144   0.000005711502  -0.003829679335
 -0.000016343857   0.000004574767  -0.001959843841
    2    1  0.0080  0.0000  0.0000
  0.046041114518   0.024710293344  -0.000039084680
 -0.651859531954  -0.018043454896   0.000094125636
  0.206445509574  -0.097634501528  -0.000023393505
  0.070654206961   0.019284666936   0.000024123549
  0.080596472841   0.017498327721   0.000014137901
  0.001976238945   0.005091434541  -0.000011212337
  0.003879018852  -0.000951903339   0.000002812162
  0.250947154343   0.046966207226  -0.000050239758
 -0.008680184080   0.003078929997  -0.000011268968
    2    2  0.0000  0.0080  0.0000
  0.065242144298   0.021946768907  -0.000013625984
 -0.018101822166  -0.377822191925   0.000041158948
 -0.084745412806   0.136932604407   0.000001627389
 -0.022847126071  -0.003787743854   0.000001401762
  0.025551103971   0.162430407820  -0.000016632186
  0.000843125870   0.004057576652  -0.000001741856
 -0.000595315498  -0.001520146978  -0.000001339982
  0.048614370383   0.053928865026  -0.000011702961
 -0.013961067982   0.003833859944   0.000000854869
    2    3  0.0000  0.0000  0.0080
 -0.000000090261  -0.000003825131  -0.007611384181
  0.000074238526  -0.000015496664  -0.097116945996
  0.000016496374   0.000005599008   0.048328932005
 -0.000035232987  -0.000004977411  -0.009849992188
 -0.000012245793  -0.000017887098   0.051078362153
 -0.000002926384   0.000007990204  -0.001749501108
  0.000005709239   0.000009878875  -0.005039805077
 -0.000051873699   0.000004299901   0.021168365387
  0.000005924983   0.000014418317   0.000791969004
    3    1  0.0080  0.0000  0.0000
  0.007375573225   0.037016927915  -0.000005139481
  0.206461542517  -0.084722641716  -0.000016974428
 -0.416007173100   0.063960643968   0.000063455222
  0.151137078668   0.049805053792  -0.000032618968
 -0.014355347870  -0.041364615618   0.000015522160
  0.007195512484   0.013836963515  -0.000010727032
  0.001938157783  -0.003630901903  -0.000008247787
  0.008742531395  -0.012433591546   0.000003473579
  0.047512124898  -0.022467838407  -0.000008743264
    3    2  0.0000  0.0080  0.0000
  0.001825261295   0.067260101244  -0.000009534974
 -0.097614254555   0.136913744630   0.000003903724
  0.063977818858  -0.635221870724   0.000057888726
  0.056100055071   0.129356626540  -0.000018986274
  0.010488385989   0.055940373377  -0.000009700390
 -0.009112527222  -0.012116457305   0.000002412964
 -0.002130354604   0.001865488583  -0.000000873036
  0.006564700111  -0.008436109894  -0.000000848416
 -0.030099084943   0.264438103548  -0.000024262325
    3    3  0.0000  0.0000  0.0080
 -0.000003375256  -0.000015672305  -0.012177050758
  0.000021903506   0.000001984402   0.048327978049
  0.000007206507   0.000044744411  -0.080190664398
 -0.000049783222  -0.000009647086   0.037555178960
  0.000005782927   0.000002860141  -0.012466144788
  0.000001263097   0.000004366145   0.005405633197
  0.000002164988   0.000002028811  -0.001887308146
  0.000004299560   0.000004948978   0.000011399855
  0.000010537892  -0.000035613496   0.015420978029
    4    1  0.0080  0.0000  0.0000
  0.087528896710  -0.028163657041  -0.000008995040
  0.070670757173  -0.022798421060   0.000002818176
  0.151173451443   0.056149172825  -0.000005291901
 -0.671913043966   0.072293719148   0.000084750734
  0.062809565017  -0.010498788804  -0.000004352892
  0.313594341183  -0.074647940602  -0.000045905566
 -0.010254332555   0.013794614931  -0.000012732696
  0.001533465591  -0.003331909458  -0.000012095439
 -0.005143100595  -0.002796789939   0.000001804624
    4    2  0.0000  0.0080  0.0000
 -0.026862971198   0.189465556482  -0.000011678258
  0.019276452890  -0.003796680079  -0.000002472358
  0.049831454820   0.129307553032  -0.000017443310
  0.072354841193  -0.435231119514   0.000028044578
 -0.053567758116   0.018618568973   0.000004318035
 -0.072750616823   0.076382002534   0.000002574799
 -0.010778924476   0.015183396737   0.000000589581
 -0.001891988962   0.002018681435  -0.000000084537
  0.024389510672   0.008052040401  -0.000003848529
    4    3  0.0000  0.0000  0.0080
  0.000010831549  -0.000011756819   0.041889256658
 -0.000008595978   0.000005974213  -0.009820539701
 -0.000040075748  -0.000013429963   0.037551194363
  0.000080289291  -0.000030923834  -0.057325103491
 -0.000014195469   0.000009464473  -0.015620595749
 -0.000031789309   0.000012314714   0.002481408815
  0.000007776373   0.000007232789   0.001598916428
  0.000000649616   0.000008159469  -0.003753923073
 -0.000004890326   0.000012964958   0.002999385749
    5    1  0.0080  0.0000  0.0000
  0.270260517453  -0.012433651273  -0.000014928828
  0.080571167340   0.025457900069  -0.000007884570
 -0.014430003566   0.010473856505   0.000007110217
  0.062835464526  -0.053603694681  -0.000038502223
 -0.415464591555   0.011003183968   0.000045977223
 -0.000257955904  -0.004359577515   0.000010493174
  0.013012343496   0.000634323378   0.000000020609
  0.001677016398   0.023511123824  -0.000003959536
  0.001796041812  -0.000683464275   0.000001673933
    5    2  0.0000  0.0080  0.0000
  0.005738671934   0.073874105176  -0.000003307370
  0.017563483011   0.162322100552  -0.000015072501
 -0.041404295325   0.055993340447  -0.000001587450
 -0.010526221679   0.018556249968  -0.000002672162
  0.011094402490  -0.316896654491   0.000027726960
 -0.000478750317   0.005989626013  -0.000001528469
  0.019009012514  -0.005965049587  -0.000002039793
  0.003571969138   0.004989602917  -0.000001081952
 -0.004568271766   0.001136679006  -0.000000437263
    5    3  0.0000  0.0000  0.0080
 -0.000026638052   0.000057425809   0.055120696956
 -0.000004508056  -0.000051321745   0.051115552024
 -0.000000994252   0.000010401683  -0.012475108932
 -0.000025849360  -0.000003582499  -0.015631132139
  0.000047334669  -0.000019155908  -0.075933914537
  0.000004440728  -0.000001616571  -0.005110628558
 -0.000002104374   0.000010853489   0.004098455291
  0.000004376597  -0.000007250033   0.003902190721
  0.000003942102   0.000004245776  -0.005086110827
    6    1  0.0080  0.0000  0.0000
  0.001772481334   0.001453245205   0.000054596016
  0.002027471764   0.000827319193   0.000049998963
  0.007163544211  -0.009137623780  -0.000010950126
  0.313505679522  -0.072795596122  -0.000043712308
 -0.000246532757  -0.000473743381  -0.000011713235
 -0.323992543787   0.080377742447   0.000016374726
  0.000049243086  -0.000070508710  -0.000015350203
  0.000094175846  -0.000414280307  -0.000014428647
 -0.000373519221   0.000233445456  -0.000024815186
    6    2  0.0000  0.0080  0.0000
 -0.020815886323  -0.007481056593   0.000005064677
  0.005118698564   0.004021754140  -0.000000692267
  0.013802799689  -0.012103416421   0.000000574745
 -0.074559157940   0.076367338780   0.000003469935
 -0.004394663649   0.006004377165   0.000000030152
  0.080314450594  -0.066335465091  -0.000010305842
  0.000711528748   0.000225394403   0.000000592900
  0.000494049513  -0.000895433290   0.000000473361
 -0.000671819195   0.000196506907   0.000000792338
    6    3  0.0000  0.0000  0.0080
  0.000022580760   0.000022208714   0.006433841063
  0.000004918755   0.000000075029  -0.001719802514
  0.000003230269   0.000023625984   0.005418015677
 -0.000026240413  -0.000021779567   0.002538505755
 -0.000027196769   0.000001650195  -0.005134467415
  0.000029701634  -0.000024701994  -0.008019710215
 -0.000007090129   0.000000752014   0.000955903115
 -0.000002598436  -0.000000203191  -0.001393774388
  0.000002694328  -0.000001627185   0.000921488922
    7    1  0.0080  0.0000  0.0000
  0.119558890092   0.105116724657  -0.000036970135
  0.003879855691  -0.000522604708   0.000003071853
  0.001898206495  -0.002171984510  -0.000001142415
 -0.010212972695  -0.010801324496   0.000040365921
  0.012947254402   0.018996486333  -0.000009289724
  0.000032865917   0.000742252255  -0.000015140400
 -0.127408724245  -0.112284426568   0.000024135056
  0.000053006356   0.001137989895  -0.000001899440
 -0.000748382014  -0.000213112858  -0.000003130716
    7    2  0.0000  0.0080  0.0000
  0.101880097119   0.183810627396  -0.000033820467
 -0.000992588294  -0.001526394560   0.000000061486
 -0.003674867809   0.001831053921   0.000000463727
  0.013824323627   0.015062556875  -0.000003381486
  0.000574679116  -0.005960955631   0.000001384655
 -0.000081444924   0.000263464106   0.000000443604
 -0.112346489793  -0.193408939109   0.000034510261
 -0.000033553393  -0.000288201133   0.000000283349
  0.000849844350   0.000216788134   0.000000054871
    7    3  0.0000  0.0000  0.0080
  0.000008558839  -0.000022561078   0.017240428584
 -0.000021406661  -0.000007680481  -0.005013300685
 -0.000001534817  -0.000003034432  -0.001852208554
  0.000006525036  -0.000036482170   0.001620402280
 -0.000021182004   0.000000830442   0.004104819844
 -0.000004990687   0.000007258440   0.000964077334
  0.000029229279   0.000043336368  -0.014873733563
  0.000005432697   0.000006608142  -0.000871771700
 -0.000000631682   0.000011724769  -0.001318713541
    8    1  0.0080  0.0000  0.0000
 -0.000905177561   0.000436447088   0.000001181250
  0.250998055926   0.048626799028  -0.000035322082
  0.008654311623   0.006548573011   0.000001466407
  0.001536656145  -0.001858885983   0.000010694151
  0.001693857030   0.003563640995   0.000013568806
  0.000112223213   0.000505271580  -0.000000404265
  0.000067204986  -0.000038501617  -0.000029119837
 -0.262372574773  -0.057497745477   0.000038398439
  0.000215443410  -0.000285598624  -0.000000462869
    8    2  0.0000  0.0080  0.0000
  0.001616039703   0.004951541065  -0.000002020046
  0.046904788218   0.053990026190  -0.000011290668
 -0.012428562892  -0.008409793410   0.000001851965
 -0.003393451162   0.002039263140  -0.000000993728
  0.023471426257   0.004978528206  -0.000004367066
 -0.000397531634  -0.000884248033  -0.000000806186
  0.001133463069  -0.000314315301  -0.000001066188
 -0.057490792182  -0.056523335877   0.000019453847
  0.000584620623   0.000172334021  -0.000000761929
    8    3  0.0000  0.0000  0.0080
  0.000027272310  -0.000007051895  -0.003764364810
 -0.000048390207   0.000013683571   0.021162418840
  0.000027292808   0.000025023750   0.000018393889
 -0.000028866565   0.000006564441  -0.003744624575
 -0.000026102366  -0.000009535760   0.003982187812
  0.000001263203  -0.000001918426  -0.001405469107
  0.000002842057  -0.000002704938  -0.000888953642
  0.000041300142  -0.000018067694  -0.017049143821
  0.000003388619  -0.000005993049   0.001689555414
    9    1  0.0080  0.0000  0.0000
  0.006167964276   0.000803468304   0.000008689802
 -0.008652549312  -0.013909771090   0.000014667592
  0.047563402753  -0.030100015860  -0.000002119777
 -0.005130578621   0.024354585214  -0.000001873071
  0.001800949005  -0.004608854733   0.000030503591
 -0.000390250459  -0.000675750705  -0.000004684141
 -0.000759769152   0.000844429824  -0.000005148774
  0.000184083040   0.000564882168  -0.000038784527
 -0.040783251529   0.022727026878  -0.000001250695
    9    2  0.0000  0.0080  0.0000
  0.000455550468   0.000368083192  -0.000000367553
  0.003149667319   0.003761892371  -0.000000813373
 -0.022568368699   0.264445229693  -0.000024353631
 -0.002821278614   0.008022835647  -0.000000209851
 -0.000666295055   0.001143557309  -0.000000558586
  0.000238607103   0.000211151887   0.000000058506
 -0.000226304359   0.000193364945  -0.000000155651
 -0.000303459939   0.000180448214   0.000000212977
  0.022741881777  -0.278326563258   0.000026187162
    9    3  0.0000  0.0000  0.0080
 -0.000008652552  -0.000010634760  -0.001894422865
  0.000028879216  -0.000029699792   0.000784989474
 -0.000025180979   0.000004202656   0.015405061625
 -0.000028180995  -0.000021833990   0.003045657263
  0.000012754550   0.000023326970  -0.005105568911
  0.000007105573   0.000007475788   0.000927509422
  0.000004545391   0.000013725578  -0.001319896475
 -0.000000943711   0.000007110056   0.001701407170
  0.000009673508   0.000006327494  -0.013544736703
