#  T(K)     E(eV/cell)    F(eV/cell)    Fc(eV/cell)   S(kB/cell)    Cv(kB/cell)
   10.00    4.14219218    4.14214961    0.23816405    0.04939325    0.15662211
   20.00    4.14275168    4.14197218    0.40465071    0.45228249    1.36515198
   30.00    4.14478418    4.14121480    0.54408318    1.38069185    3.39597287
   40.00    4.14857141    4.13950041    0.66594662    2.63160007    5.33644629
   50.00    4.15386296    4.13664785    0.77474585    3.99543514    6.87488765
   60.00    4.16031180    4.13261575    0.87313415    5.35662291    8.03813122
   70.00    4.16763915    4.12743114    0.96286473    6.66559572    8.93144581
   80.00    4.17565441    4.12114742    1.04518364    7.90654323    9.64781607
   90.00    4.18423492    4.11382422    1.12102257    9.07863599   10.25195645
  100.00    4.19330333    4.10551895    1.19110470   10.18689258   10.78568369
  110.00    4.20281139    4.09628373    1.25600775   11.23813381   11.27592533
  120.00    4.21272986    4.08616466    1.31620391   12.23932677   11.74065809
  130.00    4.22304248    4.07520203    1.37208638   13.19697520   12.19251286
  140.00    4.23374236    4.06343079    1.42398766   14.11694049   12.64076184
  150.00    4.24482952    4.05088113    1.47219262   15.00442667   13.09236483
  160.00    4.25630922    4.03757901    1.51694808   15.86402041   13.55252406
  170.00    4.26819054    4.02354670    1.55846991   16.69974463   14.02500427
  180.00    4.28048528    4.00880322    1.59694855   17.51511171   14.51235070
  190.00    4.29320696    3.99336477    1.63255325   18.31317293   15.01606637
  200.00    4.30637001    3.97724510    1.66543541   19.09656376   15.53677332
  210.00    4.31998908    3.96045584    1.69573128   19.86754581   16.07436491
  220.00    4.33407847    3.94300685    1.72356411   20.62804584   16.62814903
  230.00    4.34865164    3.92490642    1.74904593   21.37969229   17.19698002
  240.00    4.36372097    3.90616159    1.77227903   22.12384932   17.77937696
  250.00    4.37929740    3.88677830    1.79335716   22.86164844   18.37362716
  260.00    4.39539037    3.86676161    1.81236656   23.59401770   18.97787444
  270.00    4.41200765    3.84611589    1.82938685   24.32170844   19.59019251
  280.00    4.42915538    3.82484488    1.84449172   25.04531956   20.20864452
  290.00    4.44683800    3.80295189    1.85774962   25.76531944   20.83133019
  300.00    4.46505839    3.78043987    1.86922426   26.48206548   21.45642178
