#  T(K)     E(eV/cell)    F(eV/cell)    Fc(eV/cell)   S(kB/cell)    Cv(kB/cell)
   10.00    4.00282031    4.00280843    0.19085486    0.01378512    0.04629142
   20.00    4.00300585    4.00275407    0.32436780    0.14609193    0.49253997
   30.00    4.00385700    4.00248202    0.43623740    0.53186407    1.56998958
   40.00    4.00580864    4.00176326    0.53405177    1.17360838    2.98821913
   50.00    4.00902344    4.00040640    0.62141478    1.99992121    4.46878934
   60.00    4.01349084    3.99828364    0.70044904    2.94118546    5.88389507
   70.00    4.01913476    3.99531862    0.77255712    3.94818785    7.19755351
   80.00    4.02586630    3.99146929    0.83873586    4.98947919    8.40925387
   90.00    4.03360106    3.98671524    0.89973063    6.04537877    9.52744496
  100.00    4.04226228    3.98104965    0.95611995    7.10338738   10.56078737
  110.00    4.05178002    3.97447447    1.00836601    8.15534662   11.51638612
  120.00    4.06208985    3.96699742    1.05684656    9.19579298   12.40006106
  130.00    4.07313205    3.95863012    1.10187615   10.22101269   13.21692499
  140.00    4.08485112    3.94938684    1.14372079   11.22848609   13.97180379
  150.00    4.09719569    3.93928366    1.18260839   12.21654589   14.66944769
  160.00    4.11011850    3.92833779    1.21873637   13.18415438   15.31459050
  170.00    4.12357631    3.91656711    1.25227745   14.13074905   15.91192282
  180.00    4.13752992    3.90398986    1.28338399   15.05612958   16.46602827
  190.00    4.15194398    3.89062429    1.31219137   15.96037177   16.98131321
  200.00    4.16678687    3.87648852    1.33882072   16.84376009   17.46194570
  210.00    4.18203041    3.86160032    1.36338103   17.70673413   17.91181016
  220.00    4.19764966    3.84597707    1.38597091   18.54984578   18.33447871
  230.00    4.21362259    3.82963561    1.40667999   19.37372499   18.73319758
  240.00    4.22992986    3.81259223    1.42559009   20.17905256   19.11088585
  250.00    4.24655447    3.79486260    1.44277621   20.96653856   19.47014361
  260.00    4.26348157    3.77646179    1.45830735   21.73690555   19.81326697
  270.00    4.28069813    3.75740425    1.47224720   22.49087552   20.14226765
  280.00    4.29819276    3.73770379    1.48465472   23.22916003   20.45889536
  290.00    4.31595545    3.71737363    1.49558466   23.95245292   20.76466170
  300.00    4.33397743    3.69642640    1.50508799   24.66142503   21.06086434
