 10.          2.02457972 
 20.          2.02457972 
 30.          2.02457973 
 40.          2.02458003 
 50.          2.02458316 
 60.         2.0245972 
 70.          2.02463649 
 80.          2.02471888 
 90.          2.02486266 
 100.          2.0250847 
 110.           2.02540005 
 120.           2.02582224 
 130.           2.02636388 
 140.           2.02703717 
 150.           2.02785416 
 160.           2.02882689 
 170.           2.02996737 
 180.           2.03128747 
 190.           2.03279875 
 200.           2.03451227 
 210.           2.03643847 
 220.           2.03858697 
 230.           2.04096654 
 240.           2.04358494 
 250.           2.04644894 
 260.           2.04956428 
 270.           2.05293564 
 280.           2.05656674 
 290.          2.0604603 
 300.           2.06461814 
