#  T(K)     E(eV/cell)    F(eV/cell)    Fc(eV/cell)   S(kB/cell)    Cv(kB/cell)
   10.00    5.81030239    5.81023269    0.31118926    0.08087788    0.26403699
   20.00    5.81108252    5.80996099    0.52919790    0.65073594    1.72173563
   30.00    5.81344376    5.80896301    0.71203610    1.73322408    3.80462012
   40.00    5.81765896    5.80688545    0.87203456    3.12551531    5.96415903
   50.00    5.82367412    5.80353170    1.01504955    4.67483254    7.95950565
   60.00    5.83130818    5.79881134    1.14453033    6.28512976    9.71762094
   70.00    5.84035451    5.79269824    1.26275607    7.90035272   11.24085852
   80.00    5.85062263    5.78520290    1.37134664    9.48949810   12.55921583
   90.00    5.86195192    5.77635545    1.47151325   11.03666367   13.71001588
  100.00    5.87421384    5.76619556    1.56419601   12.53492509   14.72945138
  110.00    5.88730921    5.75476635    1.65014596   13.98260614   15.64919794
  120.00    5.90116380    5.74211103    1.72997696   15.38099589   16.49537738
  130.00    5.91572347    5.72827090    1.80420015   16.73295003   17.28866308
  140.00    5.93094981    5.71328448    1.87324780   18.04204189   18.04491305
  150.00    5.94681627    5.69718708    1.93749025   19.31205870   18.77599014
  160.00    5.96330509    5.68001075    1.99724833   20.54671449   19.49058209
  170.00    5.98040491    5.66178444    2.05280270   21.74949752   20.19492829
  180.00    5.99810892    5.64253422    2.10440092   22.92359943   20.89341817
  190.00    6.01641343    5.62228355    2.15226302   24.07189240   21.58906041
  200.00    6.03531693    5.60105354    2.19658582   25.19693341   22.28383835
  210.00    6.05481923    5.57886324    2.23754644   26.30098239   22.97897361
  220.00    6.07492096    5.55572986    2.27530511   27.38602680   23.67511935
  230.00    6.09562311    5.53166900    2.31000746   28.45380811   24.37250216
  240.00    6.11692674    5.50669489    2.34178648   29.50584786   25.07102734
  250.00    6.13883269    5.48082049    2.37076404   30.54347217   25.77035854
  260.00    6.16134145    5.45405772    2.39705225   31.56783420   26.46997969
  270.00    6.18445299    5.42641757    2.42075462   32.57993439   27.16924434
  280.00    6.20816671    5.39791022    2.44196694   33.58063877   27.86741602
  290.00    6.23248131    5.36854516    2.46077820   34.57069523   28.56370164
  300.00    6.25739481    5.33833129    2.47727122   35.55074811   29.25727947
