            -0.45000             0.00125
            -0.35000             0.00130
            -0.25000             0.00074
            -0.15000             0.00070
            -0.05000             0.00014
             0.05000             0.00019
             0.15000             0.00097
             0.25000             0.00186
             0.35000             0.00255
             0.45000             0.00348
             0.55000             0.00483
             0.65000             0.00594
             0.75000             0.00729
             0.85000             0.00854
             0.95000             0.00988
             1.05000             0.01239
             1.15000             0.01462
             1.25000             0.01638
             1.35000             0.01958
             1.45000             0.02274
             1.55000             0.02571
             1.65000             0.03142
             1.75000             0.04098
             1.85000             0.05875
             1.95000             0.06265
             2.05000             0.06274
             2.15000             0.06037
             2.25000             0.06070
             2.35000             0.06511
             2.45000             0.08121
             2.55000             0.08140
             2.65000             0.08358
             2.75000             0.09829
             2.85000             0.13128
             2.95000             0.11574
             3.05000             0.08692
             3.15000             0.09253
             3.25000             0.11226
             3.35000             0.16177
             3.45000             0.13922
             3.55000             0.11420
             3.65000             0.14539
             3.75000             0.13713
             3.85000             0.13546
             3.95000             0.14131
             4.05000             0.14780
             4.15000             0.12363
             4.25000             0.13360
             4.35000             0.14442
             4.45000             0.08167
             4.55000             0.16432
             4.65000             0.11360
             4.75000             0.13318
             4.85000             0.13486
             4.95000             0.08952
             5.05000             0.03940
             5.15000             0.11601
             5.25000             0.14595
             5.35000             0.10966
             5.45000             0.10590
             5.55000             0.06766
             5.65000             0.03833
             5.75000             0.01072
             5.85000             0.00000
             5.95000             0.00000
             6.05000             0.00000
             6.15000             0.00000
             6.25000             0.00000
             6.35000             0.00000
             6.45000             0.00000
             6.55000             0.00000
             6.65000             0.00000
             6.75000             0.00000
             6.85000             0.00000
             6.95000             0.00000
             7.05000             0.00000
             7.15000             0.00000
             7.25000             0.00000
             7.35000             0.00000
             7.45000             0.00000
             7.55000             0.00000
             7.65000             0.00000
             7.75000             0.00000
             7.85000             0.00000
             7.95000             0.00000
             8.05000             0.00000
             8.15000             0.00000
             8.25000             0.00000
             8.35000             0.00000
             8.45000             0.00000
             8.55000             0.00000
             8.65000             0.00000
             8.75000             0.00000
             8.85000             0.00000
             8.95000             0.00000
             9.05000             0.00000
             9.15000             0.00000
             9.25000             0.00000
             9.35000             0.00000
             9.45000             0.00000
             9.55000             0.00000
             9.65000             0.01893
             9.75000             0.18112
             9.85000             0.32614
             9.95000             0.06970
            10.05000             0.02436
            10.15000             0.00622
            10.25000             0.00000
            10.35000             0.00000
            10.45000             0.00000
            10.55000             0.00000
            10.65000             0.00000
            10.75000             0.00000
            10.85000             0.00000
            10.95000             0.00000
            11.05000             0.00000
            11.15000             0.00000
            11.25000             0.00000
            11.35000             0.00000
            11.45000             0.00000
            11.55000             0.00000
            11.65000             0.00000
            11.75000             0.00000
            11.85000             0.00000
            11.95000             0.00000
            12.05000             0.00000
            12.15000             0.00000
            12.25000             0.00000
            12.35000             0.00000
            12.45000             0.00000
            12.55000             0.00000
            12.65000             0.00000
            12.75000             0.00000
            12.85000             0.00000
            12.95000             0.00000
            13.05000             0.00042
            13.15000             0.02571
            13.25000             0.17917
            13.35000             0.25505
            13.45000             0.10516
            13.55000             0.05490
            13.65000             0.00608
            13.75000             0.00074
            13.85000             0.00756
            13.95000             0.01675
            14.05000             0.02877
            14.15000             0.04882
            14.25000             0.09425
            14.35000             0.24433
            14.45000             0.10140
            14.55000             0.06000
            14.65000             0.02385
            14.75000             0.00000
            14.85000             0.00000
            14.95000             0.00000
            15.05000             0.00000
            15.15000             0.00000
            15.25000             0.00000
            15.35000             0.00000
            15.45000             0.00000
            15.55000             0.00000
            15.65000             0.00000
            15.75000             0.00000
            15.85000             0.00000
            15.95000             0.00000
            16.05000             0.00000
            16.15000             0.00371
            16.25000             0.06673
            16.35000             0.22665
            16.45000             0.23644
            16.55000             0.07420
            16.65000             0.01875
            16.75000             0.00000
            16.85000             0.00000
            16.95000             0.00000
            17.05000             0.00000
            17.15000             0.00000
            17.25000             0.00000
            17.35000             0.00000
            17.45000             0.00000
            17.55000             0.00000
            17.65000             0.00000
            17.75000             0.00000
            17.85000             0.00000
            17.95000             0.00000
            18.05000             0.00000
            18.15000             0.00000
            18.25000             0.00000
            18.35000             0.00000
            18.45000             0.00000
            18.55000             0.00000
            18.65000             0.00000
            18.75000             0.00000
            18.85000             0.00000
            18.95000             0.00000
            19.05000             0.00000
            19.15000             0.00056
            19.25000             0.02218
            19.35000             0.04627
            19.45000             0.05592
            19.55000             0.07332
            19.65000             0.10460
            19.75000             0.13783
            19.85000             0.10539
            19.95000             0.07592
            20.05000             0.00450
            20.15000             0.00000
            20.25000             0.00000
            20.35000             0.00000
            20.45000             0.00000
            20.55000             0.00000
            20.65000             0.00000
            20.75000             0.00000
            20.85000             0.00000
            20.95000             0.00000
            21.05000             0.00000
            21.15000             0.00000
            21.25000             0.00000
            21.35000             0.00000
            21.45000             0.00000
            21.55000             0.00000
            21.65000             0.00000
            21.75000             0.00000
            21.85000             0.00000
            21.95000             0.00000
            22.05000             0.00000
            22.15000             0.00000
            22.25000             0.00000
            22.35000             0.00000
            22.45000             0.00000
            22.55000             0.00000
            22.65000             0.00000
            22.75000             0.00000
            22.85000             0.00000
            22.95000             0.00000
            23.05000             0.00000
            23.15000             0.00084
            23.25000             0.02353
            23.35000             0.05318
            23.45000             0.10710
            23.55000             0.18952
            23.65000             0.18344
            23.75000             0.37385
            23.85000             0.27495
            23.95000             0.04237
            24.05000             0.00418
            24.15000             0.00000
            24.25000             0.00000
            24.35000             0.00000
            24.45000             0.00000
            24.55000             0.00000
            24.65000             0.00000
            24.75000             0.01573
            24.85000             0.05597
            24.95000             0.11059
            25.05000             0.12544
            25.15000             0.15244
            25.25000             0.11829
            25.35000             0.06659
            25.45000             0.10859
            25.55000             0.13277
            25.65000             0.13620
            25.75000             0.08748
            25.85000             0.05040
            25.95000             0.03508
            26.05000             0.02283
            26.15000             0.01504
            26.25000             0.01067
            26.35000             0.00668
            26.45000             0.00218
            26.55000             0.00000
            26.65000             0.00000
            26.75000             0.00000
            26.85000             0.00000
            26.95000             0.00000
            27.05000             0.00000
            27.15000             0.00000
            27.25000             0.00000
            27.35000             0.00000
            27.45000             0.00000
            27.55000             0.00000
            27.65000             0.00000
            27.75000             0.00000
            27.85000             0.00000
            27.95000             0.00000
            28.05000             0.00000
            28.15000             0.00000
            28.25000             0.00000
            28.35000             0.00000
            28.45000             0.00000
            28.55000             0.00000
            28.65000             0.00000
            28.75000             0.00000
            28.85000             0.00000
            28.95000             0.00000
            29.05000             0.00000
            29.15000             0.00000
            29.25000             0.00000
            29.35000             0.00000
            29.45000             0.00000
            29.55000             0.00000
            29.65000             0.00000
            29.75000             0.00000
            29.85000             0.00000
            29.95000             0.00000
