            -0.45000             0.00128
            -0.35000             0.00130
            -0.25000             0.00106
            -0.15000             0.00097
            -0.05000             0.00035
             0.05000             0.00063
             0.15000             0.00232
             0.25000             0.00360
             0.35000             0.00585
             0.45000             0.00850
             0.55000             0.01169
             0.65000             0.02005
             0.75000             0.03234
             0.85000             0.04461
             0.95000             0.05333
             1.05000             0.05487
             1.15000             0.06570
             1.25000             0.09157
             1.35000             0.09889
             1.45000             0.09705
             1.55000             0.09090
             1.65000             0.08415
             1.75000             0.07364
             1.85000             0.06729
             1.95000             0.06521
             2.05000             0.06356
             2.15000             0.05704
             2.25000             0.07748
             2.35000             0.08823
             2.45000             0.08314
             2.55000             0.08805
             2.65000             0.08389
             2.75000             0.08387
             2.85000             0.08567
             2.95000             0.07977
             3.05000             0.07149
             3.15000             0.07238
             3.25000             0.07102
             3.35000             0.11517
             3.45000             0.11058
             3.55000             0.12991
             3.65000             0.14153
             3.75000             0.16096
             3.85000             0.16751
             3.95000             0.08268
             4.05000             0.05847
             4.15000             0.05265
             4.25000             0.04383
             4.35000             0.04886
             4.45000             0.06609
             4.55000             0.06894
             4.65000             0.05129
             4.75000             0.03208
             4.85000             0.02198
             4.95000             0.05968
             5.05000             0.10640
             5.15000             0.12122
             5.25000             0.10071
             5.35000             0.15381
             5.45000             0.07503
             5.55000             0.02903
             5.65000             0.02612
             5.75000             0.00000
             5.85000             0.00000
             5.95000             0.00000
             6.05000             0.00000
             6.15000             0.00000
             6.25000             0.00000
             6.35000             0.00000
             6.45000             0.00000
             6.55000             0.00000
             6.65000             0.00000
             6.75000             0.07997
             6.85000             0.07934
             6.95000             0.02883
             7.05000             0.12762
             7.15000             0.12330
             7.25000             0.05502
             7.35000             0.00713
             7.45000             0.00000
             7.55000             0.00000
             7.65000             0.00000
             7.75000             0.02690
             7.85000             0.19122
             7.95000             0.06193
             8.05000             0.21385
             8.15000             0.00731
             8.25000             0.00000
             8.35000             0.00000
             8.45000             0.00000
             8.55000             0.00000
             8.65000             0.00000
             8.75000             0.00000
             8.85000             0.00000
             8.95000             0.00000
             9.05000             0.00000
             9.15000             0.00000
             9.25000             0.00000
             9.35000             0.00000
             9.45000             0.00000
             9.55000             0.00000
             9.65000             0.00000
             9.75000             0.00000
             9.85000             0.00000
             9.95000             0.00000
            10.05000             0.00000
            10.15000             0.00000
            10.25000             0.00000
            10.35000             0.00000
            10.45000             0.00000
            10.55000             0.00000
            10.65000             0.00000
            10.75000             0.00000
            10.85000             0.00000
            10.95000             0.00000
            11.05000             0.11806
            11.15000             0.07759
            11.25000             0.05495
            11.35000             0.06651
            11.45000             0.09386
            11.55000             0.09024
            11.65000             0.00000
            11.75000             0.00000
            11.85000             0.00000
            11.95000             0.00000
            12.05000             0.00000
            12.15000             0.00000
            12.25000             0.00000
            12.35000             0.00000
            12.45000             0.00000
            12.55000             0.00000
            12.65000             0.00000
            12.75000             0.00000
            12.85000             0.00000
            12.95000             0.00000
            13.05000             0.00000
            13.15000             0.00000
            13.25000             0.00000
            13.35000             0.00000
            13.45000             0.00000
            13.55000             0.00000
            13.65000             0.00000
            13.75000             0.00000
            13.85000             0.00000
            13.95000             0.00000
            14.05000             0.00000
            14.15000             0.00000
            14.25000             0.00000
            14.35000             0.00000
            14.45000             0.00000
            14.55000             0.00000
            14.65000             0.00000
            14.75000             0.00000
            14.85000             0.08173
            14.95000             0.08780
            15.05000             0.07312
            15.15000             0.05838
            15.25000             0.10472
            15.35000             0.07210
            15.45000             0.02335
            15.55000             0.00000
            15.65000             0.00000
            15.75000             0.00000
            15.85000             0.00000
            15.95000             0.00000
            16.05000             0.00000
            16.15000             0.00000
            16.25000             0.00000
            16.35000             0.00000
            16.45000             0.00000
            16.55000             0.00000
            16.65000             0.00000
            16.75000             0.00000
            16.85000             0.00000
            16.95000             0.00000
            17.05000             0.00000
            17.15000             0.00000
            17.25000             0.00000
            17.35000             0.00000
            17.45000             0.03495
            17.55000             0.14658
            17.65000             0.06907
            17.75000             0.00000
            17.85000             0.00000
            17.95000             0.00635
            18.05000             0.03150
            18.15000             0.03664
            18.25000             0.02534
            18.35000             0.02428
            18.45000             0.02237
            18.55000             0.02107
            18.65000             0.01981
            18.75000             0.01561
            18.85000             0.01389
            18.95000             0.01244
            19.05000             0.01058
            19.15000             0.00859
            19.25000             0.00213
            19.35000             0.00000
            19.45000             0.03586
            19.55000             0.08127
            19.65000             0.14180
            19.75000             0.14305
            19.85000             0.09922
            19.95000             0.00000
            20.05000             0.00000
            20.15000             0.00000
            20.25000             0.00000
            20.35000             0.00000
            20.45000             0.00000
            20.55000             0.00000
            20.65000             0.00000
            20.75000             0.11069
            20.85000             0.11817
            20.95000             0.02174
            21.05000             0.00000
            21.15000             0.00000
            21.25000             0.05283
            21.35000             0.05549
            21.45000             0.05205
            21.55000             0.08461
            21.65000             0.00562
            21.75000             0.00000
            21.85000             0.00000
            21.95000             0.00000
            22.05000             0.00000
            22.15000             0.00000
            22.25000             0.00000
            22.35000             0.12872
            22.45000             0.13273
            22.55000             0.18773
            22.65000             0.05203
            22.75000             0.00000
            22.85000             0.00000
            22.95000             0.00000
            23.05000             0.00000
            23.15000             0.00000
            23.25000             0.00000
            23.35000             0.00000
            23.45000             0.00000
            23.55000             0.00000
            23.65000             0.00000
            23.75000             0.00000
            23.85000             0.00000
            23.95000             0.00000
            24.05000             0.00000
            24.15000             0.00000
            24.25000             0.19941
            24.35000             0.30180
            24.45000             0.00000
            24.55000             0.03841
            24.65000             0.31834
            24.75000             0.14446
            24.85000             0.00000
            24.95000             0.00000
            25.05000             0.00000
            25.15000             0.00000
            25.25000             0.00000
            25.35000             0.00000
            25.45000             0.00000
            25.55000             0.00000
            25.65000             0.00000
            25.75000             0.00000
            25.85000             0.00000
            25.95000             0.00000
            26.05000             0.00000
            26.15000             0.00000
            26.25000             0.00000
            26.35000             0.00000
            26.45000             0.00000
            26.55000             0.00000
            26.65000             0.00000
            26.75000             0.00000
            26.85000             0.00000
            26.95000             0.00000
            27.05000             0.00000
            27.15000             0.00000
            27.25000             0.00000
            27.35000             0.00000
            27.45000             0.00000
            27.55000             0.00000
            27.65000             0.00000
            27.75000             0.00000
            27.85000             0.00000
            27.95000             0.00000
            28.05000             0.00000
            28.15000             0.00000
            28.25000             0.00000
            28.35000             0.00000
            28.45000             0.00000
            28.55000             0.00000
            28.65000             0.00000
            28.75000             0.13724
            28.85000             0.32651
            28.95000             0.03746
            29.05000             0.00000
            29.15000             0.00000
            29.25000             0.00000
            29.35000             0.13089
            29.45000             0.18229
            29.55000             0.06298
            29.65000             0.03598
            29.75000             0.02692
            29.85000             0.02185
            29.95000             0.01856
