    3    8   24
 12.011 16.000  1.000
    1    1  0.0080  0.0000  0.0000
 -0.338045050613   0.012090142961   0.000021659431
  0.127159220458  -0.010131511847   0.000032801199
  0.021791031215   0.014027412361   0.000014063893
  0.019061185553  -0.008880512745   0.000014484212
  0.058032949331  -0.064141702604   0.000027344668
  0.056916718034   0.028920972218   0.053856199372
  0.057015367279   0.028960215090  -0.053966955389
 -0.001931421258  -0.000845015435   0.000000402614
    1    2  0.0000  0.0080  0.0000
  0.012095011695  -0.451536861422   0.000029744238
 -0.008035142033   0.058686172096  -0.000003778204
  0.029962985875   0.003512118628   0.000006154549
 -0.030588967267   0.004800918895  -0.000018226492
 -0.058713420986   0.218793128133  -0.000078801075
  0.029341129986   0.080517348620   0.076789030438
  0.029378527084   0.080429432171  -0.076719441631
 -0.003440124355   0.004797742880  -0.000004681823
    1    3  0.0000  0.0000  0.0080
  0.000028694041   0.000021517462  -0.394185596661
  0.000015323234   0.000018062386   0.066569269872
  0.000013239802   0.000008582987  -0.018936231430
  0.000036326357  -0.000019602793  -0.007254528587
  0.000025319226  -0.000081745807   0.037089098878
  0.055170720575   0.077605680362   0.159783797190
 -0.055289021724  -0.077545711776   0.159775900337
 -0.000000601511  -0.000006782821  -0.002841709600
    2    1  0.0080  0.0000  0.0000
  0.127223742925  -0.008058907557   0.000069791482
 -0.530703032505  -0.152215805678  -0.000158310222
  0.253280842123   0.211328578487   0.000020055728
  0.105592821099  -0.015686682717   0.000028527875
  0.007662987083   0.001391401295   0.000006884840
  0.007983032870   0.002513716048   0.000250790262
  0.008008385268   0.002519002363  -0.000246897423
  0.020951221137  -0.041791302240   0.000029157457
    2    2  0.0000  0.0080  0.0000
 -0.010106936682   0.058601479284  -0.000004080051
 -0.152210858471  -0.517985705189   0.000045646179
  0.199038147394   0.337702890589   0.000003593227
 -0.033196359950   0.120139581901  -0.000038859977
 -0.026320424683   0.001124113118  -0.000012476111
  0.014511192474   0.001788366638   0.000350177245
  0.014497864178   0.001789144340  -0.000340550618
 -0.006212624259  -0.003159870680  -0.000003449893
    2    3  0.0000  0.0000  0.0080
  0.000021758948  -0.000000171953   0.066518215945
 -0.000122141782   0.000020275093  -0.162185322900
  0.000055860851   0.000044305979   0.054760822292
  0.000041706198  -0.000047420012   0.043974255379
  0.000007763466  -0.000000451491   0.001802201011
  0.023920176348  -0.001640610128  -0.001148145352
 -0.023927514070   0.001643959397  -0.001174070369
  0.000002390040  -0.000019886887  -0.002547956005
    3    1  0.0080  0.0000  0.0000
  0.021787310600   0.029937709115   0.000005956203
  0.253245048353   0.198896677942   0.000003625496
 -0.251732581999  -0.245112226098  -0.000035537721
 -0.027600043290   0.009142607142  -0.000003406536
 -0.002335212785   0.000315495139   0.000006258166
  0.004144504230   0.000659312878  -0.000816362191
  0.004139089050   0.000657371635   0.000836147624
 -0.001648114159   0.005503052247   0.000003318960
    3    2  0.0000  0.0080  0.0000
  0.013995778569   0.003538515980  -0.000001606766
  0.211278452968   0.337502409182   0.000008956700
 -0.245134317779  -0.415046686702   0.000016228446
  0.013468460937   0.079122858063  -0.000025648618
  0.000901622372  -0.001505464376  -0.000000286087
 -0.000242572020  -0.001108583984  -0.001013303801
 -0.000241482790  -0.001108038193   0.001012188149
  0.005974057744  -0.001395009970   0.000003471976
    3    3  0.0000  0.0000  0.0080
  0.000007445451   0.000015549594  -0.018891024861
  0.000002581146  -0.000035424962   0.054705772116
 -0.000010374679   0.000030655619  -0.021562830057
 -0.000009261013  -0.000039056406  -0.020480209194
  0.000001345880   0.000007965558   0.000430873378
 -0.003280417031   0.000045983748   0.000733327208
  0.003289109744  -0.000032298797   0.000736746537
 -0.000000429498   0.000006625645   0.004327344873
    4    1  0.0080  0.0000  0.0000
  0.019060264224  -0.030635266453   0.000018861050
  0.105583365691  -0.033129730018   0.000034493821
 -0.027596546758   0.013469887774  -0.000031803385
 -0.443996511214   0.001724883919  -0.000189172278
  0.006010109266  -0.000084890730   0.000009133970
 -0.000125371212  -0.001232997335  -0.000078140778
 -0.000127406535  -0.001233587321   0.000092029067
  0.341192096538   0.051121700163   0.000144598533
    4    2  0.0000  0.0080  0.0000
 -0.008852628035   0.004825636581  -0.000007005760
 -0.015684946288   0.120084136473  -0.000029479146
  0.009148370085   0.079152652962  -0.000024833101
  0.001784677231  -0.242950814158   0.000060590460
 -0.000190821574  -0.001043302808   0.000000611224
 -0.001009915208   0.000372678363  -0.000419267822
 -0.001009276990   0.000372704610   0.000419315022
  0.015814540778   0.039186307975   0.000000069124
    4    3  0.0000  0.0000  0.0080
 -0.000011754152  -0.000020159560  -0.007217014556
  0.000033328467  -0.000086749524   0.043964838299
  0.000005785993   0.000011954412  -0.020476348021
 -0.000127231564   0.000042065949  -0.026784976535
 -0.000007237962   0.000010256723  -0.000849789209
 -0.001586915318   0.000314600335  -0.000217338781
  0.001574522982  -0.000297951531  -0.000216917372
  0.000119501554   0.000025983196   0.011797546175
    5    1  0.0080  0.0000  0.0000
  0.058050045194  -0.058648447475   0.000021126226
  0.007664861030  -0.026308951614   0.000039223216
 -0.002361897874   0.000895763812  -0.000028318134
  0.006015941927  -0.000175094394   0.000004944918
 -0.063864326675   0.068587752846  -0.000035564861
 -0.003107693401   0.008493733025  -0.001371873505
 -0.003119346477   0.008508090172   0.001366336972
  0.000722416277  -0.001352846372   0.000004125169
    5    2  0.0000  0.0080  0.0000
 -0.064105106508   0.218805301328  -0.000079988354
  0.001381766361   0.001118933360   0.000002362735
  0.000318054577  -0.001518425858   0.000002223963
 -0.000093471852  -0.001010078814   0.000001621339
  0.068615414057  -0.236260665590   0.000077667306
 -0.003109876035   0.009487709382  -0.000207297806
 -0.003105642245   0.009476872692   0.000201888998
  0.000098861645  -0.000099646500   0.000001521819
    5    3  0.0000  0.0000  0.0080
  0.000051778796  -0.000079767365   0.037179156448
 -0.000004226064  -0.000024106925   0.001823031280
 -0.000005798632   0.000011928564   0.000386403737
 -0.000013053868   0.000009505697  -0.000899559000
 -0.000027009925   0.000058807699  -0.035638006107
 -0.007641462980   0.018772896834  -0.001085134440
  0.007639028008  -0.018756069249  -0.001060328128
  0.000000744665   0.000006804745  -0.000705563790
    6    1  0.0080  0.0000  0.0000
  0.056952753072   0.029321255669   0.055107800908
  0.007995713701   0.014511941636   0.023926157111
  0.004159927852  -0.000233992513  -0.003269428687
 -0.000165449112  -0.000966984440  -0.001566450346
 -0.003115197412  -0.003096526254  -0.007646205447
 -0.061976897865  -0.034893649525  -0.058963638286
 -0.003554109344  -0.004823068327  -0.007036871044
 -0.000296740891   0.000181023755  -0.000551364208
    6    2  0.0000  0.0080  0.0000
  0.028899423516   0.080551329415   0.077522675679
  0.002515476223   0.001819633262  -0.001663915464
  0.000674765112  -0.001154489154   0.000046521164
 -0.001211678138   0.000408694735   0.000318047894
  0.008489970597   0.009476304210   0.018776887007
 -0.034900592467  -0.084858740516  -0.085134738155
 -0.004805780537  -0.006234340855  -0.009750934889
  0.000338415693  -0.000008391097  -0.000114543235
    6    3  0.0000  0.0000  0.0080
  0.053838185984   0.076794393738   0.159765208324
  0.000253005071   0.000349412676  -0.001167380931
 -0.000808265357  -0.001007297468   0.000718207186
 -0.000078053854  -0.000410384973  -0.000222155350
 -0.001372432749  -0.000206394809  -0.001065072176
 -0.058989819787  -0.085183244962  -0.175057964490
  0.007036526076   0.009781411272   0.017192800049
  0.000120854616  -0.000117895473  -0.000163642612
    7    1  0.0080  0.0000  0.0000
  0.057045844916   0.029354635313  -0.055200538371
  0.008008252719   0.014503065342  -0.023927390385
  0.004163503710  -0.000225805440   0.003278242248
 -0.000169605684  -0.000976613516   0.001571340536
 -0.003121957639  -0.003086983799   0.007635076475
 -0.003551851950  -0.004810871508   0.007007394224
 -0.062078317728  -0.034940403681   0.059085638052
 -0.000295868344   0.000182977289   0.000550237222
    7    2  0.0000  0.0080  0.0000
  0.028939747942   0.080463427003  -0.077448830812
  0.002514471697   0.001820175396   0.001665470370
  0.000676146938  -0.001154123131  -0.000044162307
 -0.001209876047   0.000407536730  -0.000319483046
  0.008508885628   0.009464997442  -0.018774775253
 -0.004817309092  -0.006235365025   0.009759484155
 -0.034951533650  -0.084757520054   0.085047301370
  0.000339466583  -0.000009128362   0.000114995523
    7    3  0.0000  0.0000  0.0080
 -0.053968231551  -0.076714503128   0.159777366336
 -0.000248929623  -0.000339293182  -0.001180679875
  0.000800362637   0.001013576543   0.000719847394
  0.000105920601   0.000417533343  -0.000224612514
  0.001366261295   0.000188395567  -0.001048672980
 -0.007048229491  -0.009765397007   0.017192437513
  0.059120352680   0.085077652387  -0.175069020749
 -0.000127506548   0.000122035478  -0.000166665124
    8    1  0.0080  0.0000  0.0000
 -0.001880089396  -0.003441364896   0.000003222526
  0.020953772348  -0.006207005637   0.000004930080
 -0.001653657656   0.006024396539  -0.000002858939
  0.341067445872   0.015866798579   0.000153948496
  0.000760131158   0.000091607540   0.000004809692
 -0.000261134505   0.000328279894   0.000139431254
 -0.000254947611   0.000333935828  -0.000161562673
 -0.358731520210  -0.012996647846  -0.000141920436
    8    2  0.0000  0.0080  0.0000
 -0.000846262408   0.004802860980  -0.000002684440
 -0.041794145003  -0.003171082074  -0.000018986508
  0.005525733245  -0.001443431689   0.000004311693
  0.051071445765   0.039306923631   0.000015209568
 -0.001340164655  -0.000111818739  -0.000000766922
  0.000189572074  -0.000008217029  -0.000121523262
  0.000189800413  -0.000008092359   0.000121626960
 -0.012995979431  -0.039367142721   0.000002812912
    8    3  0.0000  0.0000  0.0080
 -0.000007189547  -0.000005582133  -0.002854249630
  0.000026633715  -0.000010838355  -0.002546378386
  0.000006691791  -0.000000474523   0.004298617541
  0.000128234880   0.000046237505   0.011949410774
 -0.000002216219  -0.000004055512  -0.000720131631
 -0.000559614650  -0.000133189221  -0.000200541875
  0.000554799739   0.000123411586  -0.000199043297
 -0.000147339707  -0.000015509347  -0.009727683497
