#  T(K)     E(eV/cell)    F(eV/cell)    Fc(eV/cell)   S(kB/cell)    Cv(kB/cell)
    0.00           NaN   15.37167494           NaN           NaN           NaN
   10.00   15.37184929   15.37162166    0.85975964    0.26415227    0.85445433
   20.00   15.37427544   15.37076078    1.46148064    2.03928750    5.33471020
   30.00   15.38168464   15.36763796    1.96580657    5.43346688   12.04677491
   40.00   15.39507877   15.36110103    2.40688401    9.85732237   18.93734555
   50.00   15.41403016   15.35051928    2.80093029   14.74017412   24.84147960
   60.00   15.43753328   15.33567632    3.15749723   19.69989534   29.50743539
   70.00   15.46457437   15.31660524    3.48289634   24.53000013   33.09239315
   80.00   15.49432904   15.29346421    3.78161347   29.13656769   35.84712557
   90.00   15.52618481   15.26646258    4.05700268   33.48814438   38.00408343
  100.00   15.55971123   15.23582128    4.31166740   37.58563861   39.75238006
  110.00   15.59462238   15.20175283    4.54768742   41.44576383   41.23930186
  120.00   15.63074373   15.16445187    4.76676264   45.09216223   42.57737911
  130.00   15.66798529   15.12409149    4.97030857   48.55066963   43.85125510
  140.00   15.70632001   15.08082252    5.15952222   51.84680527   45.12328819
  150.00   15.74576664   15.03477446    5.33542915   55.00447652   46.43800493
  160.00   15.78637592   14.98605709    5.49891784   58.04536149   47.82569212
  170.00   15.82821963   14.93476260    5.65076547   60.98867733   49.30535150
  180.00   15.87138197   14.88096769    5.79165763   63.85116947   50.88715839
  190.00   15.91595285   14.82473564    5.92220359   66.64722565   52.57451137
  200.00   15.96202281   14.76611828    6.04294843   69.38905671   54.36573096
  210.00   16.00967926   14.70515780    6.15438260   72.08690878   56.25545238
  220.00   16.05900383   14.64188832    6.25694983   74.74928450   58.23575217
  230.00   16.11007052   14.57633729    6.35105344   77.38316003   60.29704553
  240.00   16.16294465   14.50852676    6.43706164   79.99418981   62.42878927
  250.00   16.21768220   14.43847439    6.51531195   82.58689484   64.62002224
  260.00   16.27432971   14.36619437    6.58611485   85.16483250   66.85977202
  270.00   16.33292435   14.29169819    6.64975693   87.73074759   69.13735320
  280.00   16.39349430   14.21499529    6.70650352   90.28670504   71.44257877
  290.00   16.45605920   14.13609354    6.75660100   92.83420563   73.76590290
