#  T(K)     E(eV/cell)    F(eV/cell)    Fc(eV/cell)   S(kB/cell)    Cv(kB/cell)
   10.00    7.68414877    7.68405632    0.43030089    0.10728130    0.33031657
   20.00    7.68518898    7.68370320    0.73158246    0.86208431    2.42597242
   30.00    7.68872833    7.68231738    0.98416649    2.47985055    5.89172361
   40.00    7.69535303    7.67926596    1.20512628    4.66703941    9.42116629
   50.00    7.70480361    7.67420398    1.40257049    7.10183623   12.40386924
   60.00    7.71654476    7.66701475    1.58127503    9.57947351   14.74436589
   70.00    7.73005763    7.65771290    1.74439565   11.99315259   16.53716928
   80.00    7.74492656    7.64637720    1.89417528   14.29513671   17.91294524
   90.00    7.76084443    7.63311235    2.03229096   16.46955854   18.98939787
  100.00    7.77759590    7.61802887    2.16004438   18.51687190   19.86163960
  110.00    7.79503829    7.60123307    2.27847546   20.44547718   20.60371293
  120.00    7.81308491    7.58282226    2.38843414   22.26725755   21.27214746
  130.00    7.83169147    7.56288292    2.49062817   23.99519041   21.90929210
  140.00    7.85084506    7.54149037    2.58565607   25.64207393   22.54609282
  150.00    7.87055539    7.51870922    2.67403060   27.21986907   23.20438569
  160.00    7.89084772    7.49459427    2.75619601   28.73938980   23.89880089
  170.00    7.91175743    7.46919152    2.83254090   30.21019309   24.63834369
  180.00    7.93332568    7.44253929    2.90340804   31.64058290   25.42769846
  190.00    7.95559623    7.41466925    2.96910210   33.03767711   26.26829295
  200.00    7.97861294    7.38560743    3.02989558   34.40750651   27.15915676
  210.00    8.00241809    7.35537507    3.08603374   35.75512728   28.09760588
  220.00    8.02705109    7.32398945    3.13773842   37.08473567   29.07978216
  230.00    8.05254767    7.29146456    3.18521129   38.39977842   30.10107381
  240.00    8.07893939    7.25781169    3.22863646   39.70305555   31.15643917
  250.00    8.10625337    7.22303998    3.26818269   40.99681366   32.24065276
  260.00    8.13451220    7.18715684    3.30400521   42.28282932   33.34848913
  270.00    8.16373405    7.15016831    3.33624731   43.56248281   34.47485749
  280.00    8.19393276    7.11207942    3.36504168   44.83682245   35.61489750
  290.00    8.22511812    7.07289438    3.39051149   46.10662057   36.76404447
  300.00    8.25729615    7.03261686    3.41277143   47.37242170   37.91807103
