    3   10   15
 14.001 12.011  1.000
    1    1  0.0080  0.0000  0.0000
 -0.297699564057  -0.000009709149  -0.000009774650
 -0.007018848581   0.000000684700  -0.000002029844
  0.134692571609   0.064249713505  -0.026494888619
  0.023344841276   0.026023150970  -0.010730196584
  0.023344510965  -0.026020664665   0.010732853430
  0.134692444952  -0.064248908376   0.026497544506
 -0.011095562993  -0.003852194625   0.001590958362
  0.005417607580   0.000029552497  -0.000009902253
  0.005417597472  -0.000026842820   0.000012999446
 -0.011095598221   0.003855217963  -0.001587563794
    1    2  0.0000  0.0080  0.0000
 -0.000023940930  -0.389407158771   0.133651193431
  0.000010274240   0.056137782479  -0.016153276502
  0.048375990455   0.168497053946  -0.050564032289
  0.069016764828  -0.023122405500   0.000861654934
 -0.068956188255  -0.023117914736   0.000863430846
 -0.048426864335   0.168463545754  -0.050545525791
  0.013688863368   0.022828342541  -0.007737933127
  0.000203806943  -0.001547442690  -0.001322306260
 -0.000196313807  -0.001551177434  -0.001320665303
 -0.013692392507   0.022819374411  -0.007732539938
    1    3  0.0000  0.0000  0.0080
  0.000028073012   0.133639177709  -0.120337217736
  0.000031797984  -0.016158456331   0.023606793005
 -0.019917568655  -0.050547778518   0.066736081025
 -0.028512124584   0.000894754725  -0.021433926251
  0.028436778179   0.000815843829  -0.021399637070
  0.019872575713  -0.050497008259   0.066706985094
 -0.005623973754  -0.007754911509   0.007272300339
 -0.000073065219  -0.001319922882  -0.004210716050
  0.000102276339  -0.001338422676  -0.004202734246
  0.005655230985  -0.007733276088   0.007262071890
    3    1  0.0080  0.0000  0.0000
  0.134722837883   0.048150789424  -0.019905175365
  0.023337277407  -0.069061451210   0.028483996332
 -0.479536729260   0.047247690554  -0.019509475282
  0.211930366616   0.025837529006  -0.010653310187
  0.045180559217   0.021886994047  -0.009015166138
 -0.047690811625   0.014109271512  -0.005842650429
  0.105348380393  -0.085677363160   0.035352760423
  0.006382912595  -0.001118208432   0.000482340291
  0.000407286423   0.000458576180  -0.000168164272
 -0.000082079650  -0.001833827920   0.000774844627
    3    2  0.0000  0.0080  0.0000
  0.064286681505   0.168457113115  -0.050554208782
 -0.026034557734  -0.023138345156   0.000851698523
  0.047356108371  -0.471800867633   0.148808535235
 -0.025831560156   0.098269433432  -0.016799729150
  0.021912839997   0.012240131224  -0.000399132917
 -0.014091954523   0.060715444391  -0.024932584423
 -0.086056768034   0.158709733686  -0.053133288204
  0.020140915177  -0.003164798180  -0.000125468550
  0.001527546462   0.000108465340  -0.000152032792
 -0.003209251066  -0.000396310220  -0.003563788941
    3    3  0.0000  0.0000  0.0080
 -0.026475498398  -0.050526238478   0.066736493571
  0.010774090926   0.000847352616  -0.021444561823
 -0.019534173827   0.148795981115  -0.172323107631
  0.010600113515  -0.016740700423   0.064449911952
 -0.009072754042  -0.000476820819   0.011442550667
  0.005771362215  -0.024912045728   0.010518031985
  0.035497159693  -0.053130456170   0.051818536142
 -0.008290847958  -0.000117932916  -0.003425631346
 -0.000610086839  -0.000173832756  -0.000196572035
  0.001340634714  -0.003565306440  -0.007575651481
    4    1  0.0080  0.0000  0.0000
  0.023258805274   0.069018921129  -0.028456365372
  0.134682909872  -0.048256956620   0.019893517336
  0.212046138758  -0.025797901589   0.010652946806
 -0.479604073004  -0.047344897538   0.019519738903
 -0.047619219274  -0.014054344822   0.005788993530
  0.045112803551  -0.021852974508   0.009013097874
  0.006409434455   0.001147459375  -0.000474475633
  0.105364771543   0.085707197950  -0.035346078676
 -0.000064466979   0.001862831712  -0.000768182442
  0.000412895803  -0.000429335089   0.000176807673
    4    2  0.0000  0.0080  0.0000
  0.026047730279  -0.023128982076   0.000851068512
 -0.064321332749   0.168389445926  -0.050527475023
  0.025799076202   0.098214151797  -0.016788545260
 -0.047203958856  -0.471819374507   0.148801605849
  0.014068979685   0.060751076389  -0.024944764294
 -0.021919338731   0.012295007791  -0.000421286428
 -0.020169624947  -0.003156738710  -0.000124751086
  0.086043587956   0.158711554499  -0.053130949228
  0.003194077456  -0.000382248908  -0.003563104954
 -0.001539196295   0.000126107799  -0.000151798087
    4    3  0.0000  0.0000  0.0080
 -0.010771202618   0.000840646985  -0.021455135397
  0.026467374017  -0.050515513213   0.066749803347
 -0.010592709916  -0.016730822037   0.064472620041
  0.019532726380   0.148809756939  -0.172334925081
 -0.005771997031  -0.024919323858   0.010515309088
  0.009076499862  -0.000482497537   0.011441066519
  0.008288858808  -0.000121047588  -0.003428632156
 -0.035498220616  -0.053131487594   0.051822040238
 -0.001341567820  -0.003570151255  -0.007580115265
  0.000610238934  -0.000179560841  -0.000202031334
    7    1  0.0080  0.0000  0.0000
 -0.011129801473   0.013660910893  -0.005596880023
  0.005443760221  -0.000207203757  -0.000004105276
  0.105288451896  -0.086053045994   0.035403850726
  0.006423407198  -0.020198942944   0.008428341672
  0.000429205862   0.001555829502  -0.000638827651
 -0.000108597093   0.003211708485  -0.001313681228
 -0.105652542428   0.087258567172  -0.035980769545
 -0.000246142930   0.000521556440  -0.000221207513
 -0.000134714089  -0.000201628857   0.000093806775
 -0.000313027162   0.000452249060  -0.000170527937
    7    2  0.0000  0.0080  0.0000
 -0.003788795568   0.022942040149  -0.007841657334
 -0.000008195026  -0.001519168378  -0.001341207161
 -0.085839150037   0.158563484050  -0.053122350875
  0.001089065174  -0.003203506685  -0.000134520557
  0.000498010234   0.000137997023  -0.000162990900
  0.001819300897  -0.000328221012  -0.003596291643
  0.087328948061  -0.177374714944   0.065195098522
 -0.000484348717   0.000192076809   0.000531685211
 -0.000192081921   0.000260176960   0.000811250499
 -0.000422753097   0.000329836030  -0.000339015763
    7    3  0.0000  0.0000  0.0080
  0.001591965828  -0.007759339233   0.007180333798
  0.000017057297  -0.001356177696  -0.004273392981
  0.035325542406  -0.053065831113   0.051973127946
 -0.000475655994  -0.000133992562  -0.003428198606
 -0.000181310799  -0.000177700193  -0.000243124504
 -0.000766229273  -0.003593525532  -0.007618769666
 -0.035980430487   0.065164246297  -0.046301424366
  0.000200855261   0.000508049260   0.001238262761
  0.000089529450   0.000780377031   0.001858470876
  0.000178676310  -0.000366106258  -0.000385285259
    8    1  0.0080  0.0000  0.0000
  0.005406467177   0.000175676031  -0.000089366524
 -0.011082314437  -0.013612433373   0.005604222633
  0.006387650692   0.020156822296  -0.008265194717
  0.105304982418   0.086029742552  -0.035482164354
 -0.000106282867  -0.003228347880   0.001320032932
  0.000392579433  -0.001531017605   0.000618082981
 -0.000254624969  -0.000502777177   0.000221803347
 -0.105613870092  -0.087243819052   0.035980031741
 -0.000298107267  -0.000451251452   0.000182762872
 -0.000136480088   0.000207405661  -0.000090210912
    8    2  0.0000  0.0080  0.0000
 -0.000024161360  -0.001599536790  -0.001311069003
  0.003790193309   0.022929336884  -0.007830296439
 -0.001085145062  -0.003189100218  -0.000135134110
  0.085775322552   0.158594748940  -0.053117434064
 -0.001840736315  -0.000358734126  -0.003587571298
 -0.000468406850   0.000122445382  -0.000159890478
  0.000474357931   0.000219887497   0.000516282549
 -0.087250255578  -0.177334701272   0.065173110960
  0.000426932936   0.000342884024  -0.000349392969
  0.000201898438   0.000272769679   0.000801394852
    8    3  0.0000  0.0000  0.0080
 -0.000016860532  -0.001356884301  -0.004274149983
 -0.001591522665  -0.007758421359   0.007186419290
  0.000474352166  -0.000134046940  -0.003426137575
 -0.035326678828  -0.053064489727   0.051976950763
  0.000765462524  -0.003593240010  -0.007618435504
  0.000181594235  -0.000177413011  -0.000243596928
 -0.000201331240   0.000507626715   0.001237052122
  0.035983454468   0.065162748742  -0.046308346761
 -0.000179026104  -0.000366114989  -0.000386519820
 -0.000089444024   0.000780234880   0.001856764396
