#  T(K)     E(eV/cell)    F(eV/cell)    Fc(eV/cell)   S(kB/cell)    Cv(kB/cell)
    0.00           NaN   15.89562697           NaN           NaN           NaN
   10.00   15.89578726   15.89556377    0.86996440    0.25934457    0.72723044
   20.00   15.89795259   15.89478721    1.48190768    1.83662247    4.92092692
   30.00   15.90492424   15.89192488    1.99646250    5.02834804   11.36047098
   40.00   15.91737116   15.88585775    2.44777312    9.14239073   17.32340371
   50.00   15.93439361   15.87609270    2.85205578   13.53099623   21.97093130
   60.00   15.95492579   15.86255495    3.21886165   17.86520995   25.53532774
   70.00   15.97820329   15.84535379    3.55450179   22.02350015   28.39972915
   80.00   16.00375283   15.82465653    3.86346177   25.97891987   30.84531337
   90.00   16.03129454   15.80063540    4.14909542   29.74079873   33.04507830
  100.00   16.06066413   15.77344862    4.41400598   33.32977319   35.10028398
  110.00   16.09176480   15.74323556    4.66027311   36.76808472   37.07021913
  120.00   16.12453970   15.71011704    4.88959660   40.07621752   38.99063633
  130.00   16.15895663   15.67419735    5.10339183   43.27202734   40.88419982
  140.00   16.19499940   15.63556654    5.30285578   46.37077997   42.76616846
  150.00   16.23266296   15.59430250    5.48901390   49.38546931   44.64740750
  160.00   16.27195030   15.55047276    5.66275462   52.32717634   46.53595499
  170.00   16.31287045   15.50413603    5.82485507   55.20538893   48.43782841
  180.00   16.35543690   15.45534342    5.97600080   58.02826401   50.35744487
  190.00   16.39966634   15.40413951    6.11680104   60.80283597   52.29785385
  200.00   16.44557757   15.35056325    6.24780081   63.53518094   54.26088657
  210.00   16.49319046   15.29464870    6.36949055   66.23054744   56.24727448
  220.00   16.54252510   15.23642573    6.48231395   68.89346190   58.25676214
  230.00   16.59360098   15.17592059    6.58667430   71.52781581   60.28822448
  240.00   16.64643626   15.11315642    6.68293980   74.13693942   62.33979042
  250.00   16.70104724   15.04815370    6.77144793   76.72366558   64.40897117
  260.00   16.75744786   14.98093067    6.85250916   79.29038609   66.49278919
  270.00   16.81564929   14.91150370    6.92641005   81.83910224   68.58790396
  280.00   16.87565976   14.83988755    6.99341593   84.37147061   70.69073066
  290.00   16.93748430   14.76609570    7.05377314   86.88884479   72.79754886
