 10.          3.90953346 
 20.          3.90953364 
 30.          3.90954404 
 40.          3.90961739 
 50.         3.9098278 
 60.          3.91022379 
 70.          3.91082788 
 80.          3.91165348 
 90.          3.91271515 
 100.           3.91403131 
 110.           3.91562339 
 120.           3.91751442 
 130.           3.91972771 
 140.           3.92228616 
 150.           3.92521178 
 160.           3.92852545 
 170.           3.93224675 
 180.           3.93639384 
 190.           3.94098341 
 200.           3.94603053 
 210.           3.95154868 
 220.           3.95754962 
 230.           3.96404346 
 240.           3.97103859 
 250.           3.97854174 
 260.           3.98655803 
 270.           3.99509102 
 280.           4.00414277 
 290.           4.01371396 
 300.           4.02380395 
