1 0.0005009289214894469
1 2.0111195727148843e-06
1 1.4669878736038676e-06
1 1.2590451985713807e-06
0 0.00025609634023923325
0 0.00043242665935442845
0 0.020720715994136586
0 0.0225084142394282
0 0.045416260886371955
0 0.04815727832924733
0 0.058156348858300635
0 0.05883092344402134
0 0.0634274552812837
0 0.06346335088465738
0 0.07696606052672543
0 0.07814843633217153
0 0.08804900657317127
0 0.09278971385333547
0 0.09514192217823347
0 0.09703686415874685
0 0.09905162574032758
0 0.10290188201050963
0 0.10870986345963918
0 0.11650937313305418
0 0.11685116926596054
0 0.11892821536312839
0 0.12113456213561422
0 0.12167304818049912
0 0.12488654684745018
0 0.12621264277641908
0 0.14039493369377026
0 0.14231855658242445
0 0.14391879032518845
0 0.14563119323840637
0 0.14946985881591154
0 0.15572622286167787
0 0.15714438958434496
0 0.16507446721458133
0 0.16729786125470925
0 0.1746323108578203
0 0.181547827871014
0 0.18226051529152354
0 0.1868477087288195
0 0.19160184240967554
0 0.19609671736453893
0 0.19826770610297023
0 0.38286350079793424
0 0.3828785849208223
0 0.3829622818649264
0 0.3833406835775445
0 0.384778597457686
0 0.3847900746299055
0 0.38641981133309433
0 0.3864422868901374
