#  T(K)     E(eV/cell)    F(eV/cell)    Fc(eV/cell)   S(kB/cell)    Cv(kB/cell)
    0.00           NaN    5.25917688           NaN           NaN           NaN
   10.00    5.25921095    5.25916908    0.27641941    0.04858778    0.21548170
   20.00    5.25999594    5.25893015    0.47399368    0.61839811    1.74017014
   30.00    5.26216909    5.25797931    0.64180834    1.62067085    3.20989141
   40.00    5.26536834    5.25612253    0.79029708    2.68231107    4.13747123
   50.00    5.26919736    5.25337813    0.92441519    3.67146681    4.70594151
   60.00    5.27342579    5.24982256    1.04708127    4.56504089    5.08723534
   70.00    5.27794268    5.24553520    1.16022385    5.37244149    5.38904340
   80.00    5.28270916    5.24058316    1.26521360    6.11061266    5.67416065
   90.00    5.28772706    5.23501880    1.36307538    6.79611368    5.97642849
  100.00    5.29301901    5.22888132    1.45460468    7.44282464    6.31183785
  110.00    5.29861660    5.22219925    1.54043698    8.06164660    6.68617352
  120.00    5.30455382    5.21499287    1.62109171    8.66087826    7.09991226
  130.00    5.31086390    5.20727624    1.69700137    9.24674972    7.55109039
  140.00    5.31757788    5.19905879    1.76853173    9.82391825    8.03683705
  150.00    5.32472426    5.19034644    1.83599614   10.39586909    8.55411629
  160.00    5.33232893    5.18114249    1.89966609   10.96521945    9.10003806
  170.00    5.34041543    5.17144831    1.95977906   11.53394168    9.67195176
  180.00    5.34900509    5.16126376    2.01654451   12.10352472   10.26743980
  190.00    5.35811726    5.15058759    2.07014863   12.67509026   10.88427250
  200.00    5.36776941    5.13941771    2.12075796   13.24947644   11.52035469
  210.00    5.37797728    5.12775143    2.16852237   13.82729863   12.17367833
  220.00    5.38875486    5.11558557    2.21357743   14.40899409   12.84228674
  230.00    5.40011450    5.10291666    2.25604638   14.99485543   13.52425189
  240.00    5.41206689    5.08974103    2.29604174   15.58505615   14.21766349
  250.00    5.42462106    5.07605490    2.33366663   16.17967081   14.92062800
  260.00    5.43778445    5.06185447    2.36901593   16.77869134   15.63127495
  270.00    5.45156289    5.04713597    2.40217720   17.38204054   16.34776817
  280.00    5.46596062    5.03189572    2.43323151   17.98958368   17.06831969
  290.00    5.48098041    5.01613018    2.46225415   18.60113848   17.79120456
