1 0.0005264861379961467
1 0.0003253111015584223
1 0.00023927074361167414
0 3.4842862788420515e-07
0 4.507565743325165e-06
0 1.695209449080163e-05
0 0.004152897225609525
0 0.007081654992660488
0 0.009372585699550401
0 0.02788160595513377
0 0.03427515566839339
0 0.04503809849182236
0 0.060591260596813024
0 0.06249482857262721
0 0.06411587111546699
0 0.07213824311991211
0 0.07635646837827029
0 0.07834812989923234
0 0.07933766217074996
0 0.09519112163632673
0 0.09683367777296771
0 0.11743038275174912
0 0.1219189922007791
0 0.12636992747994116
0 0.13201096226005335
0 0.13507565613644285
0 0.14875729497192555
0 0.15239906476741238
0 0.15804959204918034
0 0.1585248562227719
0 0.16920903478691077
0 0.16982318988146636
0 0.17902143041530344
0 0.18075444683096303
0 0.21164412333096938
0 0.21186332439361202
0 0.3697602589462854
0 0.36981822545262466
0 0.37386446023225006
0 0.37577903298409077
0 0.442938821864329
0 0.44300865204034373
