           -19.95000             0.00000
           -19.85000             0.00000
           -19.75000             0.00000
           -19.65000             0.00000
           -19.55000             0.00000
           -19.45000             0.00000
           -19.35000             0.00000
           -19.25000             0.00000
           -19.15000             0.00000
           -19.05000             0.00000
           -18.95000             0.00000
           -18.85000             0.00000
           -18.75000             0.00000
           -18.65000             0.00000
           -18.55000             0.00000
           -18.45000             0.00000
           -18.35000             0.00000
           -18.25000             0.00000
           -18.15000             0.00000
           -18.05000             0.00000
           -17.95000             0.00000
           -17.85000             0.00000
           -17.75000             0.00000
           -17.65000             0.00000
           -17.55000             0.00000
           -17.45000             0.00000
           -17.35000             0.00000
           -17.25000             0.00000
           -17.15000             0.00000
           -17.05000             0.00000
           -16.95000             0.00000
           -16.85000             0.00000
           -16.75000             0.00000
           -16.65000             0.00000
           -16.55000             0.00000
           -16.45000             0.00000
           -16.35000             0.00000
           -16.25000             0.00000
           -16.15000             0.00000
           -16.05000             0.00000
           -15.95000             0.00000
           -15.85000             0.00000
           -15.75000             0.00000
           -15.65000             0.00000
           -15.55000             0.00000
           -15.45000             0.00000
           -15.35000             0.00000
           -15.25000             0.00000
           -15.15000             0.00000
           -15.05000             0.00000
           -14.95000             0.00000
           -14.85000             0.00000
           -14.75000             0.00000
           -14.65000             0.00000
           -14.55000             0.00000
           -14.45000             0.00000
           -14.35000             0.00000
           -14.25000             0.00000
           -14.15000             0.00000
           -14.05000             0.00000
           -13.95000             0.00000
           -13.85000             0.00000
           -13.75000             0.00000
           -13.65000             0.00000
           -13.55000             0.00000
           -13.45000             0.00000
           -13.35000             0.00000
           -13.25000             0.00000
           -13.15000             0.00000
           -13.05000             0.00000
           -12.95000             0.00000
           -12.85000             0.00000
           -12.75000             0.00000
           -12.65000             0.00000
           -12.55000             0.00000
           -12.45000             0.00000
           -12.35000             0.00000
           -12.25000             0.00000
           -12.15000             0.00000
           -12.05000             0.00000
           -11.95000             0.00000
           -11.85000             0.00000
           -11.75000             0.00000
           -11.65000             0.00000
           -11.55000             0.00000
           -11.45000             0.00000
           -11.35000             0.00000
           -11.25000             0.00000
           -11.15000             0.00000
           -11.05000             0.00000
           -10.95000             0.00000
           -10.85000             0.00000
           -10.75000             0.00000
           -10.65000             0.00000
           -10.55000             0.00000
           -10.45000             0.00000
           -10.35000             0.00000
           -10.25000             0.00000
           -10.15000             0.00000
           -10.05000             0.00000
            -9.95000             0.00000
            -9.85000             0.00000
            -9.75000             0.00000
            -9.65000             0.00000
            -9.55000             0.00000
            -9.45000             0.00000
            -9.35000             0.00000
            -9.25000             0.00000
            -9.15000             0.00000
            -9.05000             0.00000
            -8.95000             0.00000
            -8.85000             0.00000
            -8.75000             0.00000
            -8.65000             0.00000
            -8.55000             0.00000
            -8.45000             0.00000
            -8.35000             0.00000
            -8.25000             0.00000
            -8.15000             0.00000
            -8.05000             0.00000
            -7.95000             0.00000
            -7.85000             0.00000
            -7.75000             0.00000
            -7.65000             0.00000
            -7.55000             0.00000
            -7.45000             0.00000
            -7.35000             0.00000
            -7.25000             0.00000
            -7.15000             0.00000
            -7.05000             0.00000
            -6.95000             0.00000
            -6.85000             0.00000
            -6.75000             0.00000
            -6.65000             0.00000
            -6.55000             0.00000
            -6.45000             0.00000
            -6.35000             0.00000
            -6.25000             0.00000
            -6.15000             0.00000
            -6.05000             0.00000
            -5.95000             0.00000
            -5.85000             0.00000
            -5.75000             0.00000
            -5.65000             0.00000
            -5.55000             0.00000
            -5.45000             0.00000
            -5.35000             0.00000
            -5.25000             0.00000
            -5.15000             0.00000
            -5.05000             0.00000
            -4.95000             0.00000
            -4.85000             0.00000
            -4.75000             0.00000
            -4.65000             0.00000
            -4.55000             0.00000
            -4.45000             0.00000
            -4.35000             0.00000
            -4.25000             0.00000
            -4.15000             0.00000
            -4.05000             0.00000
            -3.95000             0.00000
            -3.85000             0.00000
            -3.75000             0.00000
            -3.65000             0.00000
            -3.55000             0.00000
            -3.45000             0.00000
            -3.35000             0.00000
            -3.25000             0.00000
            -3.15000             0.00000
            -3.05000             0.00000
            -2.95000             0.00000
            -2.85000             0.00000
            -2.75000             0.00000
            -2.65000             0.00000
            -2.55000             0.00000
            -2.45000             0.00000
            -2.35000             0.00000
            -2.25000             0.00000
            -2.15000             0.00000
            -2.05000             0.00000
            -1.95000             0.00000
            -1.85000             0.00000
            -1.75000             0.00000
            -1.65000             0.00000
            -1.55000             0.00000
            -1.45000             0.00000
            -1.35000             0.00000
            -1.25000             0.00000
            -1.15000             0.00000
            -1.05000             0.00000
            -0.95000             0.00000
            -0.85000             0.00000
            -0.75000             0.00000
            -0.65000             0.00000
            -0.55000             0.00006
            -0.45000             0.00055
            -0.35000             0.00084
            -0.25000             0.00068
            -0.15000             0.00058
            -0.05000             0.00019
             0.05000             0.00023
             0.15000             0.00074
             0.25000             0.00158
             0.35000             0.00254
             0.45000             0.00367
             0.55000             0.00541
             0.65000             0.00734
             0.75000             0.00940
             0.85000             0.01311
             0.95000             0.01546
             1.05000             0.01955
             1.15000             0.02461
             1.25000             0.02467
             1.35000             0.02728
             1.45000             0.03137
             1.55000             0.03633
             1.65000             0.04129
             1.75000             0.04457
             1.85000             0.05452
             1.95000             0.06122
             2.05000             0.05655
             2.15000             0.04763
             2.25000             0.03752
             2.35000             0.03849
             2.45000             0.04596
             2.55000             0.05646
             2.65000             0.06306
             2.75000             0.07965
             2.85000             0.09333
             2.95000             0.09040
             3.05000             0.10609
             3.15000             0.09916
             3.25000             0.10187
             3.35000             0.08686
             3.45000             0.06657
             3.55000             0.07733
             3.65000             0.09762
             3.75000             0.07771
             3.85000             0.09308
             3.95000             0.09549
             4.05000             0.10167
             4.15000             0.07691
             4.25000             0.07720
             4.35000             0.10145
             4.45000             0.05665
             4.55000             0.05147
             4.65000             0.03446
             4.75000             0.02773
             4.85000             0.04045
             4.95000             0.04812
             5.05000             0.04380
             5.15000             0.01018
             5.25000             0.00000
             5.35000             0.00000
             5.45000             0.00000
             5.55000             0.00000
             5.65000             0.00000
             5.75000             0.00000
             5.85000             0.01008
             5.95000             0.07575
             6.05000             0.15736
             6.15000             0.10158
             6.25000             0.08937
             6.35000             0.00064
             6.45000             0.00000
             6.55000             0.00000
             6.65000             0.00000
             6.75000             0.03926
             6.85000             0.07295
             6.95000             0.10940
             7.05000             0.14957
             7.15000             0.06361
             7.25000             0.00000
             7.35000             0.00000
             7.45000             0.00000
             7.55000             0.00000
             7.65000             0.00000
             7.75000             0.00000
             7.85000             0.00000
             7.95000             0.00000
             8.05000             0.00000
             8.15000             0.00000
             8.25000             0.00000
             8.35000             0.00000
             8.45000             0.00000
             8.55000             0.00000
             8.65000             0.00000
             8.75000             0.00000
             8.85000             0.00000
             8.95000             0.00000
             9.05000             0.00000
             9.15000             0.00000
             9.25000             0.00000
             9.35000             0.00000
             9.45000             0.00000
             9.55000             0.00000
             9.65000             0.00000
             9.75000             0.00000
             9.85000             0.00000
             9.95000             0.00000
            10.05000             0.00000
            10.15000             0.00000
            10.25000             0.00000
            10.35000             0.00000
            10.45000             0.00000
            10.55000             0.00000
            10.65000             0.00000
            10.75000             0.00000
            10.85000             0.00000
            10.95000             0.00000
            11.05000             0.00000
            11.15000             0.00000
            11.25000             0.00000
            11.35000             0.00000
            11.45000             0.00000
            11.55000             0.00000
            11.65000             0.00000
            11.75000             0.00000
            11.85000             0.05614
            11.95000             0.12058
            12.05000             0.04380
            12.15000             0.03639
            12.25000             0.08306
            12.35000             0.06425
            12.45000             0.02853
            12.55000             0.00203
            12.65000             0.00000
            12.75000             0.00000
            12.85000             0.00000
            12.95000             0.00000
            13.05000             0.00000
            13.15000             0.00196
            13.25000             0.06692
            13.35000             0.12322
            13.45000             0.11053
            13.55000             0.09765
            13.65000             0.03449
            13.75000             0.00000
            13.85000             0.00000
            13.95000             0.00000
            14.05000             0.00000
            14.15000             0.00000
            14.25000             0.00000
            14.35000             0.00000
            14.45000             0.00000
            14.55000             0.00000
            14.65000             0.00000
            14.75000             0.00000
            14.85000             0.00873
            14.95000             0.01994
            15.05000             0.01327
            15.15000             0.00351
            15.25000             0.01253
            15.35000             0.00386
            15.45000             0.01063
            15.55000             0.00135
            15.65000             0.01253
            15.75000             0.00438
            15.85000             0.00953
            15.95000             0.01556
            16.05000             0.11008
            16.15000             0.17282
            16.25000             0.24042
            16.35000             0.06280
            16.45000             0.04654
            16.55000             0.05111
            16.65000             0.04354
            16.75000             0.05926
            16.85000             0.03939
            16.95000             0.03958
            17.05000             0.01865
            17.15000             0.01449
            17.25000             0.00238
            17.35000             0.01330
            17.45000             0.00783
            17.55000             0.04145
            17.65000             0.11710
            17.75000             0.11237
            17.85000             0.15726
            17.95000             0.04216
            18.05000             0.05089
            18.15000             0.03388
            18.25000             0.03594
            18.35000             0.04300
            18.45000             0.06013
            18.55000             0.00696
            18.65000             0.00000
            18.75000             0.00000
            18.85000             0.00000
            18.95000             0.00000
            19.05000             0.00000
            19.15000             0.00000
            19.25000             0.00000
            19.35000             0.00000
            19.45000             0.00000
            19.55000             0.00000
            19.65000             0.00000
            19.75000             0.00000
            19.85000             0.00000
            19.95000             0.00000
            20.05000             0.00000
            20.15000             0.00000
            20.25000             0.00000
            20.35000             0.00000
            20.45000             0.00000
            20.55000             0.00000
            20.65000             0.01304
            20.75000             0.05375
            20.85000             0.07176
            20.95000             0.10293
            21.05000             0.11871
            21.15000             0.07430
            21.25000             0.00029
            21.35000             0.00000
            21.45000             0.00000
            21.55000             0.00000
            21.65000             0.00000
            21.75000             0.00000
            21.85000             0.00000
            21.95000             0.00754
            22.05000             0.07246
            22.15000             0.11652
            22.25000             0.03211
            22.35000             0.05362
            22.45000             0.16187
            22.55000             0.14151
            22.65000             0.15733
            22.75000             0.07272
            22.85000             0.10551
            22.95000             0.23765
            23.05000             0.10419
            23.15000             0.04132
            23.25000             0.00000
            23.35000             0.00016
            23.45000             0.01688
            23.55000             0.02422
            23.65000             0.03085
            23.75000             0.02889
            23.85000             0.04490
            23.95000             0.07314
            24.05000             0.05449
            24.15000             0.07804
            24.25000             0.13887
            24.35000             0.05150
            24.45000             0.03069
            24.55000             0.02882
            24.65000             0.02709
            24.75000             0.02667
            24.85000             0.02847
            24.95000             0.02924
            25.05000             0.03778
            25.15000             0.04361
            25.25000             0.07417
            25.35000             0.00110
            25.45000             0.00000
            25.55000             0.00000
            25.65000             0.00000
            25.75000             0.00000
            25.85000             0.00000
            25.95000             0.00000
            26.05000             0.00000
            26.15000             0.00000
            26.25000             0.00000
            26.35000             0.00000
            26.45000             0.00000
            26.55000             0.00000
            26.65000             0.00000
            26.75000             0.00000
            26.85000             0.00000
            26.95000             0.00000
            27.05000             0.00000
            27.15000             0.00000
            27.25000             0.00000
            27.35000             0.00000
            27.45000             0.00000
            27.55000             0.00000
            27.65000             0.00000
            27.75000             0.00000
            27.85000             0.00000
            27.95000             0.00000
            28.05000             0.00000
            28.15000             0.00000
            28.25000             0.00000
            28.35000             0.03546
            28.45000             0.20039
            28.55000             0.17884
            28.65000             0.02010
            28.75000             0.00000
            28.85000             0.00000
            28.95000             0.00000
            29.05000             0.00000
            29.15000             0.00000
            29.25000             0.05205
            29.35000             0.38026
            29.45000             0.00248
            29.55000             0.00000
            29.65000             0.00000
            29.75000             0.00000
            29.85000             0.24950
            29.95000             0.18528
