#  T(K)     E(eV/cell)    F(eV/cell)    Fc(eV/cell)   S(kB/cell)    Cv(kB/cell)
   10.00   10.69818891   10.69806903    0.62236642    0.13911412    0.37343148
   20.00   10.69919780   10.69768521    1.05840347    0.87764128    2.24391734
   30.00   10.70244484   10.69633940    1.42411165    2.36167732    5.44172366
   40.00   10.70869724   10.69344832    1.74414817    4.42388223    9.07468819
   50.00   10.71802660   10.68861815    2.03022355    6.82537716   12.51890230
   60.00   10.73015440   10.68164081    2.28923515    9.38288972   15.55577818
   70.00   10.74471619   10.67243533    2.52574049   11.98256372   18.17585966
   80.00   10.76138115   10.66099539    2.74297881   14.56151621   20.45209488
   90.00   10.77989293   10.64735374    2.94337207   17.08937816   22.47741060
  100.00   10.80007295   10.63156022    3.12880020   19.55497060   24.33670635
  110.00   10.82180847   10.61366932    3.30076502   21.95763527   26.09715561
  120.00   10.84503652   10.59373352    3.46049401   24.30193661   27.80735648
  130.00   10.86972889   10.57180033    3.60900932   26.59458786   29.50001459
  140.00   10.89588002   10.54791113    3.74717532   28.84276231   31.19552288
  150.00   10.92349782   10.52210131    3.87573255   31.05323216   32.90531371
  160.00   10.95259722   10.49440070    3.99532257   33.23198421   34.63460638
  170.00   10.98319572   10.46483438    4.10650661   35.38409946   36.38450318
  180.00   11.01531058   10.43342345    4.20977971   37.51377044   38.15351383
  190.00   11.04895706   10.40018573    4.30558184   39.62438365   39.93862310
  200.00   11.08414742   10.36513643    4.39430659   41.71862641   41.73601292
  210.00   11.12089046   10.32828872    4.47630812   43.79859650   43.54153370
  220.00   11.15919139   10.28965418    4.55190684   45.86590389   45.35099969
  230.00   11.19905184   10.24924317    4.62139398   47.92176016   47.16036472
  240.00   11.24047007   10.20706516    4.68503545   49.96705462   48.96581930
  250.00   11.28344117   10.16312895    4.74307495   52.00241766   50.76383785
  260.00   11.32795732   10.11744291    4.79573669   54.02827298   52.55119574
  270.00   11.37400805   10.07001511    4.84322761   56.04488023   54.32496897
  280.00   11.42158050   10.02085345    4.88573930   58.05236960   56.08252459
  290.00   11.47065966    9.96996579    4.92344968   60.05077006   57.82150694
  300.00   11.52122861    9.91735995    4.95652437   62.04003219   59.53982238
