            -9.95000             0.00000
            -9.85000             0.00000
            -9.75000             0.00000
            -9.65000             0.00000
            -9.55000             0.00000
            -9.45000             0.00000
            -9.35000             0.00000
            -9.25000             0.00000
            -9.15000             0.00000
            -9.05000             0.00000
            -8.95000             0.00000
            -8.85000             0.00000
            -8.75000             0.00000
            -8.65000             0.00000
            -8.55000             0.00000
            -8.45000             0.00000
            -8.35000             0.00000
            -8.25000             0.00000
            -8.15000             0.00000
            -8.05000             0.00000
            -7.95000             0.00000
            -7.85000             0.00000
            -7.75000             0.00000
            -7.65000             0.00000
            -7.55000             0.00000
            -7.45000             0.00000
            -7.35000             0.00000
            -7.25000             0.00000
            -7.15000             0.00000
            -7.05000             0.00000
            -6.95000             0.00000
            -6.85000             0.00000
            -6.75000             0.00000
            -6.65000             0.00000
            -6.55000             0.00000
            -6.45000             0.00000
            -6.35000             0.00000
            -6.25000             0.00000
            -6.15000             0.00000
            -6.05000             0.00000
            -5.95000             0.00000
            -5.85000             0.00000
            -5.75000             0.00000
            -5.65000             0.00000
            -5.55000             0.00000
            -5.45000             0.00000
            -5.35000             0.00000
            -5.25000             0.00000
            -5.15000             0.00000
            -5.05000             0.00000
            -4.95000             0.00000
            -4.85000             0.00000
            -4.75000             0.00000
            -4.65000             0.00000
            -4.55000             0.00000
            -4.45000             0.00000
            -4.35000             0.00000
            -4.25000             0.00000
            -4.15000             0.00000
            -4.05000             0.00000
            -3.95000             0.00000
            -3.85000             0.00000
            -3.75000             0.00000
            -3.65000             0.00000
            -3.55000             0.00000
            -3.45000             0.00000
            -3.35000             0.00000
            -3.25000             0.00000
            -3.15000             0.00000
            -3.05000             0.00000
            -2.95000             0.00000
            -2.85000             0.00000
            -2.75000             0.00000
            -2.65000             0.00000
            -2.55000             0.00000
            -2.45000             0.00000
            -2.35000             0.00000
            -2.25000             0.00000
            -2.15000             0.00000
            -2.05000             0.00000
            -1.95000             0.00000
            -1.85000             0.00000
            -1.75000             0.00000
            -1.65000             0.00000
            -1.55000             0.00000
            -1.45000             0.00000
            -1.35000             0.00000
            -1.25000             0.00091
            -1.15000             0.00162
            -1.05000             0.00148
            -0.95000             0.00246
            -0.85000             0.00236
            -0.75000             0.00232
            -0.65000             0.00222
            -0.55000             0.00219
            -0.45000             0.00337
            -0.35000             0.00340
            -0.25000             0.00256
            -0.15000             0.00205
            -0.05000             0.00057
             0.05000             0.00077
             0.15000             0.00192
             0.25000             0.00360
             0.35000             0.00502
             0.45000             0.00721
             0.55000             0.00815
             0.65000             0.01138
             0.75000             0.01242
             0.85000             0.01697
             0.95000             0.01865
             1.05000             0.02438
             1.15000             0.02933
             1.25000             0.03660
             1.35000             0.04256
             1.45000             0.05195
             1.55000             0.04990
             1.65000             0.04882
             1.75000             0.05808
             1.85000             0.06734
             1.95000             0.06859
             2.05000             0.06542
             2.15000             0.06650
             2.25000             0.06643
             2.35000             0.07178
             2.45000             0.07549
             2.55000             0.08902
             2.65000             0.09916
             2.75000             0.10774
             2.85000             0.12246
             2.95000             0.15000
             3.05000             0.17071
             3.15000             0.11010
             3.25000             0.12175
             3.35000             0.15805
             3.45000             0.15057
             3.55000             0.05519
             3.65000             0.00121
             3.75000             0.01451
             3.85000             0.24731
             3.95000             0.16697
             4.05000             0.05024
             4.15000             0.09559
             4.25000             0.08842
             4.35000             0.06751
             4.45000             0.10165
             4.55000             0.08593
             4.65000             0.09047
             4.75000             0.12364
             4.85000             0.13478
             4.95000             0.10990
             5.05000             0.16081
             5.15000             0.15519
             5.25000             0.09468
             5.35000             0.03061
             5.45000             0.00000
             5.55000             0.00000
             5.65000             0.00000
             5.75000             0.00000
             5.85000             0.00000
             5.95000             0.00343
             6.05000             0.01340
             6.15000             0.03229
             6.25000             0.06667
             6.35000             0.06673
             6.45000             0.04906
             6.55000             0.04054
             6.65000             0.03825
             6.75000             0.03721
             6.85000             0.04017
             6.95000             0.04242
             7.05000             0.01899
             7.15000             0.00539
             7.25000             0.00000
             7.35000             0.00000
             7.45000             0.00000
             7.55000             0.00000
             7.65000             0.00000
             7.75000             0.00000
             7.85000             0.00000
             7.95000             0.00000
             8.05000             0.00000
             8.15000             0.02380
             8.25000             0.04387
             8.35000             0.02781
             8.45000             0.02094
             8.55000             0.02040
             8.65000             0.02384
             8.75000             0.02189
             8.85000             0.02350
             8.95000             0.02303
             9.05000             0.02882
             9.15000             0.03519
             9.25000             0.05057
             9.35000             0.10246
             9.45000             0.00842
             9.55000             0.00000
             9.65000             0.00000
             9.75000             0.00000
             9.85000             0.00000
             9.95000             0.00000
            10.05000             0.00000
            10.15000             0.00000
            10.25000             0.00000
            10.35000             0.00000
            10.45000             0.00000
            10.55000             0.00000
            10.65000             0.00000
            10.75000             0.00000
            10.85000             0.00000
            10.95000             0.00000
            11.05000             0.00000
            11.15000             0.00000
            11.25000             0.00007
            11.35000             0.00333
            11.45000             0.01091
            11.55000             0.02296
            11.65000             0.03088
            11.75000             0.03859
            11.85000             0.05145
            11.95000             0.04343
            12.05000             0.03596
            12.15000             0.03444
            12.25000             0.03616
            12.35000             0.04495
            12.45000             0.03916
            12.55000             0.03438
            12.65000             0.02704
            12.75000             0.00084
            12.85000             0.00000
            12.95000             0.00000
            13.05000             0.00000
            13.15000             0.00000
            13.25000             0.00000
            13.35000             0.00000
            13.45000             0.00000
            13.55000             0.00000
            13.65000             0.00000
            13.75000             0.00000
            13.85000             0.00000
            13.95000             0.00000
            14.05000             0.00000
            14.15000             0.00000
            14.25000             0.00000
            14.35000             0.00000
            14.45000             0.00000
            14.55000             0.00000
            14.65000             0.00000
            14.75000             0.00000
            14.85000             0.00000
            14.95000             0.00000
            15.05000             0.00000
            15.15000             0.00000
            15.25000             0.00000
            15.35000             0.00000
            15.45000             0.00825
            15.55000             0.03316
            15.65000             0.07912
            15.75000             0.08515
            15.85000             0.09212
            15.95000             0.10485
            16.05000             0.05189
            16.15000             0.00000
            16.25000             0.00000
            16.35000             0.00000
            16.45000             0.00000
            16.55000             0.01532
            16.65000             0.12377
            16.75000             0.12859
            16.85000             0.12751
            16.95000             0.05936
            17.05000             0.00000
            17.15000             0.00000
            17.25000             0.07512
            17.35000             0.14788
            17.45000             0.14751
            17.55000             0.07862
            17.65000             0.00542
            17.75000             0.00000
            17.85000             0.00000
            17.95000             0.00000
            18.05000             0.00000
            18.15000             0.00000
            18.25000             0.15273
            18.35000             0.11465
            18.45000             0.11569
            18.55000             0.07148
            18.65000             0.00000
            18.75000             0.00000
            18.85000             0.00000
            18.95000             0.00000
            19.05000             0.00000
            19.15000             0.00000
            19.25000             0.00000
            19.35000             0.00000
            19.45000             0.00000
            19.55000             0.00000
            19.65000             0.00000
            19.75000             0.00000
            19.85000             0.02737
            19.95000             0.07987
            20.05000             0.06360
            20.15000             0.05630
            20.25000             0.06114
            20.35000             0.08882
            20.45000             0.07744
            20.55000             0.00000
            20.65000             0.00000
            20.75000             0.00000
            20.85000             0.00000
            20.95000             0.00000
            21.05000             0.00000
            21.15000             0.00000
            21.25000             0.00000
            21.35000             0.00000
            21.45000             0.00000
            21.55000             0.00000
            21.65000             0.00000
            21.75000             0.00000
            21.85000             0.00000
            21.95000             0.00000
            22.05000             0.00000
            22.15000             0.00000
            22.25000             0.00000
            22.35000             0.00000
            22.45000             0.00000
            22.55000             0.00000
            22.65000             0.00000
            22.75000             0.00000
            22.85000             0.00000
            22.95000             0.00000
            23.05000             0.00000
            23.15000             0.00000
            23.25000             0.00000
            23.35000             0.00000
            23.45000             0.00000
            23.55000             0.00000
            23.65000             0.00000
            23.75000             0.22872
            23.85000             0.22582
            23.95000             0.00000
            24.05000             0.00000
            24.15000             0.00000
            24.25000             0.00000
            24.35000             0.00000
            24.45000             0.00000
            24.55000             0.00000
            24.65000             0.00000
            24.75000             0.00000
            24.85000             0.00000
            24.95000             0.00000
            25.05000             0.00000
            25.15000             0.00000
            25.25000             0.00000
            25.35000             0.00000
            25.45000             0.00000
            25.55000             0.13215
            25.65000             0.32721
            25.75000             0.10246
            25.85000             0.19148
            25.95000             0.14384
            26.05000             0.01195
            26.15000             0.00000
            26.25000             0.00000
            26.35000             0.00000
            26.45000             0.00000
            26.55000             0.00269
            26.65000             0.09976
            26.75000             0.12545
            26.85000             0.08340
            26.95000             0.08232
            27.05000             0.06091
            27.15000             0.41182
            27.25000             0.02838
            27.35000             0.01192
            27.45000             0.00242
            27.55000             0.00000
            27.65000             0.00000
            27.75000             0.00000
            27.85000             0.00000
            27.95000             0.00000
            28.05000             0.00000
            28.15000             0.00000
            28.25000             0.00000
            28.35000             0.00000
            28.45000             0.00000
            28.55000             0.00000
            28.65000             0.00000
            28.75000             0.00000
            28.85000             0.00000
            28.95000             0.00000
            29.05000             0.00000
            29.15000             0.00000
            29.25000             0.00000
            29.35000             0.00000
            29.45000             0.00000
            29.55000             0.00000
            29.65000             0.00000
            29.75000             0.00000
            29.85000             0.00000
            29.95000             0.00000
