           -19.95000             0.00000
           -19.85000             0.00000
           -19.75000             0.00000
           -19.65000             0.00000
           -19.55000             0.00000
           -19.45000             0.00000
           -19.35000             0.00000
           -19.25000             0.00000
           -19.15000             0.00000
           -19.05000             0.00000
           -18.95000             0.00000
           -18.85000             0.00000
           -18.75000             0.00000
           -18.65000             0.00000
           -18.55000             0.00000
           -18.45000             0.00000
           -18.35000             0.00000
           -18.25000             0.00000
           -18.15000             0.00000
           -18.05000             0.00000
           -17.95000             0.00000
           -17.85000             0.00000
           -17.75000             0.00000
           -17.65000             0.00000
           -17.55000             0.00000
           -17.45000             0.00000
           -17.35000             0.00000
           -17.25000             0.00000
           -17.15000             0.00000
           -17.05000             0.00000
           -16.95000             0.00000
           -16.85000             0.00000
           -16.75000             0.00000
           -16.65000             0.00000
           -16.55000             0.00000
           -16.45000             0.00000
           -16.35000             0.00000
           -16.25000             0.00000
           -16.15000             0.00000
           -16.05000             0.00000
           -15.95000             0.00000
           -15.85000             0.00000
           -15.75000             0.00000
           -15.65000             0.00000
           -15.55000             0.00000
           -15.45000             0.00000
           -15.35000             0.00000
           -15.25000             0.00000
           -15.15000             0.00000
           -15.05000             0.00000
           -14.95000             0.00000
           -14.85000             0.00000
           -14.75000             0.00000
           -14.65000             0.00000
           -14.55000             0.00000
           -14.45000             0.00000
           -14.35000             0.00000
           -14.25000             0.00000
           -14.15000             0.00000
           -14.05000             0.00000
           -13.95000             0.00000
           -13.85000             0.00000
           -13.75000             0.00000
           -13.65000             0.00000
           -13.55000             0.00000
           -13.45000             0.00000
           -13.35000             0.00000
           -13.25000             0.00000
           -13.15000             0.00000
           -13.05000             0.00000
           -12.95000             0.00000
           -12.85000             0.00000
           -12.75000             0.00000
           -12.65000             0.00000
           -12.55000             0.00000
           -12.45000             0.00000
           -12.35000             0.00000
           -12.25000             0.00000
           -12.15000             0.00000
           -12.05000             0.00000
           -11.95000             0.00000
           -11.85000             0.00000
           -11.75000             0.00000
           -11.65000             0.00000
           -11.55000             0.00000
           -11.45000             0.00000
           -11.35000             0.00000
           -11.25000             0.00000
           -11.15000             0.00000
           -11.05000             0.00000
           -10.95000             0.00000
           -10.85000             0.00000
           -10.75000             0.00000
           -10.65000             0.00000
           -10.55000             0.00000
           -10.45000             0.00000
           -10.35000             0.00000
           -10.25000             0.00000
           -10.15000             0.00000
           -10.05000             0.00000
            -9.95000             0.00000
            -9.85000             0.00000
            -9.75000             0.00000
            -9.65000             0.00000
            -9.55000             0.00000
            -9.45000             0.00000
            -9.35000             0.00000
            -9.25000             0.00000
            -9.15000             0.00000
            -9.05000             0.00000
            -8.95000             0.00000
            -8.85000             0.00000
            -8.75000             0.00000
            -8.65000             0.00000
            -8.55000             0.00000
            -8.45000             0.00000
            -8.35000             0.00000
            -8.25000             0.00000
            -8.15000             0.00000
            -8.05000             0.00000
            -7.95000             0.00000
            -7.85000             0.00000
            -7.75000             0.00000
            -7.65000             0.00000
            -7.55000             0.00000
            -7.45000             0.00000
            -7.35000             0.00000
            -7.25000             0.00000
            -7.15000             0.00000
            -7.05000             0.00000
            -6.95000             0.00000
            -6.85000             0.00000
            -6.75000             0.00000
            -6.65000             0.00000
            -6.55000             0.00000
            -6.45000             0.00000
            -6.35000             0.00000
            -6.25000             0.00000
            -6.15000             0.00000
            -6.05000             0.00000
            -5.95000             0.00000
            -5.85000             0.00000
            -5.75000             0.00000
            -5.65000             0.00000
            -5.55000             0.00000
            -5.45000             0.00000
            -5.35000             0.00000
            -5.25000             0.00000
            -5.15000             0.00000
            -5.05000             0.00000
            -4.95000             0.00000
            -4.85000             0.00000
            -4.75000             0.00000
            -4.65000             0.00000
            -4.55000             0.00000
            -4.45000             0.00000
            -4.35000             0.00000
            -4.25000             0.00000
            -4.15000             0.00000
            -4.05000             0.00000
            -3.95000             0.00000
            -3.85000             0.00000
            -3.75000             0.00000
            -3.65000             0.00000
            -3.55000             0.00000
            -3.45000             0.00000
            -3.35000             0.00000
            -3.25000             0.00000
            -3.15000             0.00000
            -3.05000             0.00000
            -2.95000             0.00000
            -2.85000             0.00000
            -2.75000             0.00000
            -2.65000             0.00000
            -2.55000             0.00000
            -2.45000             0.00000
            -2.35000             0.00000
            -2.25000             0.00000
            -2.15000             0.00000
            -2.05000             0.00000
            -1.95000             0.00000
            -1.85000             0.00000
            -1.75000             0.00000
            -1.65000             0.00000
            -1.55000             0.00000
            -1.45000             0.00000
            -1.35000             0.00000
            -1.25000             0.00000
            -1.15000             0.00034
            -1.05000             0.00141
            -0.95000             0.00172
            -0.85000             0.00182
            -0.75000             0.00236
            -0.65000             0.00232
            -0.55000             0.00283
            -0.45000             0.00303
            -0.35000             0.00232
            -0.25000             0.00215
            -0.15000             0.00199
            -0.05000             0.00091
             0.05000             0.00067
             0.15000             0.00242
             0.25000             0.00438
             0.35000             0.00616
             0.45000             0.00805
             0.55000             0.01020
             0.65000             0.01222
             0.75000             0.01505
             0.85000             0.01990
             0.95000             0.02155
             1.05000             0.02667
             1.15000             0.03138
             1.25000             0.03471
             1.35000             0.04239
             1.45000             0.04785
             1.55000             0.05114
             1.65000             0.05424
             1.75000             0.06242
             1.85000             0.06377
             1.95000             0.06178
             2.05000             0.06519
             2.15000             0.06266
             2.25000             0.06758
             2.35000             0.07788
             2.45000             0.07290
             2.55000             0.09209
             2.65000             0.10242
             2.75000             0.11694
             2.85000             0.12061
             2.95000             0.15327
             3.05000             0.15064
             3.15000             0.09855
             3.25000             0.12370
             3.35000             0.19377
             3.45000             0.13077
             3.55000             0.04185
             3.65000             0.00175
             3.75000             0.01771
             3.85000             0.25175
             3.95000             0.17084
             4.05000             0.04081
             4.15000             0.09714
             4.25000             0.11212
             4.35000             0.07411
             4.45000             0.09515
             4.55000             0.06842
             4.65000             0.09175
             4.75000             0.09293
             4.85000             0.12303
             4.95000             0.14162
             5.05000             0.16582
             5.15000             0.11966
             5.25000             0.12145
             5.35000             0.03387
             5.45000             0.00000
             5.55000             0.00000
             5.65000             0.00000
             5.75000             0.00000
             5.85000             0.00000
             5.95000             0.00525
             6.05000             0.01842
             6.15000             0.03747
             6.25000             0.06835
             6.35000             0.06451
             6.45000             0.04404
             6.55000             0.03835
             6.65000             0.03832
             6.75000             0.03680
             6.85000             0.04290
             6.95000             0.03828
             7.05000             0.01966
             7.15000             0.00219
             7.25000             0.00000
             7.35000             0.00000
             7.45000             0.00000
             7.55000             0.00000
             7.65000             0.00000
             7.75000             0.00000
             7.85000             0.00000
             7.95000             0.00000
             8.05000             0.00000
             8.15000             0.00879
             8.25000             0.05192
             8.35000             0.02855
             8.45000             0.02387
             8.55000             0.02125
             8.65000             0.02468
             8.75000             0.02148
             8.85000             0.02246
             8.95000             0.02249
             9.05000             0.02798
             9.15000             0.03535
             9.25000             0.04727
             9.35000             0.11189
             9.45000             0.00657
             9.55000             0.00000
             9.65000             0.00000
             9.75000             0.00000
             9.85000             0.00000
             9.95000             0.00000
            10.05000             0.00000
            10.15000             0.00000
            10.25000             0.00000
            10.35000             0.00000
            10.45000             0.00000
            10.55000             0.00000
            10.65000             0.00000
            10.75000             0.00000
            10.85000             0.00000
            10.95000             0.00000
            11.05000             0.00000
            11.15000             0.00000
            11.25000             0.00175
            11.35000             0.00441
            11.45000             0.01141
            11.55000             0.02306
            11.65000             0.03013
            11.75000             0.03747
            11.85000             0.05175
            11.95000             0.04589
            12.05000             0.03778
            12.15000             0.03663
            12.25000             0.04182
            12.35000             0.04333
            12.45000             0.03721
            12.55000             0.03121
            12.65000             0.01973
            12.75000             0.00094
            12.85000             0.00000
            12.95000             0.00000
            13.05000             0.00000
            13.15000             0.00000
            13.25000             0.00000
            13.35000             0.00000
            13.45000             0.00000
            13.55000             0.00000
            13.65000             0.00000
            13.75000             0.00000
            13.85000             0.00000
            13.95000             0.00000
            14.05000             0.00000
            14.15000             0.00000
            14.25000             0.00000
            14.35000             0.00000
            14.45000             0.00000
            14.55000             0.00000
            14.65000             0.00000
            14.75000             0.00000
            14.85000             0.00000
            14.95000             0.00000
            15.05000             0.00000
            15.15000             0.00000
            15.25000             0.00000
            15.35000             0.00000
            15.45000             0.01367
            15.55000             0.05253
            15.65000             0.08195
            15.75000             0.07566
            15.85000             0.09455
            15.95000             0.09576
            16.05000             0.04044
            16.15000             0.00000
            16.25000             0.00000
            16.35000             0.00000
            16.45000             0.00000
            16.55000             0.02542
            16.65000             0.14027
            16.75000             0.11239
            16.85000             0.13754
            16.95000             0.03892
            17.05000             0.00000
            17.15000             0.00000
            17.25000             0.10471
            17.35000             0.16889
            17.45000             0.11983
            17.55000             0.06104
            17.65000             0.00007
            17.75000             0.00000
            17.85000             0.00000
            17.95000             0.00000
            18.05000             0.00000
            18.15000             0.00034
            18.25000             0.15219
            18.35000             0.11626
            18.45000             0.10923
            18.55000             0.07310
            18.65000             0.00343
            18.75000             0.00000
            18.85000             0.00000
            18.95000             0.00000
            19.05000             0.00000
            19.15000             0.00000
            19.25000             0.00000
            19.35000             0.00000
            19.45000             0.00000
            19.55000             0.00000
            19.65000             0.00000
            19.75000             0.00000
            19.85000             0.02862
            19.95000             0.06842
            20.05000             0.06791
            20.15000             0.05667
            20.25000             0.05993
            20.35000             0.08152
            20.45000             0.08923
            20.55000             0.00226
            20.65000             0.00000
            20.75000             0.00000
            20.85000             0.00000
            20.95000             0.00000
            21.05000             0.00000
            21.15000             0.00000
            21.25000             0.00000
            21.35000             0.00000
            21.45000             0.00000
            21.55000             0.00000
            21.65000             0.00000
            21.75000             0.00000
            21.85000             0.00000
            21.95000             0.00000
            22.05000             0.00000
            22.15000             0.00000
            22.25000             0.00000
            22.35000             0.00000
            22.45000             0.00000
            22.55000             0.00000
            22.65000             0.00000
            22.75000             0.00000
            22.85000             0.00000
            22.95000             0.00000
            23.05000             0.00000
            23.15000             0.00000
            23.25000             0.00000
            23.35000             0.00000
            23.45000             0.00000
            23.55000             0.00000
            23.65000             0.02663
            23.75000             0.39094
            23.85000             0.03697
            23.95000             0.00000
            24.05000             0.00000
            24.15000             0.00000
            24.25000             0.00000
            24.35000             0.00000
            24.45000             0.00000
            24.55000             0.00000
            24.65000             0.00000
            24.75000             0.00000
            24.85000             0.00000
            24.95000             0.00000
            25.05000             0.00000
            25.15000             0.00000
            25.25000             0.00000
            25.35000             0.00000
            25.45000             0.09027
            25.55000             0.23778
            25.65000             0.21364
            25.75000             0.19505
            25.85000             0.13896
            25.95000             0.03172
            26.05000             0.00168
            26.15000             0.00000
            26.25000             0.00000
            26.35000             0.00000
            26.45000             0.00027
            26.55000             0.09721
            26.65000             0.14327
            26.75000             0.08822
            26.85000             0.06418
            26.95000             0.07337
            27.05000             0.12623
            27.15000             0.29761
            27.25000             0.01542
            27.35000             0.00333
            27.45000             0.00000
            27.55000             0.00000
            27.65000             0.00000
            27.75000             0.00000
            27.85000             0.00000
            27.95000             0.00000
            28.05000             0.00000
            28.15000             0.00000
            28.25000             0.00000
            28.35000             0.00000
            28.45000             0.00000
            28.55000             0.00000
            28.65000             0.00000
            28.75000             0.00000
            28.85000             0.00000
            28.95000             0.00000
            29.05000             0.00000
            29.15000             0.00000
            29.25000             0.00000
            29.35000             0.00000
            29.45000             0.00000
            29.55000             0.00000
            29.65000             0.00000
            29.75000             0.00000
            29.85000             0.00000
            29.95000             0.00000
