1 0.0007063671477380355
1 0.00042091447517228817
1 2.7146022523416337e-06
0 2.931987929045445e-05
0 4.079761063724159e-05
0 0.0003826810429749964
0 0.007459667365289546
0 0.051783554922781014
0 0.06562214595760076
0 0.0700795341334436
0 0.07906499368743425
0 0.09949668197445577
0 0.11912614453005765
0 0.13073343613774455
0 0.1422656469135906
0 0.15941976925291937
0 0.1726605453283782
0 0.18174343102368337
0 0.1821809701956179
0 0.2129101256143014
0 0.37050191778856534
0 0.3756701224303221
0 0.38256349673939605
0 0.4422745069933894
