1 0.0007427157279214188
1 1.3208677779909113e-06
1 1.2554100102180786e-06
0 3.6174047935682157e-06
0 0.0004497711849726981
0 0.0004497712759793571
0 0.04112446753905903
0 0.04112446754531077
0 0.08414987298949113
0 0.0841553036955248
0 0.0919490574647005
0 0.1132853044696082
0 0.11958770242757358
0 0.12513736160826597
0 0.1251373616151913
0 0.13484140277323983
0 0.14004740479276542
0 0.14196434736743194
0 0.14197152872538754
0 0.17239862115283414
0 0.17337325342929064
0 0.17337952529346454
0 0.18702689776569992
0 0.1870357506138285
0 0.383637843114092
0 0.38365946373647947
0 0.3842357499597194
