    3   16   48
 12.011  1.000 16.000
    1    1  0.0080  0.0000  0.0000
 -0.322456193713  -0.045358979956  -0.012816667818
  0.108531694037   0.004228834860  -0.013610457804
 -0.000785028854  -0.000925999706   0.000449042988
 -0.007923419254   0.006520920529   0.000523913518
  0.013401698488   0.007480978684   0.003120553970
  0.061031559521  -0.012113763594  -0.000429119811
  0.013116896548   0.002676741376  -0.002942094948
  0.006800135611   0.000895934701  -0.002061343223
  0.033854350246   0.004854174966  -0.023130322202
  0.000036804901   0.000194899805  -0.000245783267
  0.000164239640  -0.000540519742  -0.000201270330
 -0.000145447370  -0.000217907018  -0.000424904117
  0.000999888970   0.002628497559  -0.000037993230
  0.062489262998   0.054417122487   0.034989863373
 -0.001311681387   0.000794146212  -0.000816122053
  0.032195239617  -0.025535081165   0.017632704951
    1    2  0.0000  0.0080  0.0000
 -0.045367497043  -0.377294036463  -0.035841553106
  0.008420723423   0.067944234266  -0.002116125027
 -0.001066340638   0.000313002547   0.000648031007
 -0.008805669034   0.016069884019  -0.003953028060
  0.020118910720   0.001369570595  -0.006837896609
 -0.006810142461   0.106418140704  -0.005967715929
 -0.019545186209  -0.005561742630   0.005086841988
  0.002628640550   0.000102524708  -0.000327306926
  0.003215634464   0.040535907538  -0.030211164063
 -0.000118494630   0.000420504569  -0.000008944329
  0.000391548580  -0.000733069721  -0.000338214747
  0.000510083747   0.001088651846  -0.000379106597
  0.001345968437   0.002173253747  -0.000528431161
  0.055657848200   0.154237697207   0.079468653723
  0.002968004464   0.002205845036   0.004151676567
 -0.013544032568  -0.009290367966  -0.002845716730
    1    3  0.0000  0.0000  0.0080
 -0.012797761106  -0.035784458033  -0.386232015860
 -0.013463394373   0.002193306612   0.056902362240
 -0.001515000425  -0.001253597997   0.000469351779
  0.003509068680   0.000317923788  -0.014610904243
  0.011581041689  -0.002701058199  -0.004386076150
 -0.002734873993  -0.004113809344   0.061595628085
  0.005742461306   0.001834153411  -0.001245408252
 -0.025252381320  -0.004123421147   0.003158686039
 -0.018932952375  -0.036374010150   0.207131892106
 -0.000051947624   0.000361086942   0.000265787239
 -0.000455811738  -0.000132196172  -0.000155579252
  0.000752203550   0.003281104934   0.000447821040
 -0.000735997508  -0.000218705812  -0.000718684089
  0.035523561346   0.079108098922   0.083721887118
  0.002538233573   0.003938221138   0.002828509965
  0.016293550319  -0.006332638893  -0.009173257763
    2    1  0.0080  0.0000  0.0000
  0.108499814355   0.008422577496  -0.013483053092
 -0.344395550911   0.057269063806  -0.005505864885
 -0.007234028978  -0.010841049065  -0.003661976638
 -0.001209573097   0.000478684523   0.000752842487
  0.059133013042   0.002554758209  -0.000872012080
  0.018660553036  -0.003837171136  -0.000151939325
  0.091758215532  -0.081578401477   0.028991119492
  0.034315881834   0.001861855364  -0.024216628945
  0.006404728098   0.001152783414  -0.001922939901
 -0.000003142797   0.000030290285  -0.000474785560
  0.001838698650  -0.002513336143  -0.000956722897
  0.000065255690  -0.000196168755  -0.000319379711
  0.000064546157   0.000776170744  -0.000063831086
  0.009004691804   0.000936890037  -0.001941718625
  0.023463308201   0.026921437704   0.024103913932
 -0.000366410618  -0.001438385007  -0.000277023167
    2    2  0.0000  0.0080  0.0000
  0.004252502779   0.067952477730   0.002192427931
  0.057294740959  -0.375127956462   0.033615781711
  0.002902228641   0.011923502990   0.011536897334
  0.001201112203   0.000555182071  -0.000531797472
 -0.001991129538   0.102254336153   0.017538520338
 -0.018371071766  -0.007237075196   0.007116587349
 -0.082901057932   0.160681630664  -0.045333212768
  0.002459801518   0.036564080126  -0.024716291541
  0.006035451061   0.000356376157  -0.001123989679
 -0.001102997910   0.001668621791   0.000660387740
 -0.001108048352   0.000972794455   0.001032821363
  0.000032103666   0.000486947065   0.000032654931
 -0.000062623157  -0.000705259634   0.000135906361
  0.019974307336   0.000489047721  -0.005719550646
  0.015805523573  -0.004225689642   0.007493905726
 -0.004420843080   0.003390984010  -0.003931048677
    2    3  0.0000  0.0000  0.0080
 -0.013597522666  -0.002117320046   0.056911439309
 -0.005488391923   0.033637909977  -0.366492372914
  0.004249420715   0.008440895636  -0.011143949403
 -0.001415841599   0.000912002133   0.000614677760
 -0.004202592524   0.015080277226   0.067773407242
  0.005181865828   0.004429819112  -0.001189094682
  0.029075699232  -0.044906561160   0.048034677680
 -0.021090863227  -0.017810901448   0.210663349439
 -0.024959222714  -0.002261250483   0.003307202102
  0.001173108287  -0.002691280977  -0.000269288685
 -0.001193596767   0.000622321754  -0.000348354730
  0.000043232408  -0.000292958837   0.000179779917
 -0.000514159560  -0.000151075891  -0.000089094257
  0.011693085802  -0.000080045627  -0.003184747681
  0.018774444839   0.010288312249  -0.005421606263
  0.002271333868  -0.003100143617   0.000653975165
    3    1  0.0080  0.0000  0.0000
 -0.000792901633  -0.001075388486  -0.001507592627
 -0.007284254907   0.002890867708   0.004236900110
 -0.338020471542  -0.061091663540   0.014098945134
  0.085378001971  -0.003046688593   0.028946000214
  0.061830639033  -0.015157928620  -0.005659749113
  0.013949808235   0.004137458105   0.007767734087
  0.000068726263   0.001801368631   0.001115249956
 -0.000010985598   0.001110094537   0.000587090931
 -0.000057482999   0.000254587405   0.000178695715
  0.055538404216   0.007578411101  -0.059660590130
  0.083027487182   0.083154044587   0.000957047220
 -0.005253561554  -0.000705034932  -0.002777747717
  0.011998957322   0.001091986495   0.011392032898
 -0.000155911538  -0.000517310202  -0.000006192227
  0.039985738704  -0.022761115794  -0.000103308873
 -0.000202193154   0.002336311596   0.000435484420
    3    2  0.0000  0.0080  0.0000
 -0.000932345074   0.000316084891  -0.001255235351
 -0.010867360004   0.011938621527   0.008448476525
 -0.061137265008  -0.391428339283   0.003600571212
 -0.001508712800   0.066860767107   0.004018839866
 -0.012265123188   0.100258703597   0.014403908488
  0.015341890132  -0.004341081919   0.016641241712
  0.000378463383   0.001385451425   0.001603501637
  0.000390717063   0.001849115475   0.001131935230
 -0.000117520222   0.000513972323   0.000023385033
  0.010356929833   0.037356087521  -0.025350962252
  0.084508405951   0.183602983409  -0.002992405031
 -0.004744476998  -0.000457056697  -0.003819377842
 -0.013142835914  -0.001793546406  -0.013595800261
  0.000075308608  -0.000778039632   0.000179615920
 -0.011599397183  -0.009614083327  -0.001734627657
  0.005263321420   0.004330359987  -0.001303067228
    3    3  0.0000  0.0000  0.0080
  0.000452762361   0.000646001776   0.000455930847
 -0.003675834755   0.011567350305  -0.011143684380
  0.014157199649   0.003649277258  -0.356541132420
  0.029752956541  -0.001733807998   0.081185255813
 -0.001883486034   0.010490138576   0.066916464523
  0.003380700890   0.006478553089   0.000758379814
  0.001347747802   0.001978446096   0.000990576587
 -0.000596385740  -0.002532171652  -0.000448362364
 -0.000133093110  -0.000186012006   0.000261036325
 -0.063708084953  -0.019501604032   0.188599753768
  0.000851763475  -0.003300017939   0.033824699256
  0.020012298849   0.000558691567   0.015777910470
 -0.003520105058  -0.001136520385  -0.003889660013
  0.000503520242  -0.000419237926   0.000207203388
  0.005121461023  -0.004132744191  -0.016612523826
 -0.002063421183  -0.002426342537  -0.000341847788
    4    1  0.0080  0.0000  0.0000
 -0.007898079828  -0.008788335437   0.003506473029
 -0.001204413815   0.001206083578  -0.001419305076
  0.085320473048  -0.001510068619   0.029775889923
 -0.364139343769   0.059910796608   0.032683140614
  0.017429909481  -0.002711353065   0.010198469383
  0.057938560667   0.006249866125  -0.000553565500
 -0.000258243237   0.000608618928   0.000217601720
 -0.000000760522  -0.000399493341   0.000089789615
  0.000378520592  -0.001513617543   0.000367915052
 -0.005642149189   0.000416454349  -0.002885305726
  0.009085850678  -0.001068617774   0.007964931464
  0.054673277882   0.013723098722  -0.058105234422
  0.121306781257  -0.091813808795  -0.028894999818
  0.000674960496  -0.002340315078   0.000817028683
  0.001381884760  -0.002777372781  -0.000715988927
  0.030952771498   0.030808064122   0.006953159985
    4    2  0.0000  0.0080  0.0000
  0.006507145537   0.016056413666   0.000318379013
  0.000448916288   0.000571449934   0.000916893740
 -0.003013701154   0.066877357702  -0.001729437272
  0.059902492218  -0.362430468011  -0.004053467552
 -0.011909208440  -0.001561001177  -0.014894043523
  0.002633719898   0.108335592095  -0.003411867174
 -0.000096633502  -0.000682620627  -0.000430736963
  0.000046466385   0.000399981225   0.000046563275
 -0.000393637064   0.000935965798  -0.000569072222
 -0.002165383484  -0.000195435314  -0.001410796090
  0.016370518696  -0.003313534983   0.015400156242
  0.011987475437   0.041696797517  -0.030892716189
 -0.093039496129   0.133392000922   0.034788021014
 -0.001053421663   0.001662204290  -0.001097832119
 -0.004875690679   0.001425252731   0.002033776138
  0.018650437654  -0.003169955768   0.004986179681
    4    3  0.0000  0.0000  0.0080
  0.000524544175  -0.003948681058  -0.014606306638
  0.000773248810  -0.000538817225   0.000612352591
  0.028934137972   0.004038187294   0.081211142790
  0.032708973692  -0.004004468252  -0.359393992597
  0.000865716058  -0.006208623220  -0.005612223458
  0.001333590251   0.001070623611   0.062862603572
  0.000412292599   0.000238433438   0.000213493263
 -0.000149052864   0.000195962489   0.000330488130
 -0.001289826721   0.002787433387   0.000082260764
  0.020545079673  -0.000859370208   0.015909414805
  0.000514017767   0.000562699998   0.000532448382
 -0.061478754561  -0.037559943158   0.185113117839
 -0.029402143638   0.035011222150   0.045724515346
  0.001506222426  -0.001372660255   0.000116537163
 -0.004100005611   0.002499146744   0.000902433088
  0.008301959971   0.008088854267  -0.013998285041
    5    1  0.0080  0.0000  0.0000
  0.013418885796   0.020125923596   0.011580295839
  0.058999300951  -0.001954871904  -0.004190253238
  0.061781025768  -0.012281792508  -0.001950261186
  0.017575993394  -0.011962160228   0.000876228136
 -0.618799697559  -0.007806525550  -0.107240597257
  0.002294086333   0.001798883877   0.000573314652
 -0.004772038396  -0.012230203045  -0.005803925514
 -0.000197219365  -0.002613364260   0.000143728943
 -0.001280411391   0.000410839734   0.000048644750
  0.008130761241  -0.007065419290  -0.003543549850
 -0.008028614071   0.009766759105   0.000678736258
 -0.001417738168  -0.000254161680  -0.001084609766
  0.000309012621   0.000573055048   0.001045793870
  0.003424138361  -0.000350223917  -0.001030254096
  0.470774515089   0.024792775360   0.110365365797
 -0.002212000605  -0.000949514337  -0.000468657338
    5    2  0.0000  0.0080  0.0000
  0.007500492550   0.001390407710  -0.002691277608
  0.002560847064   0.102232176926   0.015090826788
 -0.015154490274   0.100250015467   0.010505824892
 -0.002689163343  -0.001582910528  -0.006203754456
 -0.007842843996  -0.303366606740  -0.060188217599
  0.000503897974  -0.009084783980   0.001219560621
  0.006459280909   0.019225973653   0.013344867996
 -0.002611069141  -0.003366161222  -0.000196025443
 -0.000779794102  -0.000055961027   0.001022291141
  0.003298260384  -0.003275296524   0.000964876291
 -0.015730095267   0.019230327116   0.007981413921
  0.000019070662  -0.000049653459   0.001162440532
  0.002894088190  -0.000369055302   0.002037825538
 -0.003138016822  -0.000860748695   0.000245644565
  0.024932829733   0.075758541638   0.016454078799
 -0.000223294520   0.003923734968  -0.000750375977
    5    3  0.0000  0.0000  0.0080
  0.003090068328  -0.006853796945  -0.004375468308
 -0.000855964247   0.017525730288   0.067746971438
 -0.005665585574   0.014389648375   0.066860013517
  0.010202142161  -0.014893572479  -0.005623500923
 -0.106995626222  -0.060131700870  -0.227376910565
  0.000829945603  -0.003774069230   0.000104160608
 -0.004173713865  -0.005341888808  -0.001879458752
  0.009876298878   0.021550134956   0.013741069644
 -0.001207392709  -0.000641330517   0.000160437483
 -0.016017357116   0.018449454367   0.005358818697
  0.000833148404   0.000877089888   0.001375981317
  0.000378437028  -0.000698658852   0.000279982181
  0.003554016089   0.000619488918   0.002878733721
 -0.003460804283  -0.000173066961   0.000264424055
  0.110300056481   0.017178216590   0.080894301967
 -0.000687668956   0.001918321280  -0.000409556079
    6    1  0.0080  0.0000  0.0000
  0.061042812391  -0.006817174606  -0.002756473927
  0.018828446989  -0.018428495009   0.005182896618
  0.013934838509   0.015362633793   0.003376026543
  0.057850445895   0.002587425273   0.001328670983
  0.002274093957   0.000485913364   0.000903217434
 -0.614888723844  -0.024220264906  -0.117324450048
  0.002395633038   0.001296622392  -0.000693369916
 -0.001338601617  -0.000722875168   0.000106518506
 -0.000958622234   0.002226596814   0.001188707088
 -0.001425467606   0.000204350244  -0.000756575892
  0.001128923754  -0.000684436508   0.001352304918
  0.006425269883   0.009155633578  -0.000789238785
 -0.007963484037  -0.015674805307  -0.001827978691
 -0.005145865999   0.007748086542  -0.000697493754
 -0.002224640827  -0.000227460650  -0.000644819397
  0.470064941751   0.027708250155   0.112052058321
    6    2  0.0000  0.0080  0.0000
 -0.012130480592   0.106391916493  -0.004127219267
 -0.003830188224  -0.007239603697   0.004429948328
  0.004142767426  -0.004332394859   0.006492747940
  0.006278223899   0.108291341235   0.001077822899
  0.001804708696  -0.009084317553  -0.003773018835
 -0.024196128792  -0.327056495038   0.007693793418
  0.004656189010   0.000369587947  -0.000578977603
  0.000820046350   0.000146207663  -0.001021245064
 -0.001123341044   0.004074203056  -0.002538966337
 -0.000408458610   0.000126976488  -0.001402829601
 -0.003569976320  -0.000332418241  -0.002587142710
  0.002147091754   0.004797035972  -0.001945715489
  0.008974169813   0.020063061767  -0.002531832745
 -0.010112926141   0.020355480783  -0.007566646539
 -0.000948559521   0.003924339165   0.001914874026
  0.027496862297   0.079505078821   0.006464407578
    6    3  0.0000  0.0000  0.0080
 -0.000424420317  -0.005968423321   0.061588018981
 -0.000116946436   0.007097173316  -0.001202247555
  0.007785037423   0.016645946385   0.000770784069
 -0.000582567705  -0.003415359171   0.062843168442
  0.000564191415   0.001210941342   0.000111540018
 -0.117233389595   0.007676277685  -0.207655359447
 -0.002265900663  -0.000599829550   0.000051127979
 -0.001070848591   0.000376547620  -0.000002790297
  0.014837511069  -0.021788399629   0.007062514192
  0.000177822171   0.000707629782   0.000106669654
  0.002789275568  -0.000745747310   0.002010130722
 -0.011726513809  -0.021930631016  -0.001022415496
  0.003922089719   0.005210795858   0.000467857809
 -0.008205605299   0.010486714237  -0.002637153902
 -0.000474462233  -0.000759427658  -0.000426250766
  0.112024727283   0.005795791430   0.077934405597
    7    1  0.0080  0.0000  0.0000
  0.013113216748  -0.019536535869   0.005764225636
  0.091758369924  -0.082871007852   0.029070777451
  0.000078219903   0.000378215152   0.001341976824
 -0.000249525691  -0.000099919486   0.000435710711
 -0.004767546754   0.006466121253  -0.004176704559
  0.002376493698   0.004653804931  -0.002309106499
 -0.099699482757   0.089708684295  -0.031564489533
 -0.002009807586   0.002464839527  -0.000378392312
 -0.001386110244  -0.000003174546  -0.000223144714
 -0.000120073270   0.000283200864   0.000036091175
 -0.000144658304   0.000081009267  -0.000020588573
 -0.000029731008  -0.000157619586  -0.000011771170
 -0.000057327050   0.000003687343  -0.000034481975
 -0.000453064091   0.000262696233   0.000375356758
 -0.000262404680   0.000160558733   0.000348353169
  0.001853431163  -0.001794560258   0.001346187612
    7    2  0.0000  0.0080  0.0000
  0.002663203398  -0.005565228365   0.001834836324
 -0.081617277064   0.160620385555  -0.044928116560
  0.001811167535   0.001404554731   0.001973974591
  0.000579972592  -0.000666221348   0.000234199219
 -0.012158400134   0.019243379218  -0.005316780806
  0.001257855193   0.000371451087  -0.000601987796
  0.089763324798  -0.174353917717   0.047147865073
 -0.001262457050   0.002270119244  -0.001672180179
 -0.000515212972  -0.000187020391   0.000196038832
 -0.000211816622   0.000418477824   0.000155378058
 -0.000424692880   0.000668223994   0.000357597114
 -0.000015846258  -0.000110422399  -0.000034570818
  0.000002254850   0.000002690434  -0.000027627295
 -0.000437039087  -0.000150951668   0.000188286148
  0.000164125237  -0.003567784753   0.000096273479
  0.000400838464  -0.000397735447   0.000396814617
    7    3  0.0000  0.0000  0.0080
 -0.002911395727   0.005103921046  -0.001257505704
  0.028940337514  -0.045297453094   0.047982944170
  0.001108497325   0.001569649940   0.000973553301
  0.000258306237  -0.000464063250   0.000235467521
 -0.005940886255   0.013395258019  -0.001920840341
 -0.000586123394  -0.000576864926   0.000084575363
 -0.031554576262   0.047084288925  -0.052601026303
  0.012656378337  -0.020452722056   0.007327145468
  0.000289606053   0.000380966657  -0.000296136877
 -0.000074762379   0.000099437182   0.000067486932
 -0.000307139136   0.000460538222   0.000299596726
  0.000026362201   0.000065602289  -0.000180778387
  0.000058444939   0.000051492604  -0.000073850015
  0.000326705942  -0.000138596297  -0.000041723259
 -0.001686997149  -0.001647743279  -0.000290593282
 -0.000602758245   0.000366288017  -0.000308315312
    8    1  0.0080  0.0000  0.0000
  0.006788442996   0.002623358190  -0.025244743739
  0.034306564607   0.002451174854  -0.021083821661
 -0.000007184761   0.000398466882  -0.000597775873
 -0.000001452571   0.000046190219  -0.000151830834
 -0.000181339631  -0.002620033034   0.009873828443
 -0.001347249695   0.000819285830  -0.001072562016
 -0.002012701819  -0.001262261647   0.012674182502
 -0.042294314258  -0.004481908197   0.026802518513
  0.004883281174   0.000254443017  -0.000785181707
  0.000159033556  -0.000105704841   0.000035060368
 -0.000060985327   0.000042657832  -0.000005592021
 -0.000048430069  -0.000205121124   0.000052130006
 -0.000058275351  -0.000033810689   0.000053788757
 -0.001436546347   0.000122980141   0.000442827696
  0.001091488641   0.001904332128  -0.001370424938
  0.000219668854   0.000045950441   0.000377596504
    8    2  0.0000  0.0080  0.0000
  0.000871433804   0.000103132122  -0.004108864604
  0.001890052104   0.036541136254  -0.017784121914
  0.001128897334   0.001861485682  -0.002525394451
 -0.000411206124   0.000408975690   0.000186167622
 -0.002522733547  -0.003353902879   0.021574146282
 -0.000776519627   0.000145525886   0.000370359336
  0.002465751132   0.002270271396  -0.020442762185
 -0.004491644983  -0.038474904341   0.025031565085
  0.001125171390  -0.000550821057   0.000005052033
  0.000358903257  -0.000671764423  -0.000189910148
 -0.000363863424   0.000389553624  -0.000064137428
 -0.000166609637   0.000339267689  -0.000012377274
 -0.000129790226  -0.000094035630  -0.000113118361
 -0.000230710198  -0.000008567500  -0.000219831355
  0.000983835234   0.001158420937  -0.001757940398
  0.000269033509  -0.000063773451   0.000051167761
    8    3  0.0000  0.0000  0.0080
 -0.002053398483  -0.000317725591   0.003151955661
 -0.024227524365  -0.024733623706   0.210640243141
  0.000580588338   0.001130167243  -0.000453860489
  0.000086103226   0.000049899847   0.000335290958
  0.000108233194  -0.000196471682   0.013730720867
  0.000126638396  -0.001019582708   0.000009092888
 -0.000376757672  -0.001678489960   0.007299767794
  0.026820621576   0.025056821382  -0.231064346958
 -0.000650224773  -0.000051665431  -0.000973507036
  0.000138068228  -0.000313163176  -0.000065411948
 -0.000149873829   0.000205770010   0.000036217711
  0.000035257510   0.000145678047  -0.000316029207
  0.000041735582   0.000057187101  -0.000191943677
 -0.000211706523  -0.000155557657  -0.000439461633
  0.000122689445   0.001424413333  -0.001641038715
 -0.000390449849   0.000396342947  -0.000057689358
    9    1  0.0080  0.0000  0.0000
  0.033956075640   0.003199541144  -0.018888064973
  0.006420788246   0.006021128703  -0.024994546970
 -0.000050831444  -0.000121265509  -0.000122305221
  0.000370909795  -0.000387825954  -0.001278122048
 -0.001291315103  -0.000799905840  -0.001205463778
 -0.000964948072  -0.001107303768   0.014846528135
 -0.001399250696  -0.000506962901   0.000292467298
  0.004887404991   0.001134404727  -0.000705592175
 -0.042336381163  -0.004502579078   0.025574942309
 -0.000105197127   0.000093054401   0.000072718578
 -0.000093049577   0.000024221574   0.000039624586
  0.000173861631   0.000292084827   0.000073403538
 -0.000112890463  -0.000142771432  -0.000052348370
 -0.001358498318  -0.001858480377   0.008222403939
  0.000274299718  -0.000098137354   0.000361101933
  0.001629021941  -0.001239203162  -0.002236746781
    9    2  0.0000  0.0080  0.0000
  0.004865884836   0.040565662467  -0.036338713851
  0.001155457546   0.000357588784  -0.002258387689
  0.000257206533   0.000511430139  -0.000179319176
 -0.001518626183   0.000935538801   0.002787474234
  0.000404957543  -0.000063002885  -0.000630372337
  0.002229175463   0.004073135287  -0.021782187830
 -0.000002054892  -0.000190696702   0.000376765157
  0.000254466309  -0.000550844370  -0.000058726978
 -0.004514862187  -0.041730302641   0.036055573448
  0.000052418793   0.000370549531   0.000213976471
  0.000109181639  -0.000095577664   0.000143185948
 -0.000186304762  -0.000782894149  -0.000005910274
  0.000281927880   0.000445968441   0.000167255591
 -0.002386333288  -0.004217476530   0.019454026340
 -0.000115618252  -0.000002283572   0.000045394032
 -0.000886876979   0.000373205063   0.002009966914
    9    3  0.0000  0.0000  0.0080
 -0.023156726613  -0.030228550509   0.207077380448
 -0.001898897203  -0.001132283193   0.003290514742
  0.000203871161   0.000036378856   0.000303114977
  0.000345750000  -0.000554575488   0.000083757024
  0.000145983382   0.001030029541   0.000188063245
  0.001023222266  -0.002543029085   0.007005904564
 -0.000207166124   0.000189063996  -0.000296862251
 -0.000770663466  -0.000004743196  -0.000978262423
  0.025587419367   0.036056906481  -0.227861348946
  0.000082999768   0.000064511536  -0.000285744730
  0.000094273996  -0.000012525502  -0.000158388874
  0.000017540362   0.000123309932   0.000021018303
 -0.000026933564  -0.000103871020   0.000029857094
 -0.001163742120  -0.001711499380   0.013135601915
 -0.000326879277  -0.000455778043  -0.000163938069
  0.000049948066  -0.000753344927  -0.001390667020
   10    1  0.0080  0.0000  0.0000
  0.000037797890  -0.000117644106  -0.000049006514
 -0.000011787214  -0.001105278080   0.001173936025
  0.055548872983   0.010359402565  -0.063672228461
 -0.005644106994  -0.002161623116   0.020531076397
  0.008112195491   0.003294894830  -0.015997557785
 -0.001400561627  -0.000403663581   0.000184108813
 -0.000123415897  -0.000205322909  -0.000080463723
  0.000160355589   0.000363139061   0.000137870980
 -0.000101719501   0.000053397678   0.000079338305
 -0.062968928796  -0.009447302813   0.064315611094
  0.004246496424   0.001794223017  -0.011176192032
  0.002919528414   0.000360083018   0.002992454310
 -0.001108163813  -0.000198580362  -0.000791852811
 -0.000070840684   0.000007758147   0.000031379268
  0.000189320008  -0.002388164848   0.002557822490
  0.000214957728  -0.000205318500  -0.000236296356
   10    2  0.0000  0.0080  0.0000
  0.000186686628   0.000418691757   0.000361955281
  0.000033452350   0.001659100276  -0.002696594620
  0.007553915241   0.037363924646  -0.019511120255
  0.000414900855  -0.000165977555  -0.000857721373
 -0.007035262443  -0.003270189116   0.018458534270
  0.000178457336   0.000124020190   0.000708925372
  0.000290920695   0.000408965318   0.000107245135
 -0.000104777562  -0.000673323628  -0.000316110322
  0.000091927362   0.000371111867   0.000072487309
 -0.009433622225  -0.039028515845   0.026565213990
  0.008225219733   0.002841660984  -0.020677372544
 -0.000435712069  -0.000636899327  -0.000118271336
  0.000151111955   0.000001254069  -0.000206684575
  0.000165609300  -0.000078657725  -0.000035495795
 -0.000032761670   0.000790053151  -0.001726227471
 -0.000250065486  -0.000125219064  -0.000128763066
   10    3  0.0000  0.0000  0.0080
 -0.000242695339  -0.000009339621   0.000273574343
 -0.000501680222   0.000664793095  -0.000263401994
 -0.059672487406  -0.025347321727   0.188564610205
 -0.002862079050  -0.001419086856   0.015909571741
 -0.003565475236   0.000982145528   0.005329579075
 -0.000755715735  -0.001405810316   0.000116732452
  0.000036341339   0.000153355512   0.000072846402
  0.000030517990  -0.000199321042  -0.000058214913
  0.000069764086   0.000214993709  -0.000293659793
  0.064359500401   0.026579112666  -0.209878864437
 -0.000792172140  -0.001014854498   0.000477249262
  0.002838050642   0.000249819283   0.001085949669
 -0.000138438859  -0.000244572803  -0.000766150819
  0.000026514675   0.000065750779  -0.000197161472
  0.000692271757   0.000344869757  -0.000384529354
  0.000477783097   0.000385466533   0.000011869632
   11    1  0.0080  0.0000  0.0000
  0.000168227759   0.000393319281  -0.000449291235
  0.001826025763  -0.001104507763  -0.001192187172
  0.083042475565   0.084440601240   0.000854668005
  0.009097214245   0.016372482763   0.000510705470
 -0.008049064534  -0.015728528708   0.000830475679
  0.001126396505  -0.003566441728   0.002791990888
 -0.000147447125  -0.000420304700  -0.000301593318
 -0.000057094113  -0.000364161332  -0.000145759355
 -0.000084388442   0.000110442278   0.000083389628
  0.004250040839   0.008226556882  -0.000797995167
 -0.090519672724  -0.090498500734  -0.000615167585
 -0.001099808081  -0.000312162118  -0.000270348336
 -0.000073834958  -0.000163580612  -0.000423575229
 -0.000049706098  -0.000034111248   0.000054101474
 -0.000940946243   0.001034775115  -0.000706977870
  0.001511581642   0.001614121384  -0.000222435878
   11    2  0.0000  0.0080  0.0000
 -0.000553412890  -0.000737174056  -0.000125805971
 -0.002508650412   0.000968647792   0.000623606557
  0.083204553877   0.183610910673  -0.003297845408
 -0.001081599539  -0.003306118984   0.000547584941
  0.009850155871   0.019231696635   0.000892383161
 -0.000740241732  -0.000335873697  -0.000756783793
  0.000088860924   0.000660732988   0.000477075561
  0.000045511782   0.000384625054   0.000202816723
  0.000025990008  -0.000095929110  -0.000011648173
  0.001800038161   0.002846380161  -0.001009023493
 -0.090543734812  -0.199225535305   0.001606003903
  0.000197731612  -0.000162833058   0.000370552295
  0.000273142318  -0.000129762134   0.000316063965
 -0.000006453714  -0.000007509170  -0.000023924065
  0.000229006180  -0.003491187579   0.000072400081
 -0.000280897632  -0.000211070209   0.000116543716
   11    3  0.0000  0.0000  0.0080
 -0.000202257900  -0.000337147457  -0.000158149064
 -0.000957060452   0.001033500638  -0.000355762493
  0.000937249576  -0.002991760251   0.033857820584
  0.007946198225   0.015397337399   0.000528264043
  0.000696820450   0.007978772161   0.001381922778
  0.001349893599  -0.002586710939   0.002010713125
 -0.000010054765   0.000362257941   0.000287116309
 -0.000003501418  -0.000060051127   0.000030018992
  0.000035933544   0.000150522137  -0.000169021332
 -0.011178080630  -0.020685075569   0.000475642625
 -0.000618789315   0.001582076070  -0.036931980359
 -0.000782843837   0.000223825604  -0.000622395475
 -0.000295204282  -0.000298469775  -0.000455169353
 -0.000036550761   0.000046715296  -0.000092764670
  0.001531002359  -0.001244665442   0.000321374599
  0.001587245607   0.001428873315  -0.000107630307
   12    1  0.0080  0.0000  0.0000
 -0.000145518151   0.000509427328   0.000749490015
  0.000063668697   0.000033142118   0.000036347232
 -0.005251599474  -0.004736760265   0.020019206877
  0.054687635938   0.011992955841  -0.061418677788
 -0.001420744037   0.000012931230   0.000383256751
  0.006413023431   0.002140444892  -0.011720622358
 -0.000034924027  -0.000005704644   0.000017620724
 -0.000046592340  -0.000162245631   0.000031045274
  0.000177891788  -0.000185853098   0.000010971904
  0.002920636275  -0.000433374266   0.002835523614
 -0.001101058562   0.000203545186  -0.000786691511
 -0.061838774360  -0.014515673612   0.062464156455
  0.005733336433   0.003257814754  -0.015069049851
 -0.000083336339   0.000107775027  -0.000025445372
  0.000120101343   0.000309911290  -0.000184395236
 -0.000193746614   0.001471663849   0.002657263269
   12    2  0.0000  0.0080  0.0000
 -0.000217804791   0.001086694280   0.003279699864
 -0.000196673336   0.000485732273  -0.000294499435
 -0.000701822278  -0.000442449278   0.000565634190
  0.013716155697   0.041767777450  -0.037510175733
 -0.000232555738  -0.000048712492  -0.000689324506
  0.009128045362   0.004783988086  -0.021919692027
 -0.000155376980  -0.000120365424   0.000070904913
 -0.000201955135   0.000332972817   0.000140514561
  0.000292772550  -0.000786408510   0.000118889871
  0.000362449071  -0.000642828908   0.000250267681
 -0.000309578622  -0.000162264143   0.000215374446
 -0.014519338271  -0.043106055323   0.036528336238
 -0.006382038668  -0.004192207851   0.016644242982
 -0.000398743558   0.000413110410  -0.000011527910
  0.000123460163   0.000040915400   0.000071241467
 -0.000306995465   0.000590101213   0.002540113398
   12    3  0.0000  0.0000  0.0080
 -0.000424495809  -0.000394165607   0.000467769113
 -0.000301681162   0.000012797057   0.000202000254
 -0.002778605747  -0.003790521071   0.015763593746
 -0.058099933162  -0.030786798355   0.185062215039
 -0.001104408202   0.001165146487   0.000298798115
 -0.000782665054  -0.001948001658  -0.001031835886
 -0.000013541757  -0.000041991659  -0.000188598785
  0.000046967047  -0.000016088422  -0.000305550648
  0.000063032443  -0.000012742966   0.000037561827
  0.002992320799  -0.000124452901   0.001079553957
 -0.000283837161   0.000371819895  -0.000616319352
  0.062505369275   0.036491643720  -0.206997575727
 -0.003036250441  -0.000640805160   0.006031463762
 -0.000042151766  -0.000051764409   0.000036257921
  0.000586720549  -0.000280547923  -0.000043343970
  0.000673160147   0.000046472972   0.000204010635
   13    1  0.0080  0.0000  0.0000
  0.001001557182   0.001338486999  -0.000734799930
  0.000079815191  -0.000071565800  -0.000513724331
  0.012002837698  -0.013131819661  -0.003507162006
  0.121300406621  -0.092994205901  -0.029409506906
  0.000306216591   0.002884562955   0.003569394484
 -0.007982048459   0.008977078546   0.003916481893
 -0.000054192713   0.000006330895   0.000050800826
 -0.000052252922  -0.000125064122   0.000041838842
 -0.000106597264   0.000277492179  -0.000019532152
 -0.001108189822   0.000148907067  -0.000137752726
 -0.000074213482   0.000277634386  -0.000293559148
  0.005736521845  -0.006385281255  -0.003036544706
 -0.131850597200   0.099864453981   0.031504756529
 -0.000184052737   0.000270846694  -0.000112454902
  0.001762300181  -0.001120721693  -0.000582319426
 -0.000777510711  -0.000217135270  -0.000735916340
   13    2  0.0000  0.0080  0.0000
  0.002635392345   0.002178707733  -0.000217813943
  0.000761116181  -0.000697168057  -0.000148950509
  0.001097557477  -0.001787854873  -0.001145714342
 -0.091796148753   0.133419248335   0.035034642128
  0.000561829194  -0.000367601126   0.000620271219
 -0.015658395303   0.020049415661   0.005211685583
  0.000001167421   0.000001813690   0.000059081256
 -0.000035433715  -0.000098338699   0.000058608705
 -0.000140073571   0.000448962943  -0.000111734934
 -0.000195629347  -0.000001363406  -0.000244925672
 -0.000164575567  -0.000134896794  -0.000305702735
  0.003251810417  -0.004191313830  -0.000623126040
  0.099851495594  -0.145956421933  -0.036296915445
 -0.000285603098   0.000904461848  -0.000343099203
  0.000123211007  -0.000064782501  -0.000164444718
 -0.000007720282  -0.003702868990  -0.001381861350
   13    3  0.0000  0.0000  0.0080
 -0.000008711413  -0.000459496408  -0.000724511849
 -0.000142705745   0.000175732492  -0.000094610965
  0.011315058012  -0.013620058728  -0.003947800319
 -0.028794160695   0.034707215050   0.045783378506
  0.000872407398   0.002028750929   0.002816610591
 -0.001535878147  -0.002516220603   0.000544120000
 -0.000056272082  -0.000013932723  -0.000095624857
  0.000027365720  -0.000106109990  -0.000186374070
 -0.000063346321   0.000185018952  -0.000001511653
 -0.000807319772  -0.000209116985  -0.000794218488
 -0.000450686103   0.000310656559  -0.000462003547
 -0.015080493995   0.016634791580   0.006043197191
  0.031503143514  -0.036299014870  -0.048833242596
 -0.000008619605  -0.000168900891   0.000089132610
  0.001844164765  -0.001010995575  -0.000520783848
  0.001386054470   0.000361681213   0.000384243294
   14    1  0.0080  0.0000  0.0000
  0.062502222552   0.055624786209   0.035514517686
  0.009000751403   0.019972332979   0.011692387772
 -0.000152833978   0.000076270719   0.000501958628
  0.000676270739  -0.001058280020   0.001514226153
  0.003390232117  -0.003143430890  -0.003453442809
 -0.005122323370  -0.010103086211  -0.008199474596
 -0.000459076538  -0.000433212257   0.000316351168
 -0.001434857882  -0.000220668295  -0.000214157772
 -0.001355191215  -0.002384832100  -0.001164249780
 -0.000071021871   0.000165715862   0.000025675581
 -0.000052897656  -0.000005346867  -0.000038180445
 -0.000081089373  -0.000401114919  -0.000036219855
 -0.000186133975  -0.000287715696  -0.000010385695
 -0.067797332001  -0.059982919617  -0.038797079791
  0.001546300860   0.001738896946   0.001833494209
 -0.000403019810   0.000442604158   0.000514579546
   14    2  0.0000  0.0080  0.0000
  0.054446212496   0.154235244239   0.079124943140
  0.000946067640   0.000499320564  -0.000073483129
 -0.000515890328  -0.000773800510  -0.000410780361
 -0.002347001394   0.001673983332  -0.001365929586
 -0.000348241747  -0.000865712108  -0.000158220236
  0.007764771630   0.020354753472   0.010498399822
  0.000261961373  -0.000150520914  -0.000141514493
  0.000117607584  -0.000000451864  -0.000158847297
 -0.001860287439  -0.004209895107  -0.001716707884
  0.000006684577  -0.000074138321   0.000066140543
 -0.000036078534  -0.000001438580   0.000043740443
  0.000106147640   0.000421292759  -0.000044647797
  0.000272118217   0.000905478182  -0.000185438280
 -0.060029754554  -0.168567554529  -0.084484719337
  0.000161718381   0.000128183609   0.000012338938
  0.001053964457  -0.003574744226  -0.001005274486
   14    3  0.0000  0.0000  0.0080
  0.034983298694   0.079433775666   0.083714831598
 -0.001938925967  -0.005716682042  -0.003187661680
 -0.000012560890   0.000181889075   0.000202476402
  0.000813511828  -0.001099645970   0.000113392370
 -0.001030123270   0.000250094346   0.000258635893
 -0.000655723503  -0.007558426733  -0.002623142395
  0.000375375193   0.000194120827  -0.000053876273
  0.000437546679  -0.000215409933  -0.000439168476
  0.008210960158   0.019458332597   0.013131285983
  0.000031390283  -0.000036670007  -0.000203753344
  0.000048464893  -0.000023114323  -0.000090248613
 -0.000027139386  -0.000006517954   0.000026503139
 -0.000115006749  -0.000344916941   0.000088545799
 -0.038804653489  -0.084455282025  -0.090298513873
 -0.000578689444  -0.000414445465  -0.000501359116
 -0.001737725030   0.000352898882  -0.000137947415
   15    1  0.0080  0.0000  0.0000
 -0.001293607876   0.002964698739   0.002552925602
  0.023412714422   0.015856048867   0.018801339752
  0.039998540749  -0.011625086055   0.005161339679
  0.001428181644  -0.004887159283  -0.004098696979
  0.470756120743   0.024983672680   0.110330726981
 -0.002219673386  -0.000945859697  -0.000475572316
 -0.000264800411   0.000149960975  -0.001645963468
  0.001103041869   0.000967643537   0.000131570057
  0.000291910608  -0.000121609724  -0.000362624265
  0.000208763383  -0.000062454923   0.000695497032
 -0.000930193610   0.000207488469   0.001512061921
  0.000128560286   0.000115167332   0.000598005935
  0.001768808801   0.000123375072   0.001905781212
  0.001565633908   0.000163164186  -0.000568072299
 -0.537573952509  -0.028369877190  -0.134884730870
  0.001619951379   0.000480827014   0.000346412026
   15    2  0.0000  0.0080  0.0000
  0.000805416450   0.002221084260   0.003956898658
  0.026918069867  -0.004233767200   0.010305680656
 -0.022786508297  -0.009625869348  -0.004123631537
 -0.002781301967   0.001417177614   0.002505791486
  0.024783410654   0.075740276995   0.017131564210
 -0.000227748822   0.003916699879  -0.000750264133
  0.000160182640  -0.003576518322  -0.001704592207
  0.001902222592   0.001148767511   0.001433153066
 -0.000087996355  -0.000006962470  -0.000447926839
 -0.002390204939   0.000776405657   0.000350768267
  0.001024112330  -0.003506961440  -0.001245157281
  0.000307935978   0.000037609732  -0.000275162704
 -0.001120871218  -0.000070269175  -0.001000472873
  0.001740891580   0.000129562471  -0.000410324577
 -0.028378031211  -0.062608762391  -0.026127756034
  0.000130420719  -0.001758473772   0.000401431842
   15    3  0.0000  0.0000  0.0080
 -0.000819535252   0.004145847498   0.002840806813
  0.024097506975   0.007501988655  -0.005415663051
 -0.000121616302  -0.001747929778  -0.016586714576
 -0.000703525196   0.002018928088   0.000912061580
  0.110269638491   0.016474340748   0.080982176574
 -0.000652332232   0.001912387518  -0.000418511229
  0.000350375686   0.000104341264  -0.000268629341
 -0.001372425543  -0.001753696132  -0.001627313746
  0.000359471970   0.000042687351  -0.000181136854
  0.002562104446  -0.001738909689  -0.000383901767
 -0.000707042469   0.000062890968   0.000333069923
 -0.000183618393   0.000070376580  -0.000059239071
 -0.000585407426  -0.000170606897  -0.000487518146
  0.001837763321   0.000010244480  -0.000492376570
 -0.134768678292  -0.026012039095  -0.059439093388
  0.000437320216  -0.000920851559   0.000291982849
   16    1  0.0080  0.0000  0.0000
  0.032232571894  -0.013537096566   0.016314391985
 -0.000286797327  -0.004443455568   0.002258277494
 -0.000245889878   0.005259121881  -0.002084349510
  0.030951881502   0.018672609483   0.008305538778
 -0.002240344605  -0.000221843688  -0.000675407469
  0.470027600640   0.027517386968   0.112117170762
  0.001923205796   0.000397428112  -0.000628819708
  0.000233404390   0.000285666552  -0.000398584822
  0.001648002049  -0.000882524242   0.000090763067
  0.000221330879  -0.000234106185   0.000473303206
  0.001520555955  -0.000251899764   0.001588725704
 -0.000176302742  -0.000309049851   0.000686901926
 -0.000771586561  -0.000007126704   0.001301532158
 -0.000391309173   0.001042202673  -0.001740245315
  0.001642570795   0.000173415604   0.000358584340
 -0.536288893616  -0.033460728706  -0.137967782596
   16    2  0.0000  0.0080  0.0000
 -0.025532654226  -0.009290353742  -0.006336703858
 -0.001436860565   0.003394376349  -0.003107637412
  0.002322978089   0.004332977263  -0.002414615401
  0.030803107023  -0.003134178981   0.008085867674
 -0.000950351796   0.003922390770   0.001916381781
  0.027660371136   0.079485724989   0.005765043249
 -0.001785571798  -0.000396030700   0.000361716920
  0.000046787945  -0.000064928558   0.000392602982
 -0.001257998441   0.000370842323  -0.000757570952
 -0.000201741869  -0.000117840713   0.000386626595
  0.001616789609  -0.000204200185   0.001422629948
  0.001483686308   0.000596084961   0.000047287502
 -0.000207034452  -0.003686640352   0.000389101917
  0.000436503060  -0.003578157720   0.000343120194
  0.000485699989  -0.001749859875  -0.000921316297
 -0.033483710014  -0.069880205829  -0.005572534841
   16    3  0.0000  0.0000  0.0080
  0.017646717772  -0.002846631254  -0.009181011646
 -0.000244549311  -0.003945899527   0.000638235012
  0.000439210769  -0.001302840189  -0.000346464196
  0.006951748891   0.004979338588  -0.014016129619
 -0.000456107534  -0.000750576297  -0.000429238305
  0.111974362620   0.006510786893   0.077976181600
  0.001291247444   0.000394847781  -0.000325999738
  0.000384318632   0.000052050068  -0.000067318561
 -0.002230484619   0.002010127290  -0.001394115870
 -0.000231162788  -0.000127149071   0.000001096349
 -0.000219150513   0.000120547374  -0.000106408374
  0.002662189780   0.002533805252   0.000181618588
 -0.000727534466  -0.001381285321   0.000352578532
  0.000518612710  -0.001017247416  -0.000143748032
  0.000350472670   0.000393936756   0.000278256938
 -0.138109892057  -0.005623810927  -0.053417532679
