#  T(K)     E(eV/cell)    F(eV/cell)    Fc(eV/cell)   S(kB/cell)    Cv(kB/cell)
    0.00           NaN    7.02909940           NaN           NaN           NaN
   10.00    7.02913588    7.02908974    0.38769045    0.05355121    0.20657781
   20.00    7.02993844    7.02885066    0.66069705    0.63115492    1.92803728
   30.00    7.03268400    7.02780266    0.89041696    1.88817407    4.46217796
   40.00    7.03756880    7.02549523    1.09202643    3.50267719    6.81330631
   50.00    7.04431118    7.02173160    1.27273316    5.24047008    8.76957353
   60.00    7.05258129    7.01646184    1.43678240    6.98577099   10.37314178
   70.00    7.06211448    7.00970433    1.58697928    8.68844165   11.71674843
   80.00    7.07272508    7.00150495    1.72531750   10.33087819   12.88637227
   90.00    7.08429272    6.99191733    1.85328775   11.91072670   13.94691174
  100.00    7.09674369    6.98099389    1.97204712   13.43212468   14.94225335
  110.00    7.11003464    6.96878234    2.08251996   14.90140790   15.89991618
  120.00    7.12414077    6.95532473    2.18546177   16.32513992   16.83623461
  130.00    7.13904810    6.94065769    2.28150168   17.70931626   17.76057819
  140.00    7.15474884    6.92481300    2.37117169   19.05913143   18.67830373
  150.00    7.17123876    6.90781831    2.45492760   20.37899183   19.59261382
  160.00    7.18851589    6.88969780    2.53316428   21.67261776   20.50562111
  170.00    7.20657981    6.87047267    2.60622717   22.94316226   21.41889473
  180.00    7.22543131    6.85016164    2.67442096   24.19331769   22.33369863
  190.00    7.24507217    6.82878123    2.73801644   25.42540143   23.25106481
  200.00    7.26550495    6.80634615    2.79725586   26.64142110   24.17179088
  210.00    7.28673282    6.78286946    2.85235721   27.84312301   25.09641371
  220.00    7.30875924    6.75836284    2.90351769   29.03202811   26.02518610
  230.00    7.33158781    6.73283672    2.95091657   30.20945921   26.95806780
  240.00    7.35522195    6.70630049    2.99471748   31.37656233   27.89473364
  250.00    7.37966467    6.67876261    3.03507045   32.53432440   28.83459669
  260.00    7.40491840    6.65023077    3.07211346   33.68358859   29.77684280
  270.00    7.43098478    6.62071195    3.10597387   34.82506821   30.72047204
  280.00    7.45786450    6.59021262    3.13676963   35.95935967   31.66434327
  290.00    7.48555726    6.55873874    3.16461023   37.08695466   32.60721845
