#  T(K)     E(eV/cell)    F(eV/cell)    Fc(eV/cell)   S(kB/cell)    Cv(kB/cell)
   10.00   16.69226996   16.69164192    0.98744381    0.72880896    1.52803889
   20.00   16.69546451   16.69010966    1.67488845    3.10700179    6.38867340
   30.00   16.70383007   16.68586155    2.24910026    6.95048970   13.14413038
   40.00   16.71806989   16.67788376    2.74977852   11.65844376   19.78338936
   50.00   16.73765835   16.66567300    3.19577774   16.70700397   25.51475384
   60.00   16.76177963   16.64907920    3.59820297   21.79710483   30.33145116
   70.00   16.78973122   16.62813516    3.96439205   26.78904264   34.44179309
   80.00   16.82099572   16.60295312    4.29956031   31.62829884   38.05055743
   90.00   16.85521142   16.57367247    4.60760722   36.30115520   41.31291628
  100.00   16.89212992   16.54043545    4.89155956   40.81220017   44.33862471
  110.00   16.93158225   16.50337660    5.15383532   45.17354546   47.20421036
  120.00   16.97345482   16.46261870    5.39641083   49.39975858   49.96317762
  130.00   17.01767294   16.41827183    5.62093177   53.50552860   52.65319367
  140.00   17.06418933   16.37043376    5.82878982   57.50464323   55.30094036
  150.00   17.11297620   16.31919093    6.02117729   61.40959683   57.92535891
  160.00   17.16401954   16.26461957    6.19912715   65.23149832   60.53981844
  170.00   17.21731502   16.20678697    6.36354296   68.98011594   63.15357233
  180.00   17.27286486   16.14575251    6.51522179   72.66397843   65.77274996
  190.00   17.33067549   16.08156873    6.65487200   76.29049396   68.40105013
  200.00   17.39075565   16.01428221    6.78312728   79.86606892   71.04024557
  210.00   17.45311494   15.94393442    6.90055786   83.39621925   73.69056848
  220.00   17.51776258   15.87056242    7.00767961   86.88567194   76.35102006
  230.00   17.58470652   15.79419948    7.10496144   90.33845653   79.01962981
  240.00   17.65395267   15.71487570    7.19283145   93.75798733   81.69367873
  250.00   17.72550434   15.63261845    7.27168203   97.14713748   84.36989436
  260.00   17.79936183   15.54745286    7.34187415  100.50830551   87.04462162
  270.00   17.87552221   15.45940215    7.40374100  103.84347548   89.71397149
  280.00   17.95397912   15.36848800    7.45759106  107.15427113   92.37394879
  290.00   18.03472276   15.27473084    7.50371078  110.44200473   95.02056014
  300.00   18.11773992   15.17815006    7.54236682  113.70772090   97.64990309
