 10.          0.30139069 
 20.          0.30139069 
 30.          0.30139069 
 40.          0.30139069 
 50.          0.30139069 
 60.          0.30139073 
 70.          0.30139103 
 80.          0.30139245 
 90.          0.30139694 
 100.           0.30140791 
 110.           0.30143016 
 120.           0.30146948 
 130.           0.30153215 
 140.          0.3016244 
 150.         0.301752 
 160.           0.30192001 
 170.           0.30213262 
 180.           0.30239316 
 190.          0.3027041 
 200.           0.30306718 
 210.          0.3034835 
 220.           0.30395361 
 230.           0.30447762 
 240.           0.30505533 
 250.           0.30568623 
 260.           0.30636963 
 270.           0.30710471 
 280.           0.30789051 
 290.           0.30872601 
 300.           0.30961017 
