 10.          0.89738115 
 20.          0.89738115 
 30.          0.89738115 
 40.         0.8973812 
 50.          0.89738197 
 60.         0.8973866 
 70.          0.89740267 
 80.          0.89744234 
 90.          0.89752061 
 100.           0.89765302 
 110.           0.89785383 
 120.           0.89813483 
 130.           0.89850499 
 140.           0.89897052 
 150.           0.89953521 
 160.           0.90020095 
 170.           0.90096816 
 180.           0.90183621 
 190.           0.90280377 
 200.           0.90386909 
 210.           0.90503014 
 220.           0.90628477 
 230.           0.90763083 
 240.           0.90906617 
 250.           0.91058872 
 260.           0.91219647 
 270.          0.9138875 
 280.           0.91565999 
 290.           0.91751218 
 300.           0.91944239 
