            -0.45000             0.01037
            -0.35000             0.01291
            -0.25000             0.01111
            -0.15000             0.00900
            -0.05000             0.00180
             0.05000             0.00307
             0.15000             0.01006
             0.25000             0.01672
             0.35000             0.03260
             0.45000             0.04933
             0.55000             0.05409
             0.65000             0.05536
             0.75000             0.04689
             0.85000             0.04604
             0.95000             0.04784
             1.05000             0.05197
             1.15000             0.05134
             1.25000             0.06531
             1.35000             0.06425
             1.45000             0.05652
             1.55000             0.05208
             1.65000             0.05472
             1.75000             0.07166
             1.85000             0.08383
             1.95000             0.10140
             2.05000             0.09791
             2.15000             0.08976
             2.25000             0.08129
             2.35000             0.08002
             2.45000             0.09981
             2.55000             0.07780
             2.65000             0.12247
             2.75000             0.15835
             2.85000             0.16608
             2.95000             0.12236
             3.05000             0.05155
             3.15000             0.03504
             3.25000             0.03228
             3.35000             0.03599
             3.45000             0.04350
             3.55000             0.03017
             3.65000             0.03070
             3.75000             0.04065
             3.85000             0.05282
             3.95000             0.07526
             4.05000             0.09759
             4.15000             0.07431
             4.25000             0.05991
             4.35000             0.03853
             4.45000             0.03969
             4.55000             0.04901
             4.65000             0.06107
             4.75000             0.10214
             4.85000             0.10066
             4.95000             0.08849
             5.05000             0.08277
             5.15000             0.06647
             5.25000             0.05578
             5.35000             0.02826
             5.45000             0.02001
             5.55000             0.01736
             5.65000             0.05917
             5.75000             0.11336
             5.85000             0.13887
             5.95000             0.13263
             6.05000             0.10024
             6.15000             0.08468
             6.25000             0.07970
             6.35000             0.00942
             6.45000             0.00000
             6.55000             0.00000
             6.65000             0.00000
             6.75000             0.00000
             6.85000             0.00000
             6.95000             0.00000
             7.05000             0.00000
             7.15000             0.00000
             7.25000             0.00000
             7.35000             0.00000
             7.45000             0.00000
             7.55000             0.00000
             7.65000             0.00000
             7.75000             0.00000
             7.85000             0.00000
             7.95000             0.00000
             8.05000             0.00000
             8.15000             0.00000
             8.25000             0.00000
             8.35000             0.00000
             8.45000             0.00000
             8.55000             0.00000
             8.65000             0.00116
             8.75000             0.00201
             8.85000             0.00318
             8.95000             0.00370
             9.05000             0.00519
             9.15000             0.00593
             9.25000             0.00709
             9.35000             0.00900
             9.45000             0.00963
             9.55000             0.00974
             9.65000             0.01048
             9.75000             0.00974
             9.85000             0.01175
             9.95000             0.01111
            10.05000             0.01185
            10.15000             0.01207
            10.25000             0.01270
            10.35000             0.01344
            10.45000             0.01291
            10.55000             0.01598
            10.65000             0.01281
            10.75000             0.01757
            10.85000             0.01619
            10.95000             0.01725
            11.05000             0.01842
            11.15000             0.01778
            11.25000             0.02276
            11.35000             0.02001
            11.45000             0.02667
            11.55000             0.02699
            11.65000             0.03535
            11.75000             0.02180
            11.85000             0.03387
            11.95000             0.02128
            12.05000             0.02339
            12.15000             0.02244
            12.25000             0.02085
            12.35000             0.01895
            12.45000             0.02075
            12.55000             0.02011
            12.65000             0.01905
            12.75000             0.02022
            12.85000             0.01969
            12.95000             0.01736
            13.05000             0.01598
            13.15000             0.01418
            13.25000             0.01101
            13.35000             0.00847
            13.45000             0.00794
            13.55000             0.00921
            13.65000             0.00847
            13.75000             0.01016
            13.85000             0.00942
            13.95000             0.00995
            14.05000             0.01249
            14.15000             0.00984
            14.25000             0.01471
            14.35000             0.01154
            14.45000             0.01567
            14.55000             0.01492
            14.65000             0.01588
            14.75000             0.02032
            14.85000             0.01948
            14.95000             0.02657
            15.05000             0.03175
            15.15000             0.03758
            15.25000             0.04530
            15.35000             0.05864
            15.45000             0.03800
            15.55000             0.03133
            15.65000             0.02890
            15.75000             0.03694
            15.85000             0.04361
            15.95000             0.04424
            16.05000             0.06192
            16.15000             0.08256
            16.25000             0.08034
            16.35000             0.09632
            16.45000             0.11125
            16.55000             0.11453
            16.65000             0.09823
            16.75000             0.09082
            16.85000             0.04615
            16.95000             0.01768
            17.05000             0.05218
            17.15000             0.09675
            17.25000             0.20979
            17.35000             0.22768
            17.45000             0.11813
            17.55000             0.00085
            17.65000             0.00000
            17.75000             0.01651
            17.85000             0.05070
            17.95000             0.06107
            18.05000             0.07632
            18.15000             0.09039
            18.25000             0.10056
            18.35000             0.06541
            18.45000             0.05081
            18.55000             0.03493
            18.65000             0.02445
            18.75000             0.02064
            18.85000             0.01778
            18.95000             0.01545
            19.05000             0.01270
            19.15000             0.01217
            19.25000             0.01090
            19.35000             0.00879
            19.45000             0.00762
            19.55000             0.00730
            19.65000             0.00614
            19.75000             0.00561
            19.85000             0.00434
            19.95000             0.00370
            20.05000             0.00349
            20.15000             0.00254
            20.25000             0.00212
            20.35000             0.00127
            20.45000             0.00074
            20.55000             0.00000
            20.65000             0.00000
            20.75000             0.00000
            20.85000             0.00000
            20.95000             0.00000
            21.05000             0.00000
            21.15000             0.00000
            21.25000             0.00000
            21.35000             0.00000
            21.45000             0.00000
            21.55000             0.00000
            21.65000             0.00000
            21.75000             0.00000
            21.85000             0.10363
            21.95000             0.31574
            22.05000             0.16713
            22.15000             0.11971
            22.25000             0.00826
            22.35000             0.00000
            22.45000             0.00000
            22.55000             0.00000
            22.65000             0.00000
            22.75000             0.00000
            22.85000             0.02551
            22.95000             0.13570
            23.05000             0.33586
            23.15000             0.21741
            23.25000             0.00000
            23.35000             0.00000
            23.45000             0.00000
            23.55000             0.00000
            23.65000             0.00000
            23.75000             0.00000
            23.85000             0.00000
            23.95000             0.00000
            24.05000             0.00000
            24.15000             0.00000
            24.25000             0.00000
            24.35000             0.00000
            24.45000             0.00000
            24.55000             0.00000
            24.65000             0.00000
            24.75000             0.00000
            24.85000             0.00000
            24.95000             0.00000
            25.05000             0.00000
            25.15000             0.00000
            25.25000             0.00000
            25.35000             0.00000
            25.45000             0.00000
            25.55000             0.00000
            25.65000             0.00000
            25.75000             0.00000
            25.85000             0.00000
            25.95000             0.00000
            26.05000             0.00000
            26.15000             0.00000
            26.25000             0.00000
            26.35000             0.00000
            26.45000             0.00000
            26.55000             0.00000
            26.65000             0.00000
            26.75000             0.00000
            26.85000             0.00000
            26.95000             0.00000
            27.05000             0.00000
            27.15000             0.00000
            27.25000             0.00000
            27.35000             0.00000
            27.45000             0.00000
            27.55000             0.00000
            27.65000             0.00000
            27.75000             0.00000
            27.85000             0.00000
            27.95000             0.00000
            28.05000             0.00000
            28.15000             0.00000
            28.25000             0.00000
            28.35000             0.00000
            28.45000             0.00000
            28.55000             0.00000
            28.65000             0.00000
            28.75000             0.00000
            28.85000             0.00000
            28.95000             0.00000
            29.05000             0.00000
            29.15000             0.00000
            29.25000             0.00000
            29.35000             0.04975
            29.45000             0.27711
            29.55000             0.35745
            29.65000             0.03017
            29.75000             0.00000
            29.85000             0.00000
            29.95000             0.00000
