#  T(K)     E(eV/cell)    F(eV/cell)    Fc(eV/cell)   S(kB/cell)    Cv(kB/cell)
    0.00           NaN    3.47569909           NaN           NaN           NaN
   10.00    3.47589025    3.47560156    0.18613760    0.33500532    0.61816142
   20.00    3.47690760    3.47500080    0.31509326    1.10636816    1.80539783
   30.00    3.47906229    3.47363062    0.42246597    2.10105390    3.20260488
   40.00    3.48241189    3.47134728    0.51582267    3.20996479    4.55249011
   50.00    3.48686685    3.46808721    0.59875716    4.35854606    5.75965737
   60.00    3.49229001    3.46383678    0.67338615    5.50306717    6.79921921
   70.00    3.49854067    3.45861100    0.74110828    6.61945258    7.68454755
   80.00    3.50549909    3.45243966    0.80291762    7.69656699    8.44788947
   90.00    3.51307565    3.44535835    0.85955745    8.73135502    9.12485791
  100.00    3.52120964    3.43740313    0.91160468    9.72528280    9.74608255
  110.00    3.52986343    3.42860775    0.95952021   10.68196604   10.33441893
  120.00    3.53901578    3.41900246    1.00368073   11.60573648   10.90518040
  130.00    3.54865591    3.40861375    1.04439993   12.50086027   11.46759785
  140.00    3.55877895    3.39746463    1.08194306   13.37116817   12.02651789
  150.00    3.56938291    3.38557503    1.11653740   14.21992552   12.58389389
  160.00    3.58046663    3.37296233    1.14837982   15.04982987   13.13992989
  170.00    3.59202868    3.35964178    1.17764256   15.86306837   13.69388390
  180.00    3.60406679    3.34562697    1.20447755   16.66139642   14.24459308
  190.00    3.61657762    3.33093012    1.22901979   17.44621779   14.79079325
  200.00    3.62955675    3.31556237    1.25139009   18.21865659   15.33129679
  210.00    3.64299882    3.29953398    1.27169712   18.97961801   15.86507838
  220.00    3.65689768    3.28285451    1.29003921   19.72983748   16.39130408
  230.00    3.67124650    3.26553296    1.30650575   20.46991945   16.90932818
  240.00    3.68603802    3.24757784    1.32117833   21.20036729   17.41867355
  250.00    3.70126460    3.22899726    1.33413174   21.92160617   17.91900522
  260.00    3.71691836    3.20979899    1.34543479   22.63400043   18.41010307
  270.00    3.73299130    3.18999053    1.35515099   23.33786655   18.89183670
  280.00    3.74947530    3.16957908    1.36333913   24.03348305   19.36414385
  290.00    3.76636225    3.14857167    1.37005382   24.72109783   19.82701282
