#  T(K)     E(eV/cell)    F(eV/cell)    Fc(eV/cell)   S(kB/cell)    Cv(kB/cell)
    0.00           NaN    0.30143878           NaN           NaN           NaN
   10.00    0.30143878    0.30143878    0.01728412   -0.00000000    0.00000000
   20.00    0.30143878    0.30143878    0.02978975   -0.00000000    0.00000000
   30.00    0.30143878    0.30143878    0.04049177    0.00000000    0.00000000
   40.00    0.30143878    0.30143878    0.05002252    0.00000001    0.00000013
   50.00    0.30143878    0.30143878    0.05868232    0.00000046    0.00000795
   60.00    0.30143881    0.30143877    0.06664806    0.00000810    0.00011551
   70.00    0.30143912    0.30143875    0.07403662    0.00006153    0.00074458
   80.00    0.30144053    0.30143862    0.08093106    0.00027724    0.00290616
   90.00    0.30144501    0.30143816    0.08739351    0.00088362    0.00815153
  100.00    0.30145596    0.30143689    0.09347217    0.00221316    0.01819589
  110.00    0.30147817    0.30143403    0.09920556    0.00465703    0.03447613
  120.00    0.30151743    0.30142843    0.10462516    0.00860644    0.05786535
  130.00    0.30158001    0.30141866    0.10975717    0.01440325    0.08859991
  140.00    0.30167215    0.30140300    0.11462378    0.02230966    0.12636363
  150.00    0.30179962    0.30137955    0.11924396    0.03249727    0.17044631
  160.00    0.30196746    0.30134631    0.12363418    0.04505043    0.21991151
  170.00    0.30217988    0.30130123    0.12780882    0.05997815    0.27373778
  180.00    0.30244020    0.30124227    0.13178058    0.07722954    0.33092060
  190.00    0.30275091    0.30116748    0.13556075    0.09670956    0.39053627
  200.00    0.30311375    0.30107499    0.13915941    0.11829322    0.45177508
  210.00    0.30352981    0.30096305    0.14258565    0.14183730    0.51395265
  220.00    0.30399964    0.30083002    0.14584769    0.16718961    0.57650720
  230.00    0.30452338    0.30067442    0.14895300    0.19419578    0.63898902
  240.00    0.30510080    0.30049490    0.15190839    0.22270414    0.70104625
  250.00    0.30573142    0.30029021    0.15472012    0.25256895    0.76240975
  260.00    0.30641454    0.30005925    0.15739393    0.28365246    0.82287867
  270.00    0.30714933    0.29980103    0.15993514    0.31582600    0.88230752
  280.00    0.30793485    0.29951465    0.16234865    0.34897049    0.94059500
  290.00    0.30877008    0.29919934    0.16463903    0.38297646    0.99767466
  300.00    0.30965396    0.29885438    0.16681052    0.41774379    1.05350725
