            -4.95000             0.00000
            -4.85000             0.00000
            -4.75000             0.00000
            -4.65000             0.00000
            -4.55000             0.00000
            -4.45000             0.00000
            -4.35000             0.00000
            -4.25000             0.00000
            -4.15000             0.00000
            -4.05000             0.00000
            -3.95000             0.00000
            -3.85000             0.00000
            -3.75000             0.00000
            -3.65000             0.00000
            -3.55000             0.00000
            -3.45000             0.00000
            -3.35000             0.00000
            -3.25000             0.00000
            -3.15000             0.00000
            -3.05000             0.00000
            -2.95000             0.00000
            -2.85000             0.00000
            -2.75000             0.00000
            -2.65000             0.00000
            -2.55000             0.00000
            -2.45000             0.00000
            -2.35000             0.00000
            -2.25000             0.00000
            -2.15000             0.00000
            -2.05000             0.00000
            -1.95000             0.00000
            -1.85000             0.00000
            -1.75000             0.00000
            -1.65000             0.00000
            -1.55000             0.00000
            -1.45000             0.00000
            -1.35000             0.00000
            -1.25000             0.00000
            -1.15000             0.00000
            -1.05000             0.00000
            -0.95000             0.00000
            -0.85000             0.00000
            -0.75000             0.00000
            -0.65000             0.00000
            -0.55000             0.00000
            -0.45000             0.00000
            -0.35000             0.00000
            -0.25000             0.00000
            -0.15000             0.00000
            -0.05000             0.00000
             0.05000             0.00000
             0.15000             0.00050
             0.25000             0.00083
             0.35000             0.00150
             0.45000             0.00400
             0.55000             0.00450
             0.65000             0.00867
             0.75000             0.01167
             0.85000             0.01567
             0.95000             0.01833
             1.05000             0.02000
             1.15000             0.02533
             1.25000             0.03200
             1.35000             0.03967
             1.45000             0.03383
             1.55000             0.03333
             1.65000             0.04433
             1.75000             0.03683
             1.85000             0.03300
             1.95000             0.04000
             2.05000             0.03433
             2.15000             0.03167
             2.25000             0.02900
             2.35000             0.02550
             2.45000             0.02367
             2.55000             0.03367
             2.65000             0.05067
             2.75000             0.03167
             2.85000             0.02933
             2.95000             0.03117
             3.05000             0.03033
             3.15000             0.04183
             3.25000             0.04200
             3.35000             0.04733
             3.45000             0.04400
             3.55000             0.03200
             3.65000             0.03467
             3.75000             0.03467
             3.85000             0.03167
             3.95000             0.02867
             4.05000             0.03033
             4.15000             0.03317
             4.25000             0.01650
             4.35000             0.05533
             4.45000             0.03033
             4.55000             0.02650
             4.65000             0.01967
             4.75000             0.01983
             4.85000             0.00983
             4.95000             0.00083
             5.05000             0.00983
             5.15000             0.01800
             5.25000             0.03300
             5.35000             0.03983
             5.45000             0.05717
             5.55000             0.03433
             5.65000             0.02917
             5.75000             0.02167
             5.85000             0.04000
             5.95000             0.04100
             6.05000             0.04917
             6.15000             0.04400
             6.25000             0.06600
             6.35000             0.01550
             6.45000             0.00050
             6.55000             0.00000
             6.65000             0.00000
             6.75000             0.00000
             6.85000             0.00000
             6.95000             0.00000
             7.05000             0.00000
             7.15000             0.00000
             7.25000             0.00000
             7.35000             0.00000
             7.45000             0.00000
             7.55000             0.00000
             7.65000             0.00000
             7.75000             0.00000
             7.85000             0.00000
             7.95000             0.00000
             8.05000             0.00000
             8.15000             0.00000
             8.25000             0.00000
             8.35000             0.00000
             8.45000             0.00000
             8.55000             0.00000
             8.65000             0.00000
             8.75000             0.00000
             8.85000             0.00000
             8.95000             0.00000
             9.05000             0.00000
             9.15000             0.00000
             9.25000             0.00000
             9.35000             0.00000
             9.45000             0.00333
             9.55000             0.05650
             9.65000             0.09067
             9.75000             0.01617
             9.85000             0.00000
             9.95000             0.00000
            10.05000             0.08967
            10.15000             0.07350
            10.25000             0.00350
            10.35000             0.00017
            10.45000             0.02017
            10.55000             0.02767
            10.65000             0.03217
            10.75000             0.02450
            10.85000             0.02950
            10.95000             0.01933
            11.05000             0.01317
            11.15000             0.00000
            11.25000             0.00000
            11.35000             0.13500
            11.45000             0.03167
            11.55000             0.00000
            11.65000             0.00000
            11.75000             0.00000
            11.85000             0.00000
            11.95000             0.00000
            12.05000             0.00000
            12.15000             0.00000
            12.25000             0.00000
            12.35000             0.00000
            12.45000             0.00000
            12.55000             0.00000
            12.65000             0.00000
            12.75000             0.00000
            12.85000             0.00000
            12.95000             0.00000
            13.05000             0.00000
            13.15000             0.00000
            13.25000             0.00000
            13.35000             0.00000
            13.45000             0.00000
            13.55000             0.00000
            13.65000             0.00000
            13.75000             0.04117
            13.85000             0.05400
            13.95000             0.06117
            14.05000             0.01033
            14.15000             0.00000
            14.25000             0.00000
            14.35000             0.00000
            14.45000             0.00000
            14.55000             0.00000
            14.65000             0.00000
            14.75000             0.00000
            14.85000             0.00100
            14.95000             0.11183
            15.05000             0.05383
            15.15000             0.00000
            15.25000             0.00000
            15.35000             0.03400
            15.45000             0.05917
            15.55000             0.05100
            15.65000             0.02250
            15.75000             0.00000
            15.85000             0.00000
            15.95000             0.00000
            16.05000             0.00000
            16.15000             0.00000
            16.25000             0.00000
            16.35000             0.00000
            16.45000             0.00000
            16.55000             0.00000
            16.65000             0.00000
            16.75000             0.00000
            16.85000             0.00000
            16.95000             0.00000
            17.05000             0.00000
            17.15000             0.00000
            17.25000             0.00000
            17.35000             0.00000
            17.45000             0.02683
            17.55000             0.13883
            17.65000             0.00100
            17.75000             0.00000
            17.85000             0.00000
            17.95000             0.00000
            18.05000             0.00000
            18.15000             0.00000
            18.25000             0.00000
            18.35000             0.00000
            18.45000             0.07733
            18.55000             0.08933
            18.65000             0.00000
            18.75000             0.00000
            18.85000             0.00000
            18.95000             0.00000
            19.05000             0.00000
            19.15000             0.00000
            19.25000             0.00000
            19.35000             0.00000
            19.45000             0.00000
            19.55000             0.16667
            19.65000             0.00000
            19.75000             0.00000
            19.85000             0.00000
            19.95000             0.00000
            20.05000             0.00000
            20.15000             0.00000
            20.25000             0.00000
            20.35000             0.00000
            20.45000             0.00000
            20.55000             0.00000
            20.65000             0.00000
            20.75000             0.00000
            20.85000             0.00000
            20.95000             0.00000
            21.05000             0.00000
            21.15000             0.00000
            21.25000             0.00000
            21.35000             0.00000
            21.45000             0.00000
            21.55000             0.00000
            21.65000             0.00000
            21.75000             0.12967
            21.85000             0.03700
            21.95000             0.00000
            22.05000             0.00000
            22.15000             0.00000
            22.25000             0.00000
            22.35000             0.00000
            22.45000             0.00000
            22.55000             0.00000
            22.65000             0.00000
            22.75000             0.00000
            22.85000             0.00000
            22.95000             0.00250
            23.05000             0.05983
            23.15000             0.09583
            23.25000             0.11017
            23.35000             0.06400
            23.45000             0.00100
            23.55000             0.00000
            23.65000             0.00000
            23.75000             0.00000
            23.85000             0.00000
            23.95000             0.00000
            24.05000             0.00000
            24.15000             0.00000
            24.25000             0.01383
            24.35000             0.04083
            24.45000             0.10050
            24.55000             0.01150
            24.65000             0.00000
            24.75000             0.15417
            24.85000             0.01250
            24.95000             0.00000
            25.05000             0.00000
            25.15000             0.00083
            25.25000             0.02117
            25.35000             0.03700
            25.45000             0.07283
            25.55000             0.03483
            25.65000             0.00000
            25.75000             0.00583
            25.85000             0.04100
            25.95000             0.03167
            26.05000             0.03183
            26.15000             0.04750
            26.25000             0.00883
            26.35000             0.00000
            26.45000             0.00000
            26.55000             0.00000
            26.65000             0.00000
            26.75000             0.00000
            26.85000             0.00000
            26.95000             0.00000
            27.05000             0.00000
            27.15000             0.14050
            27.25000             0.02617
            27.35000             0.00000
            27.45000             0.00000
            27.55000             0.00000
            27.65000             0.00000
            27.75000             0.00000
            27.85000             0.00000
            27.95000             0.00000
            28.05000             0.00000
            28.15000             0.00000
            28.25000             0.00000
            28.35000             0.00000
            28.45000             0.00000
            28.55000             0.00000
            28.65000             0.00000
            28.75000             0.00000
            28.85000             0.00000
            28.95000             0.09467
            29.05000             0.07200
            29.15000             0.00000
            29.25000             0.00000
            29.35000             0.00000
            29.45000             0.01783
            29.55000             0.06667
            29.65000             0.08217
            29.75000             0.00000
            29.85000             0.00000
            29.95000             0.00000
            30.05000             0.00000
            30.15000             0.00000
            30.25000             0.16667
            30.35000             0.00000
            30.45000             0.00000
            30.55000             0.07483
            30.65000             0.09183
            30.75000             0.00000
            30.85000             0.00000
            30.95000             0.00000
            31.05000             0.00000
            31.15000             0.00000
            31.25000             0.03833
            31.35000             0.11950
            31.45000             0.00883
            31.55000             0.00000
            31.65000             0.00000
            31.75000             0.00000
            31.85000             0.00000
            31.95000             0.00000
            32.05000             0.00000
            32.15000             0.00000
            32.25000             0.00000
            32.35000             0.00000
            32.45000             0.00000
            32.55000             0.00000
            32.65000             0.00000
            32.75000             0.00000
            32.85000             0.00000
            32.95000             0.00000
            33.05000             0.00000
            33.15000             0.00000
            33.25000             0.00000
            33.35000             0.00000
            33.45000             0.00000
            33.55000             0.00000
            33.65000             0.00000
            33.75000             0.01333
            33.85000             0.06200
            33.95000             0.06883
            34.05000             0.02250
            34.15000             0.00000
            34.25000             0.00000
            34.35000             0.00000
            34.45000             0.00000
            34.55000             0.00000
            34.65000             0.00000
            34.75000             0.00000
            34.85000             0.00000
            34.95000             0.00667
            35.05000             0.12983
            35.15000             0.03017
            35.25000             0.00000
            35.35000             0.00000
            35.45000             0.00000
            35.55000             0.00000
            35.65000             0.00000
            35.75000             0.00000
            35.85000             0.08300
            35.95000             0.07850
            36.05000             0.00517
            36.15000             0.00000
            36.25000             0.00000
            36.35000             0.00000
            36.45000             0.00000
            36.55000             0.00683
            36.65000             0.08550
            36.75000             0.07433
            36.85000             0.00000
            36.95000             0.00000
            37.05000             0.00000
            37.15000             0.00000
            37.25000             0.00000
            37.35000             0.00000
            37.45000             0.02433
            37.55000             0.08050
            37.65000             0.06183
            37.75000             0.00000
            37.85000             0.00000
            37.95000             0.00000
            38.05000             0.00000
            38.15000             0.00000
            38.25000             0.05167
            38.35000             0.10983
            38.45000             0.00517
            38.55000             0.00000
            38.65000             0.00000
            38.75000             0.00000
            38.85000             0.00000
            38.95000             0.00000
            39.05000             0.00000
            39.15000             0.00000
            39.25000             0.04433
            39.35000             0.11083
            39.45000             0.01150
            39.55000             0.00000
            39.65000             0.00000
            39.75000             0.00000
            39.85000             0.00000
            39.95000             0.00000
            40.05000             0.00000
            40.15000             0.00000
            40.25000             0.00000
            40.35000             0.00000
            40.45000             0.00000
            40.55000             0.00000
            40.65000             0.00000
            40.75000             0.00000
            40.85000             0.00000
            40.95000             0.00000
            41.05000             0.00000
            41.15000             0.00000
            41.25000             0.13900
            41.35000             0.02767
            41.45000             0.00000
            41.55000             0.00000
            41.65000             0.00000
            41.75000             0.00000
            41.85000             0.08217
            41.95000             0.08450
            42.05000             0.00000
            42.15000             0.00000
            42.25000             0.00000
            42.35000             0.00000
            42.45000             0.00000
            42.55000             0.00000
            42.65000             0.00000
            42.75000             0.00000
            42.85000             0.00000
            42.95000             0.00000
            43.05000             0.06067
            43.15000             0.09983
            43.25000             0.00617
            43.35000             0.00000
            43.45000             0.00000
            43.55000             0.00000
            43.65000             0.06533
            43.75000             0.11283
            43.85000             0.12250
            43.95000             0.03267
            44.05000             0.00000
            44.15000             0.00000
            44.25000             0.00067
            44.35000             0.01267
            44.45000             0.04333
            44.55000             0.06167
            44.65000             0.03617
            44.75000             0.01183
            44.85000             0.00033
            44.95000             0.00000
            45.05000             0.00000
            45.15000             0.00000
            45.25000             0.00000
            45.35000             0.16417
            45.45000             0.00250
            45.55000             0.00000
            45.65000             0.00000
            45.75000             0.00000
            45.85000             0.00000
            45.95000             0.00000
            46.05000             0.00167
            46.15000             0.02350
            46.25000             0.03133
            46.35000             0.02900
            46.45000             0.02967
            46.55000             0.02750
            46.65000             0.01417
            46.75000             0.00767
            46.85000             0.00217
            46.95000             0.00000
            47.05000             0.00000
            47.15000             0.00000
            47.25000             0.00000
            47.35000             0.00000
            47.45000             0.00000
            47.55000             0.00000
            47.65000             0.00000
            47.75000             0.00000
            47.85000             0.00000
            47.95000             0.00000
            48.05000             0.00000
            48.15000             0.00000
            48.25000             0.00267
            48.35000             0.08000
            48.45000             0.06233
            48.55000             0.02167
            48.65000             0.00000
            48.75000             0.00000
            48.85000             0.00000
            48.95000             0.00000
            49.05000             0.00000
            49.15000             0.00000
            49.25000             0.00000
            49.35000             0.00000
            49.45000             0.00000
            49.55000             0.00000
            49.65000             0.00000
            49.75000             0.00000
            49.85000             0.00000
            49.95000             0.00000
            50.05000             0.00000
            50.15000             0.00000
            50.25000             0.00000
            50.35000             0.00000
            50.45000             0.00000
            50.55000             0.00000
            50.65000             0.00000
            50.75000             0.00000
            50.85000             0.00000
            50.95000             0.00000
            51.05000             0.16000
            51.15000             0.00667
            51.25000             0.00000
            51.35000             0.00000
            51.45000             0.00000
            51.55000             0.00000
            51.65000             0.00000
            51.75000             0.00000
            51.85000             0.00000
            51.95000             0.00000
            52.05000             0.00000
            52.15000             0.00000
            52.25000             0.00000
            52.35000             0.00000
            52.45000             0.00000
            52.55000             0.00000
            52.65000             0.00000
            52.75000             0.00000
            52.85000             0.00000
            52.95000             0.00000
            53.05000             0.00000
            53.15000             0.00000
            53.25000             0.00000
            53.35000             0.00000
            53.45000             0.00000
            53.55000             0.00000
            53.65000             0.00000
            53.75000             0.00000
            53.85000             0.00000
            53.95000             0.00000
            54.05000             0.00000
            54.15000             0.00000
            54.25000             0.00000
            54.35000             0.00000
            54.45000             0.00000
            54.55000             0.00000
            54.65000             0.00000
            54.75000             0.00000
            54.85000             0.00000
            54.95000             0.00000
            55.05000             0.00000
            55.15000             0.00000
            55.25000             0.00000
            55.35000             0.00000
            55.45000             0.00000
            55.55000             0.00000
            55.65000             0.00000
            55.75000             0.00000
            55.85000             0.00000
            55.95000             0.00000
            56.05000             0.00000
            56.15000             0.00000
            56.25000             0.00000
            56.35000             0.00000
            56.45000             0.00000
            56.55000             0.00000
            56.65000             0.00000
            56.75000             0.00000
            56.85000             0.00000
            56.95000             0.00000
            57.05000             0.00000
            57.15000             0.00000
            57.25000             0.00000
            57.35000             0.00000
            57.45000             0.00000
            57.55000             0.00000
            57.65000             0.00000
            57.75000             0.00000
            57.85000             0.00000
            57.95000             0.00000
            58.05000             0.00000
            58.15000             0.00000
            58.25000             0.00000
            58.35000             0.00000
            58.45000             0.00000
            58.55000             0.00000
            58.65000             0.00000
            58.75000             0.00000
            58.85000             0.00000
            58.95000             0.00000
            59.05000             0.00000
            59.15000             0.00000
            59.25000             0.00000
            59.35000             0.00000
            59.45000             0.00000
            59.55000             0.00000
            59.65000             0.00000
            59.75000             0.00000
            59.85000             0.00000
            59.95000             0.00000
            60.05000             0.00000
            60.15000             0.00000
            60.25000             0.00000
            60.35000             0.00000
            60.45000             0.00000
            60.55000             0.00000
            60.65000             0.00000
            60.75000             0.00000
            60.85000             0.00000
            60.95000             0.00000
            61.05000             0.00000
            61.15000             0.00000
            61.25000             0.00000
            61.35000             0.00000
            61.45000             0.00000
            61.55000             0.00000
            61.65000             0.00000
            61.75000             0.00000
            61.85000             0.00000
            61.95000             0.00000
            62.05000             0.00000
            62.15000             0.00000
            62.25000             0.00000
            62.35000             0.00000
            62.45000             0.00000
            62.55000             0.00000
            62.65000             0.00000
            62.75000             0.00000
            62.85000             0.00000
            62.95000             0.00000
            63.05000             0.00000
            63.15000             0.00000
            63.25000             0.00000
            63.35000             0.00000
            63.45000             0.00000
            63.55000             0.00000
            63.65000             0.00000
            63.75000             0.00000
            63.85000             0.00000
            63.95000             0.00000
            64.05000             0.00000
            64.15000             0.00000
            64.25000             0.00000
            64.35000             0.00000
            64.45000             0.00000
            64.55000             0.00000
            64.65000             0.00000
            64.75000             0.00000
            64.85000             0.00000
            64.95000             0.00000
            65.05000             0.00000
            65.15000             0.00000
            65.25000             0.00000
            65.35000             0.00000
            65.45000             0.00000
            65.55000             0.00000
            65.65000             0.00000
            65.75000             0.00000
            65.85000             0.00000
            65.95000             0.00000
            66.05000             0.00000
            66.15000             0.00000
            66.25000             0.00000
            66.35000             0.00000
            66.45000             0.00000
            66.55000             0.00000
            66.65000             0.00000
            66.75000             0.00000
            66.85000             0.00000
            66.95000             0.00000
            67.05000             0.00000
            67.15000             0.00000
            67.25000             0.00000
            67.35000             0.00000
            67.45000             0.00000
            67.55000             0.00000
            67.65000             0.00000
            67.75000             0.00000
            67.85000             0.00000
            67.95000             0.00000
            68.05000             0.00000
            68.15000             0.00000
            68.25000             0.00000
            68.35000             0.00000
            68.45000             0.00000
            68.55000             0.00000
            68.65000             0.00000
            68.75000             0.00000
            68.85000             0.00000
            68.95000             0.00000
            69.05000             0.00000
            69.15000             0.00000
            69.25000             0.00000
            69.35000             0.00000
            69.45000             0.00000
            69.55000             0.00000
            69.65000             0.00000
            69.75000             0.00000
            69.85000             0.00000
            69.95000             0.00000
            70.05000             0.00000
            70.15000             0.00000
            70.25000             0.00000
            70.35000             0.00000
            70.45000             0.00000
            70.55000             0.00000
            70.65000             0.00000
            70.75000             0.00000
            70.85000             0.00000
            70.95000             0.00000
            71.05000             0.00000
            71.15000             0.00000
            71.25000             0.00000
            71.35000             0.00000
            71.45000             0.00000
            71.55000             0.00000
            71.65000             0.00000
            71.75000             0.00000
            71.85000             0.00000
            71.95000             0.00000
            72.05000             0.00000
            72.15000             0.00000
            72.25000             0.00000
            72.35000             0.00000
            72.45000             0.00000
            72.55000             0.00000
            72.65000             0.00000
            72.75000             0.00000
            72.85000             0.00000
            72.95000             0.00000
            73.05000             0.00000
            73.15000             0.00000
            73.25000             0.00000
            73.35000             0.00000
            73.45000             0.00000
            73.55000             0.00000
            73.65000             0.00000
            73.75000             0.00000
            73.85000             0.00000
            73.95000             0.00000
            74.05000             0.00000
            74.15000             0.00000
            74.25000             0.00000
            74.35000             0.00000
            74.45000             0.00000
            74.55000             0.00000
            74.65000             0.00000
            74.75000             0.00000
            74.85000             0.00000
            74.95000             0.00000
            75.05000             0.00000
            75.15000             0.00000
            75.25000             0.00000
            75.35000             0.00000
            75.45000             0.00000
            75.55000             0.00000
            75.65000             0.00000
            75.75000             0.00000
            75.85000             0.00000
            75.95000             0.00000
            76.05000             0.00000
            76.15000             0.00000
            76.25000             0.00000
            76.35000             0.00000
            76.45000             0.00000
            76.55000             0.00000
            76.65000             0.00000
            76.75000             0.00000
            76.85000             0.00000
            76.95000             0.00000
            77.05000             0.00000
            77.15000             0.00000
            77.25000             0.00000
            77.35000             0.00000
            77.45000             0.00000
            77.55000             0.00000
            77.65000             0.00000
            77.75000             0.00000
            77.85000             0.00000
            77.95000             0.00000
            78.05000             0.00000
            78.15000             0.00000
            78.25000             0.00000
            78.35000             0.00000
            78.45000             0.00000
            78.55000             0.00000
            78.65000             0.00000
            78.75000             0.00000
            78.85000             0.00000
            78.95000             0.00000
            79.05000             0.00000
            79.15000             0.00000
            79.25000             0.00000
            79.35000             0.00000
            79.45000             0.00000
            79.55000             0.00000
            79.65000             0.00000
            79.75000             0.00000
            79.85000             0.00000
            79.95000             0.00000
            80.05000             0.00000
            80.15000             0.00000
            80.25000             0.00000
            80.35000             0.00000
            80.45000             0.00000
            80.55000             0.00000
            80.65000             0.00000
            80.75000             0.00000
            80.85000             0.00000
            80.95000             0.00000
            81.05000             0.00000
            81.15000             0.00000
            81.25000             0.00000
            81.35000             0.00000
            81.45000             0.00000
            81.55000             0.00000
            81.65000             0.00000
            81.75000             0.00000
            81.85000             0.00000
            81.95000             0.00000
            82.05000             0.00000
            82.15000             0.00000
            82.25000             0.00000
            82.35000             0.00000
            82.45000             0.00000
            82.55000             0.00000
            82.65000             0.00000
            82.75000             0.00000
            82.85000             0.00000
            82.95000             0.00000
            83.05000             0.00000
            83.15000             0.00000
            83.25000             0.00000
            83.35000             0.00000
            83.45000             0.00000
            83.55000             0.00000
            83.65000             0.00000
            83.75000             0.00000
            83.85000             0.00000
            83.95000             0.00000
            84.05000             0.00000
            84.15000             0.00000
            84.25000             0.00000
            84.35000             0.00000
            84.45000             0.00000
            84.55000             0.00000
            84.65000             0.00000
            84.75000             0.00000
            84.85000             0.00000
            84.95000             0.00000
            85.05000             0.00000
            85.15000             0.00000
            85.25000             0.00000
            85.35000             0.00000
            85.45000             0.00000
            85.55000             0.00000
            85.65000             0.00000
            85.75000             0.00000
            85.85000             0.00000
            85.95000             0.00000
            86.05000             0.00000
            86.15000             0.00000
            86.25000             0.00000
            86.35000             0.00000
            86.45000             0.00000
            86.55000             0.00000
            86.65000             0.00000
            86.75000             0.00000
            86.85000             0.00000
            86.95000             0.00000
            87.05000             0.00000
            87.15000             0.00000
            87.25000             0.00000
            87.35000             0.00000
            87.45000             0.00000
            87.55000             0.00000
            87.65000             0.00000
            87.75000             0.00000
            87.85000             0.00000
            87.95000             0.00000
            88.05000             0.00000
            88.15000             0.00000
            88.25000             0.00000
            88.35000             0.00000
            88.45000             0.00000
            88.55000             0.00000
            88.65000             0.13767
            88.75000             0.02900
            88.85000             0.00000
            88.95000             0.00000
            89.05000             0.00000
            89.15000             0.00000
            89.25000             0.00000
            89.35000             0.00000
            89.45000             0.00000
            89.55000             0.00000
            89.65000             0.00000
            89.75000             0.00000
            89.85000             0.00000
            89.95000             0.00000
            90.05000             0.00000
            90.15000             0.16667
            90.25000             0.00000
            90.35000             0.00000
            90.45000             0.00000
            90.55000             0.00000
            90.65000             0.00000
            90.75000             0.00000
            90.85000             0.00000
            90.95000             0.00150
            91.05000             0.05100
            91.15000             0.03650
            91.25000             0.03900
            91.35000             0.02967
            91.45000             0.00900
            91.55000             0.00000
            91.65000             0.00000
            91.75000             0.00000
            91.85000             0.00000
            91.95000             0.00000
            92.05000             0.00000
            92.15000             0.00000
            92.25000             0.00000
            92.35000             0.00000
            92.45000             0.16667
            92.55000             0.00000
            92.65000             0.13167
            92.75000             0.03500
            92.85000             0.00000
            92.95000             0.00000
            93.05000             0.00000
            93.15000             0.16667
            93.25000             0.00000
            93.35000             0.00000
            93.45000             0.00000
            93.55000             0.00000
            93.65000             0.00000
            93.75000             0.00000
            93.85000             0.00000
            93.95000             0.00000
            94.05000             0.00000
            94.15000             0.00000
            94.25000             0.16667
            94.35000             0.11717
            94.45000             0.04950
            94.55000             0.00000
            94.65000             0.00000
            94.75000             0.00000
            94.85000             0.00000
            94.95000             0.00000
            95.05000             0.00000
            95.15000             0.00000
            95.25000             0.00000
            95.35000             0.00000
            95.45000             0.00000
            95.55000             0.00000
            95.65000             0.00000
            95.75000             0.00000
            95.85000             0.00000
            95.95000             0.00000
            96.05000             0.00000
            96.15000             0.00000
            96.25000             0.00000
            96.35000             0.00000
            96.45000             0.00000
            96.55000             0.00000
            96.65000             0.00000
            96.75000             0.00000
            96.85000             0.00000
            96.95000             0.00000
            97.05000             0.00000
            97.15000             0.00000
            97.25000             0.00000
            97.35000             0.00000
            97.45000             0.00000
            97.55000             0.00000
            97.65000             0.00000
            97.75000             0.12083
            97.85000             0.04583
            97.95000             0.00000
            98.05000             0.00000
            98.15000             0.00000
            98.25000             0.00000
            98.35000             0.00000
            98.45000             0.00000
            98.55000             0.00000
            98.65000             0.00000
            98.75000             0.00000
            98.85000             0.00000
            98.95000             0.00000
            99.05000             0.00000
            99.15000             0.00000
            99.25000             0.00000
            99.35000             0.00000
            99.45000             0.00000
            99.55000             0.00000
            99.65000             0.00000
            99.75000             0.00000
            99.85000             0.00000
            99.95000             0.00000
           100.05000             0.00000
           100.15000             0.00000
           100.25000             0.00000
           100.35000             0.00000
           100.45000             0.00000
           100.55000             0.00000
           100.65000             0.00000
           100.75000             0.00000
           100.85000             0.00000
           100.95000             0.00000
           101.05000             0.00000
           101.15000             0.00000
           101.25000             0.00000
           101.35000             0.00000
           101.45000             0.00000
           101.55000             0.00000
           101.65000             0.00000
           101.75000             0.00000
           101.85000             0.00000
           101.95000             0.00000
           102.05000             0.00000
           102.15000             0.00000
           102.25000             0.00000
           102.35000             0.00000
           102.45000             0.00000
           102.55000             0.00000
           102.65000             0.00000
           102.75000             0.00000
           102.85000             0.00000
           102.95000             0.00000
           103.05000             0.00000
           103.15000             0.00000
           103.25000             0.00000
           103.35000             0.00000
           103.45000             0.00000
           103.55000             0.00000
           103.65000             0.00000
           103.75000             0.00000
           103.85000             0.00000
           103.95000             0.00000
           104.05000             0.00000
           104.15000             0.00000
           104.25000             0.00000
           104.35000             0.00000
           104.45000             0.00000
           104.55000             0.00000
           104.65000             0.00000
           104.75000             0.00000
           104.85000             0.00000
           104.95000             0.00000
           105.05000             0.00000
           105.15000             0.00000
           105.25000             0.00000
           105.35000             0.00000
           105.45000             0.00000
           105.55000             0.00000
           105.65000             0.00000
           105.75000             0.00000
           105.85000             0.00000
           105.95000             0.00000
           106.05000             0.00000
           106.15000             0.00000
           106.25000             0.00000
           106.35000             0.00000
           106.45000             0.00000
           106.55000             0.00000
           106.65000             0.00000
           106.75000             0.00000
           106.85000             0.00000
           106.95000             0.00000
           107.05000             0.00000
           107.15000             0.00000
           107.25000             0.00000
           107.35000             0.00000
           107.45000             0.00000
           107.55000             0.00000
           107.65000             0.00000
           107.75000             0.00000
           107.85000             0.00000
           107.95000             0.00000
           108.05000             0.00000
           108.15000             0.00000
           108.25000             0.00000
           108.35000             0.00000
           108.45000             0.00000
           108.55000             0.00000
           108.65000             0.00000
           108.75000             0.00000
           108.85000             0.00000
           108.95000             0.00000
           109.05000             0.00000
           109.15000             0.00000
           109.25000             0.00000
           109.35000             0.00000
           109.45000             0.00000
           109.55000             0.00000
           109.65000             0.00000
           109.75000             0.00000
           109.85000             0.00000
           109.95000             0.00000
           110.05000             0.00000
           110.15000             0.00000
           110.25000             0.00000
           110.35000             0.00000
           110.45000             0.00000
           110.55000             0.00000
           110.65000             0.00000
           110.75000             0.00000
           110.85000             0.00000
           110.95000             0.00000
           111.05000             0.00000
           111.15000             0.00000
           111.25000             0.00000
           111.35000             0.00000
           111.45000             0.00000
           111.55000             0.00000
           111.65000             0.00000
           111.75000             0.00000
           111.85000             0.00000
           111.95000             0.00000
           112.05000             0.00000
           112.15000             0.00000
           112.25000             0.00000
           112.35000             0.00000
           112.45000             0.00000
           112.55000             0.00000
           112.65000             0.00000
           112.75000             0.00000
           112.85000             0.00000
           112.95000             0.00000
           113.05000             0.00000
           113.15000             0.00000
           113.25000             0.00000
           113.35000             0.00000
           113.45000             0.00000
           113.55000             0.00000
           113.65000             0.00000
           113.75000             0.00000
           113.85000             0.00000
           113.95000             0.00000
           114.05000             0.00000
           114.15000             0.00000
           114.25000             0.00000
           114.35000             0.00000
           114.45000             0.00000
           114.55000             0.00000
           114.65000             0.00000
           114.75000             0.00000
           114.85000             0.00000
           114.95000             0.00000
           115.05000             0.00000
           115.15000             0.00000
           115.25000             0.00000
           115.35000             0.00000
           115.45000             0.00000
           115.55000             0.00000
           115.65000             0.00000
           115.75000             0.00000
           115.85000             0.00000
           115.95000             0.00000
           116.05000             0.00000
           116.15000             0.00000
           116.25000             0.00000
           116.35000             0.00000
           116.45000             0.00000
           116.55000             0.00000
           116.65000             0.00000
           116.75000             0.00000
           116.85000             0.00000
           116.95000             0.00000
           117.05000             0.00000
           117.15000             0.00000
           117.25000             0.00000
           117.35000             0.00000
           117.45000             0.00000
           117.55000             0.00000
           117.65000             0.00000
           117.75000             0.00000
           117.85000             0.00000
           117.95000             0.00000
           118.05000             0.00000
           118.15000             0.00000
           118.25000             0.00000
           118.35000             0.00000
           118.45000             0.00000
           118.55000             0.00000
           118.65000             0.00000
           118.75000             0.00000
           118.85000             0.00000
           118.95000             0.00000
           119.05000             0.00000
           119.15000             0.00000
           119.25000             0.00000
           119.35000             0.00000
           119.45000             0.00000
           119.55000             0.00000
           119.65000             0.00000
           119.75000             0.00000
           119.85000             0.00000
           119.95000             0.00000
