#  T(K)     E(eV/cell)    F(eV/cell)    Fc(eV/cell)   S(kB/cell)    Cv(kB/cell)
   10.00   17.11619598   17.11590769    0.96357812    0.33454518    1.00920672
   20.00   17.11868866   17.11493783    1.64044664    2.17631456    5.11484108
   30.00   17.12528436   17.11181666    2.20909842    5.20950720   10.24360618
   40.00   17.13633206   17.10578366    2.70747409    8.86243293   15.34962192
   50.00   17.15161768   17.09646167    3.15359293   12.80110168   20.04238578
   60.00   17.17072469   17.08369556    3.55806805   16.83208401   24.21817490
   70.00   17.19322297   17.06745641    3.92791225   20.84930708   27.92822083
   80.00   17.21875337   17.04778152    4.26810980   24.80042308   31.27249270
   90.00   17.24704273   17.02473889    4.58238744   28.66348159   34.34565734
  100.00   17.27789101   16.99840776    4.87363787   32.43248769   37.22212019
  110.00   17.31115373   16.96886874    5.14417197   36.10934719   39.95717709
  120.00   17.34672753   16.93619900    5.39587852   39.69963965   42.59176306
  130.00   17.38453968   16.90047015    5.63033029   43.21045794   45.15657767
  140.00   17.42454056   16.86174743    5.84885731   46.64930881   47.67489772
  150.00   17.46669804   16.82008968    6.05259909   50.02355150   50.16438370
  160.00   17.51099328   16.77554955    6.24254282   53.34011337   52.63827319
  170.00   17.55741722   16.72817395    6.41955204   56.60535292   55.10622908
  180.00   17.60596786   16.67800461    6.58438851   59.82500468   57.57499107
  190.00   17.65664790   16.62507855    6.73772922   63.00417060   60.04890428
  200.00   17.70946295   16.56942869    6.88017978   66.14733866   62.53036151
  210.00   17.76441997   16.51108434    7.01228516   69.25841674   65.02017808
  220.00   17.82152603   16.45007164    7.13453838   72.34077476   67.51791114
  230.00   17.88078741   16.38641408    7.24738757   75.39729066   70.02213226
  240.00   17.94220882   16.32013285    7.35124187   78.43039723   72.53066017
  250.00   18.00579280   16.25124722    7.44647629   81.44212827   75.04075938
  260.00   18.07153941   16.17977486    7.53343582   84.43416281   77.54930929
  270.00   18.13944585   16.10573214    7.61243887   87.40786696   80.05294756
  280.00   18.20950642   16.02913435    7.68378027   90.36433288   82.54819069
  290.00   18.28171236   15.94999598    7.74773377   93.30441479   85.03153442
  300.00   18.35605192   15.86833084    7.80455422   96.22876202   87.49953589
