#  T(K)     E(eV/cell)    F(eV/cell)    Fc(eV/cell)   S(kB/cell)    Cv(kB/cell)
    0.00           NaN   10.67710413           NaN           NaN           NaN
   10.00   10.67722075   10.67705584    0.62011074    0.19137263    0.47778907
   20.00   10.67840710   10.67657207    1.05442020    1.06472415    2.54327864
   30.00   10.68196205   10.67500183    1.41860014    2.69231684    5.83635499
   40.00   10.68855802   10.67177395    1.73723787    4.86924544    9.46604841
   50.00   10.69820572   10.66652229    2.02201071    7.35337341   12.86201405
   60.00   10.71060202   10.65906381    2.27979648    9.96787266   15.83447576
   70.00   10.72537473   10.64933674    2.51513978   12.60541217   18.38681972
   80.00   10.74219331   10.63734893    2.73127066   15.20826404   20.59853541
   90.00   10.76080571   10.62314339    2.93060423   17.74994621   22.56569919
  100.00   10.78103942   10.60677735    3.11501508   20.22215053   24.37429880
  110.00   10.80278817   10.58831056    3.28600078   22.62631076   26.09145135
  120.00   10.82599511   10.56779924    3.44478533   24.96850411   27.76514319
  130.00   10.85063755   10.54529347    3.59238799   27.25653319   29.42724641
  140.00   10.87671466   10.52083649    3.72967066   29.49835374   31.09727291
  150.00   10.90423836   10.49446489    3.85737180   31.70129837   32.78581334
  160.00   10.93322690   10.46620935    3.97613116   33.87175367   34.49732559
  170.00   10.96370046   10.43609548    4.08650835   36.01508433   36.23224748
  180.00   10.99567849   10.40414470    4.18899703   38.13568268   37.98852423
  190.00   11.02917796   10.37037501    4.28403591   40.23707463   39.76267136
  200.00   11.06421248   10.33480173    4.37201746   42.32204360   41.55048792
  210.00   11.10079192   10.29743803    4.45329486   44.39275256   43.34751701
  220.00   11.13892230   10.25829545    4.52818759   46.45085481   45.14932985
  230.00   11.17860591   10.21738431    4.59698607   48.49758987   46.95169063
  240.00   11.21984149   10.17471397    4.65995544   50.53386431   48.75064384
  250.00   11.26262451   10.13029316    4.71733872   52.56031842   50.54255286
  260.00   11.30694745   10.08413016    4.76935948   54.57738088   52.32410972
  270.00   11.35280008   10.03623292    4.81622407   56.58531298   54.09232865
  280.00   11.40016973    9.98660925    4.85812356   58.58424447   55.84453164
  290.00   11.44904156    9.93526689    4.89523534   60.57420257   57.57833066
