 10.          1.87162283 
 20.          1.87162283 
 30.          1.87162283 
 40.          1.87162283 
 50.          1.87162288 
 60.          1.87162333 
 70.          1.87162568 
 80.          1.87163359 
 90.          1.87165375 
 100.           1.87169606 
 110.           1.87177345 
 120.           1.87190119 
 130.           1.87209622 
 140.           1.87237639 
 150.           1.87275979 
 160.           1.87326425 
 170.          1.8739069 
 180.           1.87470386 
 190.           1.87567005 
 200.           1.87681901 
 210.           1.87816288 
 220.           1.87971235 
 230.           1.88147664 
 240.           1.88346358 
 250.           1.88567965 
 260.           1.88813004 
 270.           1.89081873 
 280.           1.89374861 
 290.           1.89692153 
 300.          1.9003384 
