#  T(K)     E(eV/cell)    F(eV/cell)    Fc(eV/cell)   S(kB/cell)    Cv(kB/cell)
   10.00   15.88035902   15.88010624    0.86835903    0.29333593    0.89130074
   20.00   15.88286835   15.87920075    1.47867943    2.12802465    5.56411787
   30.00   15.89055276   15.87594436    1.99160475    5.65074515   12.31767945
   40.00   15.90385221   15.86921305    2.44128158   10.04920707   18.30933277
   50.00   15.92168431   15.85857100    2.84392726   14.64790153   22.85360906
   60.00   15.94292118   15.84400271    3.20909359   19.13156987   26.28834084
   70.00   15.96679549   15.82566169    3.54309209   23.39685266   29.03505278
   80.00   15.99284919   15.80374556    3.85040861   27.43053919   31.38356874
   90.00   16.02082003   15.77844705    4.13439722   31.25116154   33.50576972
  100.00   16.05055910   15.74993844    4.39766133   34.88536745   35.49950320
  110.00   16.08198199   15.71836891    4.64228074   38.35935377   37.42070481
  120.00   16.11504160   15.68386631    4.86995536   41.69625823   39.30239493
  130.00   16.14971339   15.64654005    5.08210068   44.91575787   41.16512798
  140.00   16.18598726   15.60648398    5.27991373   48.03439642   43.02254359
  150.00   16.22386301   15.56377883    5.46442005   51.06608192   44.88424705
  160.00   16.26334751   15.51849434    5.63650813   54.02255958   46.75727658
  170.00   16.30445287   15.47069090    5.79695515   56.91380596   48.64684229
  180.00   16.34719507   15.42042097    5.94644670   59.74834099   50.55670185
  190.00   16.39159275   15.36773018    6.08559206   62.53347068   52.48936332
  200.00   16.43766625   15.31265834    6.21493629   65.27547575   54.44621362
  210.00   16.48543662   15.25524022    6.33496986   67.97975964   56.42762134
  220.00   16.53492487   15.19550628    6.44613648   70.65096683   58.43303699
  230.00   16.58615114   15.13348325    6.54883948   73.29307935   60.46109953
  240.00   16.63913411   15.06919471    6.64344707   75.90949743   62.50975079
  250.00   16.69389042   15.00266151    6.73029678   78.50310855   64.57635560
  260.00   16.75043425   14.93390224    6.80969907   81.07634763   66.65782366
  270.00   16.80877695   14.86293354    6.88194054   83.63125048   68.75072912
  280.00   16.86892680   14.78977047    6.94728653   86.16950173   70.85142401
  290.00   16.93088891   14.71442676    7.00598340   88.69247819   72.95614239
  300.00   16.99466511   14.63691508    7.05826054   91.20128823   75.06109317
