    3    8   12
 12.011  1.000 16.000
    1    1  0.0080  0.0000  0.0000
 -0.404859509722  -0.154782681027   0.240045743452
  0.054529554051  -0.021397932087   0.010464005276
  0.014924469629   0.026747415044  -0.000766363560
 -0.003632862673   0.004369575554   0.006055282340
  0.274378723709   0.115345770112  -0.199215138394
  0.009811759161   0.005666887626  -0.026771148686
  0.059188846342   0.009539356771  -0.025256003930
 -0.004340980498   0.014511608008  -0.004556376498
    1    2  0.0000  0.0080  0.0000
 -0.154656474311  -0.425943600832   0.046566272855
 -0.021502758501   0.068185966915   0.021306803352
  0.009167055519   0.005756923326  -0.009218431510
 -0.002368590615   0.008220747341   0.005557048746
  0.113088312948   0.130035293929  -0.087341242099
  0.015675592842  -0.000823857539  -0.010218703843
  0.040254948261   0.186598409499   0.017371551381
  0.000341913857   0.027970117361   0.015976701119
    1    3  0.0000  0.0000  0.0080
  0.240075119568   0.046643236479  -0.360136981232
  0.010408689834   0.021284350254   0.069323488128
 -0.007613623411  -0.027960371984   0.001637488491
  0.003428948598  -0.001640252883  -0.003822486051
 -0.200135314314  -0.089693983209   0.223143647858
 -0.022880240610   0.000457706192   0.007176570598
 -0.013228583123   0.050072173502   0.065541081939
 -0.010054996542   0.000837141650  -0.002862809731
    3    1  0.0080  0.0000  0.0000
  0.014866602673   0.009188021588  -0.007560744740
 -0.003652691180  -0.002388384772   0.003379234947
 -0.178054198577  -0.045780225620   0.158392259823
  0.000073860981   0.000518214282  -0.000062227217
 -0.005425821900  -0.000077016948  -0.000355290356
  0.003749096784   0.000840750254  -0.000955505852
  0.167460169814   0.037243158329  -0.151431731501
  0.000982981404   0.000455482888  -0.001405995104
    3    2  0.0000  0.0080  0.0000
  0.026797827825   0.005828810325  -0.027966529709
  0.004385510236   0.008212983821  -0.001637653540
 -0.045771382232  -0.051834496793   0.033442466696
  0.000512317077  -0.000279828357  -0.000592665970
  0.002886617159   0.007525860144   0.002076290990
 -0.001791867727  -0.004006429258  -0.000650386322
  0.014358905944   0.037861241908  -0.005033837472
 -0.001377928284  -0.003308141789   0.000362315327
    3    3  0.0000  0.0000  0.0080
 -0.000763060880  -0.009236242389   0.001601705883
  0.006010523138   0.005487492864  -0.003842335231
  0.158376215980   0.033453482856  -0.168160281441
 -0.000049848238  -0.000585309039  -0.000359704463
  0.000746533472   0.005205138182  -0.004463863686
 -0.001945621150  -0.003431223254   0.003284996841
 -0.160256761354  -0.029318189531   0.170784653831
 -0.002117980968  -0.001575149689   0.001154828267
    5    1  0.0080  0.0000  0.0000
  0.274325669863   0.113050003563  -0.200063784537
  0.009831328153   0.015569132779  -0.022840237168
 -0.005382647734   0.002852912321   0.000870760560
  0.003729100277  -0.001850209160  -0.001862457734
 -0.302882771228  -0.155372299006   0.238882292983
  0.004859552367  -0.005388876662  -0.004131760589
  0.018110673373   0.036328700139  -0.012294514488
 -0.002590905071  -0.005189363974   0.001439700972
    5    2  0.0000  0.0080  0.0000
  0.115192106932   0.130060405550  -0.089529916277
  0.005643211355  -0.000735480002   0.000484498689
 -0.000050777145   0.007576594873   0.005226684103
  0.000835018705  -0.003923979963  -0.003413987258
 -0.155432185813  -0.155497970222   0.113138419332
 -0.005350155234  -0.004880702808   0.002677905831
  0.045893656971   0.031253073521  -0.034019958451
 -0.006730875771  -0.003851940950   0.005436354030
    5    3  0.0000  0.0000  0.0080
 -0.199118931999  -0.087127734398   0.223154579152
 -0.026776041138  -0.010136706489   0.007198717923
 -0.000321401733   0.002092259220  -0.004463583649
 -0.000848950490  -0.000600564012   0.003309365867
  0.239031792274   0.113223510428  -0.231975339381
 -0.004146457531   0.002693107919   0.008393167854
 -0.008600433315  -0.023895107671  -0.006896605997
  0.000780423931   0.003751235004   0.001279698232
    7    1  0.0080  0.0000  0.0000
  0.059263459391   0.040297547968  -0.013309599825
 -0.004332036351   0.000402285667  -0.010060785273
  0.167461629863   0.014444107407  -0.160389987252
  0.000986414426  -0.001395696010  -0.002085808090
  0.018005225358   0.045883939146  -0.008646420603
 -0.002571407939  -0.006671740301   0.000755202322
 -0.237122609130  -0.088679105183   0.192742287444
 -0.001690675618  -0.004281338695   0.000995111277
    7    2  0.0000  0.0080  0.0000
  0.009512107707   0.186383882488   0.050033480294
  0.014487868490   0.027967580721   0.000894204256
  0.037208153960   0.037778172923  -0.029399165473
  0.000433892348  -0.003298588487  -0.001561335654
  0.036377333874   0.031227741002  -0.023915573485
 -0.005133969992  -0.003886765714   0.003723086756
 -0.088588456604  -0.280162798656  -0.005584250117
 -0.004296929782   0.003990775722   0.005809553424
    7    3  0.0000  0.0000  0.0080
 -0.025278199264   0.017256689972   0.065654854745
 -0.004557164491   0.015930501452  -0.002896270578
 -0.151524385890  -0.005162400932   0.170789377232
 -0.001392360872   0.000392127687   0.001143468554
 -0.012344929848  -0.034030310134  -0.006932127780
  0.001340491835   0.005393752178   0.001219294510
  0.192773471594  -0.005593098969  -0.230973316010
  0.000983076937   0.005812738745   0.001994719328
