            -0.45000             0.00216
            -0.35000             0.00172
            -0.25000             0.00185
            -0.15000             0.00207
            -0.05000             0.00088
             0.05000             0.00088
             0.15000             0.00285
             0.25000             0.00501
             0.35000             0.00695
             0.45000             0.00932
             0.55000             0.01268
             0.65000             0.01644
             0.75000             0.02097
             0.85000             0.03076
             0.95000             0.04453
             1.05000             0.06017
             1.15000             0.07619
             1.25000             0.06428
             1.35000             0.06761
             1.45000             0.07201
             1.55000             0.07800
             1.65000             0.07086
             1.75000             0.05988
             1.85000             0.04919
             1.95000             0.03626
             2.05000             0.02850
             2.15000             0.03042
             2.25000             0.03728
             2.35000             0.04053
             2.45000             0.04655
             2.55000             0.05190
             2.65000             0.05913
             2.75000             0.04642
             2.85000             0.03277
             2.95000             0.03193
             3.05000             0.04073
             3.15000             0.03646
             3.25000             0.03216
             3.35000             0.03296
             3.45000             0.03290
             3.55000             0.03339
             3.65000             0.03747
             3.75000             0.04280
             3.85000             0.06774
             3.95000             0.05663
             4.05000             0.04338
             4.15000             0.05188
             4.25000             0.02699
             4.35000             0.01749
             4.45000             0.03115
             4.55000             0.03767
             4.65000             0.03113
             4.75000             0.02753
             4.85000             0.03570
             4.95000             0.03574
             5.05000             0.02990
             5.15000             0.00170
             5.25000             0.00000
             5.35000             0.00000
             5.45000             0.00000
             5.55000             0.00000
             5.65000             0.00000
             5.75000             0.00000
             5.85000             0.00000
             5.95000             0.00000
             6.05000             0.00000
             6.15000             0.00000
             6.25000             0.00000
             6.35000             0.00000
             6.45000             0.00000
             6.55000             0.00000
             6.65000             0.00000
             6.75000             0.00000
             6.85000             0.00000
             6.95000             0.00000
             7.05000             0.05947
             7.15000             0.19793
             7.25000             0.03840
             7.35000             0.14496
             7.45000             0.06256
             7.55000             0.00000
             7.65000             0.00000
             7.75000             0.00000
             7.85000             0.00000
             7.95000             0.00000
             8.05000             0.00000
             8.15000             0.00000
             8.25000             0.00000
             8.35000             0.04466
             8.45000             0.07086
             8.55000             0.06016
             8.65000             0.06396
             8.75000             0.01202
             8.85000             0.00000
             8.95000             0.00000
             9.05000             0.00000
             9.15000             0.00000
             9.25000             0.00000
             9.35000             0.00000
             9.45000             0.00000
             9.55000             0.00000
             9.65000             0.00000
             9.75000             0.00000
             9.85000             0.00000
             9.95000             0.00000
            10.05000             0.00000
            10.15000             0.00000
            10.25000             0.00000
            10.35000             0.00000
            10.45000             0.00000
            10.55000             0.00000
            10.65000             0.00000
            10.75000             0.00000
            10.85000             0.00000
            10.95000             0.00000
            11.05000             0.00000
            11.15000             0.00000
            11.25000             0.00000
            11.35000             0.00000
            11.45000             0.03411
            11.55000             0.07313
            11.65000             0.09280
            11.75000             0.27908
            11.85000             0.16788
            11.95000             0.10797
            12.05000             0.00000
            12.15000             0.00000
            12.25000             0.00000
            12.35000             0.00000
            12.45000             0.00000
            12.55000             0.00000
            12.65000             0.00000
            12.75000             0.00000
            12.85000             0.00000
            12.95000             0.00000
            13.05000             0.00000
            13.15000             0.00000
            13.25000             0.00000
            13.35000             0.00000
            13.45000             0.00000
            13.55000             0.00000
            13.65000             0.00000
            13.75000             0.00000
            13.85000             0.00000
            13.95000             0.00744
            14.05000             0.02586
            14.15000             0.03708
            14.25000             0.05790
            14.35000             0.11804
            14.45000             0.12150
            14.55000             0.11487
            14.65000             0.02064
            14.75000             0.00000
            14.85000             0.01633
            14.95000             0.20112
            15.05000             0.03421
            15.15000             0.00000
            15.25000             0.00000
            15.35000             0.00000
            15.45000             0.00000
            15.55000             0.00000
            15.65000             0.00000
            15.75000             0.00000
            15.85000             0.19430
            15.95000             0.05736
            16.05000             0.00000
            16.15000             0.00000
            16.25000             0.00000
            16.35000             0.00000
            16.45000             0.00000
            16.55000             0.00000
            16.65000             0.00000
            16.75000             0.00000
            16.85000             0.00000
            16.95000             0.00000
            17.05000             0.00000
            17.15000             0.00000
            17.25000             0.00000
            17.35000             0.03559
            17.45000             0.19849
            17.55000             0.01758
            17.65000             0.00000
            17.75000             0.00000
            17.85000             0.00000
            17.95000             0.00000
            18.05000             0.00000
            18.15000             0.00000
            18.25000             0.17961
            18.35000             0.07205
            18.45000             0.00000
            18.55000             0.00000
            18.65000             0.00000
            18.75000             0.00000
            18.85000             0.00000
            18.95000             0.00000
            19.05000             0.24730
            19.15000             0.00436
            19.25000             0.00000
            19.35000             0.00000
            19.45000             0.00000
            19.55000             0.22025
            19.65000             0.03141
            19.75000             0.00000
            19.85000             0.00000
            19.95000             0.00000
            20.05000             0.00000
            20.15000             0.00000
            20.25000             0.00000
            20.35000             0.00000
            20.45000             0.00000
            20.55000             0.00000
            20.65000             0.00000
            20.75000             0.00000
            20.85000             0.00000
            20.95000             0.00000
            21.05000             0.00000
            21.15000             0.00000
            21.25000             0.00000
            21.35000             0.00000
            21.45000             0.00000
            21.55000             0.00000
            21.65000             0.00069
            21.75000             0.00716
            21.85000             0.01482
            21.95000             0.02984
            22.05000             0.09289
            22.15000             0.34585
            22.25000             0.10726
            22.35000             0.15646
            22.45000             0.00000
            22.55000             0.00056
            22.65000             0.01070
            22.75000             0.02817
            22.85000             0.09490
            22.95000             0.11733
            23.05000             0.08761
            23.15000             0.11558
            23.25000             0.04817
            23.35000             0.00030
            23.45000             0.00000
            23.55000             0.00000
            23.65000             0.00000
            23.75000             0.00000
            23.85000             0.00000
            23.95000             0.24979
            24.05000             0.00186
            24.15000             0.00000
            24.25000             0.00000
            24.35000             0.00000
            24.45000             0.00000
            24.55000             0.00000
            24.65000             0.00000
            24.75000             0.00000
            24.85000             0.00000
            24.95000             0.00000
            25.05000             0.03240
            25.15000             0.06920
            25.25000             0.05065
            25.35000             0.06429
            25.45000             0.03445
            25.55000             0.02692
            25.65000             0.07913
            25.75000             0.05842
            25.85000             0.05326
            25.95000             0.03408
            26.05000             0.00052
            26.15000             0.00000
            26.25000             0.00000
            26.35000             0.00000
            26.45000             0.00015
            26.55000             0.05225
            26.65000             0.09032
            26.75000             0.06070
            26.85000             0.04966
            26.95000             0.05251
            27.05000             0.05290
            27.15000             0.10508
            27.25000             0.27041
            27.35000             0.02099
            27.45000             0.06838
            27.55000             0.18328
            27.65000             0.00000
            27.75000             0.00000
            27.85000             0.00000
            27.95000             0.00000
            28.05000             0.00000
            28.15000             0.00000
            28.25000             0.00000
            28.35000             0.00000
            28.45000             0.00000
            28.55000             0.00000
            28.65000             0.02970
            28.75000             0.10704
            28.85000             0.17560
            28.95000             0.09977
            29.05000             0.09121
            29.15000             0.00000
            29.25000             0.00000
            29.35000             0.01987
            29.45000             0.27077
            29.55000             0.16757
            29.65000             0.04511
            29.75000             0.00000
            29.85000             0.20082
            29.95000             0.26698
