#  T(K)     E(eV/cell)    F(eV/cell)    Fc(eV/cell)   S(kB/cell)    Cv(kB/cell)
    0.00           NaN   10.36098858           NaN           NaN           NaN
   10.00   10.36118370   10.36090696    0.58675579    0.32113779    0.80198579
   20.00   10.36291299   10.36013507    1.00186085    1.61181193    3.30211041
   30.00   10.36685263   10.35798174    1.35217742    3.43139051    5.79105361
   40.00   10.37279517   10.35418023    1.66042024    5.40040315    7.94309023
   50.00   10.38045094   10.34867339    1.93737731    7.37521835    9.77866299
   60.00   10.38958126   10.34148319    2.18940263    9.30252553   11.37998658
   70.00   10.40002013   10.33265888    2.42069468   11.16700023   12.82760176
   80.00   10.41166311   10.32225508    2.63423753   12.96913500   14.18330546
   90.00   10.42445108   10.31032291    2.83226234   14.71549237   15.49102922
  100.00   10.43835653   10.29690688    3.01650095   16.41445103   16.78098675
  110.00   10.45337355   10.28204418    3.18833685   18.07438808   18.07360544
  120.00   10.46951072   10.26576508    3.34890084   19.70296275   19.38256987
  130.00   10.48678629   10.24809365    3.49913454   21.30689475   20.71693055
  140.00   10.50522485   10.22904855    3.63983422   22.89195284   22.08246465
  150.00   10.52485486   10.20864390    3.77168210   24.46302298   23.48253311
  160.00   10.54570683   10.18688993    3.89526919   26.02419936   24.91863702
  170.00   10.56781193   10.16379365    4.01111249   27.57887604   26.39080674
  180.00   10.59120082   10.13935943    4.11966807   29.12983180   27.89789962
  190.00   10.61590276   10.11358947    4.22134123   30.67930661   29.43784420
  200.00   10.64194491   10.08648426    4.31649454   32.22907003   31.00784850
  210.00   10.66935176   10.05804293    4.40545428   33.78048237   32.60458047
  220.00   10.69814477   10.02826360    4.48851561   35.33454945   34.22432441
  230.00   10.72834208    9.99714367    4.56594682   36.89197171   35.86311569
  240.00   10.75995833    9.96468004    4.63799286   38.45318806   37.51685592
  250.00   10.79300462    9.93086933    4.70487825   40.01841522   39.18141005
  260.00   10.82748852    9.89570805    4.76680953   41.58768278   40.85268738
  270.00   10.86341408    9.85919278    4.82397733   43.16086442   42.52670779
  280.00   10.90078202    9.82132024    4.87655816   44.73770563   44.19965488
  290.00   10.93958983    9.78208742    4.92471591   46.31784819   45.86791723
