#  T(K)     E(eV/cell)    F(eV/cell)    Fc(eV/cell)   S(kB/cell)    Cv(kB/cell)
   10.00   10.35835875   10.35809051    0.58701473    0.31127597    0.88289007
   20.00   10.36025293   10.35727722    1.00200371    1.72657218    3.57967523
   30.00   10.36446903   10.35496772    1.35206263    3.67524593    6.14111981
   40.00   10.37072369   10.35090948    1.65995590    5.74832504    8.31258551
   50.00   10.37869933   10.34506583    1.93649506    7.80596345   10.15012842
   60.00   10.38814871   10.33747444    2.18804799    9.80078154   11.74868735
   70.00   10.39890374   10.32819573    2.41882237   11.72182008   13.19264726
   80.00   10.41085969   10.31729242    2.63180876   13.57245682   14.54462944
   90.00   10.42395743   10.30482171    2.82924321   15.36115758   15.84864000
  100.00   10.43816946   10.29083282    3.01286133   17.09760288   17.13490742
  110.00   10.45348990   10.27536671    3.18404965   18.79110251   18.42393339
  120.00   10.46992748   10.25845671    3.34394144   20.45001245   19.72950631
  130.00   10.48750067   10.24012942    3.49348036   22.08158967   21.06076967
  140.00   10.50623432   10.22040566    3.63346444   23.69202633   22.42356224
  150.00   10.52615721   10.19930132    3.76457736   25.28654712   23.82127194
  160.00   10.54730021   10.17682818    3.88741146   26.86952006   25.25539780
  170.00   10.56969479   10.15299459    4.00248485   28.44456240   26.72594779
  180.00   10.59337190   10.12780605    4.11025460   30.01463615   28.23174466
  190.00   10.61836108   10.10126578    4.21112689   31.58213273   29.77067660
  200.00   10.64468969   10.07337516    4.30546508   33.14894767   31.33991022
  210.00   10.67238244   10.04413410    4.39359617   34.71654686   32.93607381
  220.00   10.70146092   10.01354144    4.47581596   36.28602516   34.55541545
  230.00   10.73194342    9.98159520    4.55239334   37.85815863   36.19393845
  240.00   10.76384467    9.94829286    4.62357378   39.43345091   37.84751669
  250.00   10.79717587    9.91363156    4.68958229   41.01217445   39.51199161
  260.00   10.83194463    9.87760830    4.75062587   42.59440716   41.18325276
  270.00   10.86815507    9.84022009    4.80689556   44.18006490   42.85730372
  280.00   10.90580792    9.80146405    4.85856826   45.76893017   44.53031465
  290.00   10.94490071    9.76133755    4.90580822   47.36067748   46.19866326
  300.00   10.98542794    9.71983829    4.94876836   48.95489552   47.85896523
