#  T(K)     E(eV/cell)    F(eV/cell)    Fc(eV/cell)   S(kB/cell)    Cv(kB/cell)
    0.00           NaN   10.49232803           NaN           NaN           NaN
   10.00   10.49270241   10.49213678    0.62111145    0.65638226    1.29453079
   20.00   10.49536754   10.49082015    1.05158492    2.63849588    5.42818764
   30.00   10.50264460   10.48718882    1.41010327    5.97852361   11.52916051
   40.00   10.51503882   10.48029967    1.72189386   10.07821644   17.02335925
   50.00   10.53159609   10.46977350    1.99893801   14.34833797   21.19579222
   60.00   10.55126707   10.45560596    2.24829256   18.50157134   24.31690495
   70.00   10.57331202   10.43794883    2.47462044   22.44021485   26.75911011
   80.00   10.59726531   10.41699706    2.68123576   26.14891843   28.77828095
   90.00   10.62283251   10.39294392    2.87061651   29.64144502   30.52312529
  100.00   10.64981739   10.36596662    3.04468608   32.93931350   32.07958472
  110.00   10.67808267   10.33622337    3.20498101   36.06443871   33.50233101
  120.00   10.70753093   10.30385418    3.35275719   39.03704797   34.83097448
  130.00   10.73809514   10.26898248    3.48906039   41.87533257   36.09706236
  140.00   10.76973298   10.23171689    3.61477495   44.59556738   37.32672850
  150.00   10.80242270   10.19215275    3.73065855   47.21230360   38.54162132
  160.00   10.83615941   10.15037355    3.83736761   49.73853797   39.75928407
  170.00   10.87095168   10.10645218    3.93547629   52.18584942   40.99343539
  180.00   10.90681836   10.06045214    4.02549111   54.56451347   42.25428542
  190.00   10.94378571   10.01242859    4.10786221   56.88360419   43.54890552
  200.00   10.98188487    9.96242936    4.18299226   59.15108998   44.88163283
  210.00   11.02114972    9.91049585    4.25124364   61.37392612   46.25448539
  220.00   11.06161499    9.85666388    4.31294414   63.55814483   47.66756723
  230.00   11.10331484    9.80096444    4.36839175   65.70894291   49.11944846
  240.00   11.14628164    9.74342434    4.41785851   67.83076618   50.60751129
  250.00   11.19054512    9.68406689    4.46159377   69.92738999   52.12825670
  260.00   11.23613171    9.62291240    4.49982691   72.00199520   53.67757019
  270.00   11.28306410    9.55997866    4.53276966   74.05723908   55.25094710
  280.00   11.33136101    9.49528137    4.56061805   76.09532084   56.84367965
  290.00   11.38103707    9.42883452    4.58355410   78.11804153   58.45100881
