    4   13   39
 12.011 14.001 16.000  1.000
    1    1  0.0080  0.0000  0.0000
 -0.547103561850  -0.136605295531  -0.041383812746
  0.021117421201  -0.032741691725  -0.003395001545
  0.005374110759   0.000789809088   0.000432290279
  0.212123264864   0.000738163253   0.021546871247
  0.198310189742   0.172030818386   0.031790225408
  0.096889840434  -0.007066230683   0.002777693414
  0.009970859330   0.000012545667  -0.006288368067
  0.005124375271   0.004943872893  -0.005129339346
 -0.000755002299  -0.000973174209   0.000436947572
 -0.000625808548  -0.000820675541  -0.000737315132
 -0.000355340766  -0.001282978445  -0.000171837305
 -0.000034750939   0.000486168283   0.000055334551
 -0.000035597201   0.000488668563   0.000066311668
    1    2  0.0000  0.0080  0.0000
 -0.136518625773  -0.547156070254  -0.061611567913
 -0.032149535781   0.004379068422  -0.001880667179
  0.005095527405   0.001266688450   0.000470208276
  0.000825420109   0.092588192793   0.008646161017
  0.169644079767   0.339301812315   0.046956512775
 -0.018495298177   0.117936703566   0.009127106814
 -0.028155977996  -0.004301075788  -0.000816022825
  0.026472540260  -0.000791783109  -0.001511303122
  0.006327303581  -0.001489285792   0.003245324228
  0.007114011204  -0.000901995654  -0.002589926359
  0.001215584979  -0.001924236786  -0.000120171593
 -0.000690448371   0.000537029550   0.000019789948
 -0.000684581206   0.000554952288   0.000064555933
    1    3  0.0000  0.0000  0.0080
 -0.041431530558  -0.061575541142  -0.164385897024
 -0.003507253968  -0.001578009759   0.002835951871
  0.001041044542   0.000222824004   0.000179603130
 -0.000505880640   0.008135068746   0.038262292511
  0.029679520557   0.047117995599   0.069753896038
 -0.000568215332   0.009863285708   0.046821420098
  0.002996548856  -0.000674855039   0.003011549048
  0.010288048750  -0.001080199397   0.005449564772
  0.002245970643  -0.001071956705  -0.000307040055
 -0.000251644104   0.000727203728  -0.001015442243
  0.000203525427  -0.000287754990  -0.000518794693
 -0.000081866403   0.000183214379  -0.000027671696
 -0.000108267770   0.000018724868  -0.000059431757
    2    1  0.0080  0.0000  0.0000
  0.021130327918  -0.032140130398  -0.003495740832
 -0.278663579584  -0.032317836382   0.006218905838
  0.054325423375  -0.015247828944  -0.002617119825
 -0.006082305083   0.002975354070   0.001208962077
  0.003888931452   0.013677706766   0.001828216393
  0.096345862461   0.006295511325   0.003433331640
 -0.000560345469   0.000207752577  -0.000345849070
  0.000641463164   0.000641411921  -0.000033023001
  0.047002164401   0.019066852766   0.043678677156
  0.057633145899   0.040317707821  -0.049634209434
  0.006923559616  -0.023299387329  -0.002808401883
 -0.001662990884   0.011133479582   0.001848361162
 -0.000921657266   0.008689406225   0.000717889778
    2    2  0.0000  0.0080  0.0000
 -0.032719770132   0.004421883430  -0.001571522873
 -0.032333137731  -0.398942597951   0.005323220314
 -0.006060339639   0.139008250075   0.009567578699
  0.000043397263   0.003605150804   0.000367274153
 -0.001289745322  -0.000285494150  -0.000498092677
  0.025695509880   0.060780392916   0.004011177601
 -0.001088108827  -0.000383209547   0.000416719573
 -0.000352109311   0.000032604332  -0.000155067614
  0.017321079668   0.063248234294   0.059587390630
  0.037482514988   0.102031257848  -0.080174750448
  0.000453759415  -0.000629448007  -0.000260729844
 -0.004352158100   0.016633006085   0.001593648078
 -0.002800892153   0.010479969873   0.001793154408
    2    3  0.0000  0.0000  0.0080
 -0.003392318039  -0.001869799538   0.002821291581
  0.006202853570   0.005276456294  -0.455213230747
 -0.001340708125   0.009051427102   0.065854222046
 -0.000133862322   0.001425252117  -0.002328968844
 -0.000130124624   0.000417400073   0.002953704436
  0.006715408308   0.002856020762   0.045799535663
 -0.000247260607   0.000232556222  -0.001672190229
 -0.000310932783  -0.000384420590   0.000507133698
  0.039418407637   0.061088909881   0.195142904682
 -0.046109407426  -0.081390422006   0.145352738725
  0.000364401353  -0.001628657203   0.001351782255
  0.005515107592  -0.019994952741  -0.002992470046
 -0.006551564534   0.024920229626   0.002423546779
    3    1  0.0080  0.0000  0.0000
  0.005383120249   0.005105971092   0.001036593709
  0.054270018221  -0.006078270081  -0.001352213266
 -0.419934889418  -0.021041220048  -0.002387882340
  0.000983287209  -0.002085516781  -0.000216263145
 -0.002215431175  -0.001341888570  -0.000281224333
  0.021603201768  -0.034971168305  -0.003450787806
  0.000538400669   0.000035990221  -0.000021825320
 -0.000145498315  -0.000122572210   0.000011540085
 -0.003393333821   0.005957786852  -0.000388419018
 -0.004256059808   0.007981260241   0.002013799029
  0.224431542689  -0.015504962870   0.008606846756
  0.067688495511   0.042221038209  -0.056298419271
  0.055047146221   0.019843552249   0.052728254920
    3    2  0.0000  0.0080  0.0000
  0.000779076589   0.001294515311   0.000225222184
 -0.015215046137   0.139083710286   0.009089331454
 -0.021073190253  -0.355936488491   0.008162860170
  0.000442775958  -0.000421961849  -0.000109001693
 -0.000740877043  -0.000353511787  -0.000003152892
 -0.006209610913   0.001810101705   0.000046496000
  0.000105968686   0.000024805880   0.000034194177
 -0.000044721291  -0.000078899051   0.000027366262
 -0.002212793688   0.009124461224   0.000770768800
 -0.003993077176   0.014288616097   0.002503897347
 -0.016798806205   0.038552986683  -0.000569098085
  0.043795664888   0.094388007717  -0.076738450139
  0.021164636584   0.058223656275   0.056559566416
    3    3  0.0000  0.0000  0.0080
  0.000429765738   0.000485020926   0.000171975427
 -0.002602042515   0.009563590063   0.065894186638
 -0.002404609414   0.008163831586  -0.424414934739
  0.000102295254  -0.000185673855  -0.000018164559
 -0.000210744865  -0.000035469723  -0.000713193387
  0.000494734223  -0.001635599539  -0.001268362656
  0.000038386014  -0.000003511467  -0.000042897163
  0.000002684238   0.000003372294  -0.000065120244
 -0.006919452143   0.021962936432   0.000500271329
  0.005835063301  -0.017555237326  -0.003720437236
  0.008434580922  -0.000489692198   0.036007885673
 -0.056498775775  -0.075652833258   0.139544619359
  0.053298115023   0.055379266065   0.188124171557
    4    1  0.0080  0.0000  0.0000
  0.212068224030   0.000905874077  -0.000488794790
 -0.006017787251   0.000046077755  -0.000111291250
  0.000985642429   0.000431958147   0.000148450917
 -0.505278637411   0.020324327423  -0.098154444213
  0.038406295492   0.031409921451   0.005556029757
  0.038480547736  -0.026729324732  -0.002938686174
  0.116177708150  -0.121933413008   0.034670839971
  0.103450965943   0.096503982471   0.061363711467
  0.000928674776  -0.000109725920  -0.000026766040
  0.000826357149  -0.000085299019   0.000090342813
  0.000221985403  -0.000441443377  -0.000053388000
 -0.000128733277  -0.000182350894   0.000080292195
 -0.000121243169  -0.000140584372  -0.000136296653
    4    2  0.0000  0.0080  0.0000
  0.000756884182   0.092685388844   0.008187094820
  0.002989322183   0.003592228934   0.001420672709
 -0.002069840453  -0.000434989898  -0.000192401616
  0.020356803503  -0.626923751616  -0.083495826371
  0.045780381409   0.006101712260   0.003411875571
 -0.046044439679   0.007505838222   0.000801633276
 -0.116019689972   0.271063260339  -0.031827061257
  0.095725186333   0.245698409656   0.101739709003
 -0.000593243030   0.000159931310  -0.000513551375
 -0.000949433992   0.000065074016   0.000394322454
 -0.000184278639   0.000674068378   0.000072271252
  0.000134016696  -0.000091271385  -0.000037948869
  0.000118331459  -0.000095899060   0.000039210404
    4    3  0.0000  0.0000  0.0080
  0.021581046024   0.008654003371   0.038261131173
  0.001224711649   0.000364454513  -0.002327072334
 -0.000214111239  -0.000109805266  -0.000005711507
 -0.098117617157  -0.083451180106  -0.062432346856
  0.007380881615   0.001043629725  -0.013772815852
 -0.004703057823   0.003810705170  -0.008010989834
  0.023078003638  -0.017759481602   0.006988188493
  0.050227609758   0.087267529657   0.040783096519
 -0.000720356137   0.000269351126   0.000210029357
  0.000278419411  -0.000203060938   0.000293422086
 -0.000051454060   0.000084008551   0.000046681013
  0.000001322493   0.000028047400  -0.000036782017
  0.000034601829   0.000001798399   0.000003169759
    5    1  0.0080  0.0000  0.0000
  0.198302548441   0.169465668754   0.029603777500
  0.003905181434  -0.001339242644  -0.000148313318
 -0.002201237445  -0.000741832500  -0.000215603242
  0.038418388586   0.045794612089   0.007410587286
 -0.219439842251  -0.215587030511  -0.037588092911
 -0.020376880004   0.003701481415   0.000530517477
 -0.002739903613   0.001340748885   0.000966922999
  0.005952174385  -0.001896424625  -0.000343910601
 -0.000984844096   0.000171514903  -0.001491759344
 -0.001176515987  -0.000211259783   0.001371360547
 -0.000136131011   0.000457203500   0.000044155875
  0.000235016972  -0.000595441909   0.000019276317
  0.000242044592  -0.000559997576  -0.000158918584
    5    2  0.0000  0.0080  0.0000
  0.171995483824   0.338967807926   0.047049652307
  0.013590101496  -0.000260306323   0.000380583794
 -0.001338764868  -0.000287951465  -0.000036811646
  0.031381544695   0.006102292302   0.001017085407
 -0.216021108471  -0.411787661291  -0.062628795055
  0.003146625964   0.068262997621   0.012460020198
  0.001634793807   0.001211084987   0.001461135978
 -0.000121422548  -0.003186970823   0.000461699220
 -0.002039885381   0.000470827529  -0.000761034375
 -0.002214484695   0.000294668173   0.000643262994
 -0.000526404047   0.000513096488   0.000007311320
  0.000252845750  -0.000195797759   0.000148544759
  0.000260674471  -0.000104087367  -0.000202654904
    5    3  0.0000  0.0000  0.0080
  0.031698844523   0.046692286462   0.069706571651
  0.001761308742  -0.000503383230   0.002997004472
 -0.000289327964   0.000020144457  -0.000674038778
  0.005538732589   0.003365731600  -0.013810243833
 -0.037500453310  -0.062555125964  -0.038364122934
  0.000547651727   0.011861345000  -0.017220013257
 -0.001105291788   0.000287882184   0.002202431879
  0.000028893580   0.000615817561  -0.004654298991
 -0.000521427906   0.000160888302  -0.000423939677
 -0.000169775379   0.000059872470  -0.000053374224
 -0.000081848711   0.000090332311   0.000157702081
  0.000015016854   0.000098048144   0.000115316300
  0.000077677043  -0.000193839297   0.000021005311
    6    1  0.0080  0.0000  0.0000
  0.096901096660  -0.018466907353  -0.000543612091
  0.096306939338   0.025702699661   0.006711962494
  0.021584088648  -0.006187630422   0.000460186501
  0.038497236113  -0.046072176502  -0.004678475077
 -0.020377429870   0.003167007721   0.000622587858
 -0.285647481790   0.045161981842  -0.005533812823
  0.005451370500   0.001085450146  -0.000133926751
 -0.001080857425  -0.002793907818  -0.000057793266
  0.024294610839  -0.000400620852   0.004605441631
  0.027051501126   0.000148742123  -0.001147459387
 -0.000252731708  -0.002901079681  -0.000370679176
 -0.001407422119   0.000688022799   0.000419326462
 -0.001320920311   0.000868418336  -0.000353746375
    6    2  0.0000  0.0080  0.0000
 -0.007065020075   0.117867345293   0.009864640328
  0.006266654038   0.060720387794   0.002836298260
 -0.034965441884   0.001795904071  -0.001635222428
 -0.026863672170   0.007525487996   0.003826978775
  0.003729188305   0.068322569796   0.011900597546
  0.045344527812  -0.255644925887  -0.027578543887
  0.000936417437  -0.001411053680  -0.000333820609
 -0.000976978737   0.001417523594  -0.001053304753
  0.004833809368  -0.000937826015  -0.001913176590
  0.009941462932  -0.002350704257   0.003646468347
 -0.002321481414   0.006431340372   0.000815569937
  0.000517460878  -0.001947913565  -0.000202489080
  0.000623073510  -0.001788135514  -0.000173995845
    6    3  0.0000  0.0000  0.0080
  0.002725797641   0.009002269779   0.046819073993
  0.003391384046   0.004005941689   0.045782206270
 -0.003473262989   0.000060659308  -0.001249158260
 -0.002922196558   0.000768289389  -0.008014779727
  0.000528789603   0.012463011307  -0.017215783720
 -0.005478470288  -0.027573199010  -0.054260627851
  0.000533251274  -0.000216196113  -0.001752308997
 -0.000701523977   0.000077412962   0.000011439339
  0.023265174480  -0.001817094220  -0.003769242156
 -0.017608042996   0.002721626956  -0.005243906487
 -0.000298136422   0.000832099947  -0.000593112634
  0.000400703771   0.000467142566  -0.000126468788
 -0.000363467586  -0.000791964559  -0.000387330982
    7    1  0.0080  0.0000  0.0000
  0.010001454735  -0.028249230629   0.002999224834
 -0.000600183870  -0.001079031155  -0.000247689536
  0.000521799547   0.000130035674   0.000035948108
  0.116150772295  -0.116016097779   0.023124378110
 -0.002704586834   0.001663294387  -0.001110828676
  0.005464741114   0.000900168050   0.000445135833
 -0.120073431790   0.130762321597  -0.022164214901
 -0.008810221347   0.012013011186  -0.003114539785
  0.000037022007  -0.000007604652   0.000071023558
  0.000079096913  -0.000032496204  -0.000036236755
 -0.000010612126  -0.000150866982  -0.000015903128
 -0.000029549992   0.000031349260   0.000017541693
 -0.000026300652   0.000035147246  -0.000003839355
    7    2  0.0000  0.0080  0.0000
 -0.000007761495  -0.004297954933  -0.000671019395
  0.000220780113  -0.000389379078   0.000223994033
  0.000041175978   0.000029529713   0.000000624881
 -0.121927033425   0.271122769125  -0.017763235654
  0.001351329090   0.001197017100   0.000276636801
  0.001044900172  -0.001397003743  -0.000223548441
  0.130805659594  -0.276661156753   0.023515934211
 -0.011478084050   0.010392607803  -0.005298469723
  0.000010894859  -0.000014135256   0.000003461722
 -0.000088272297   0.000052275623  -0.000051046392
  0.000037354877  -0.000026096925  -0.000006542608
 -0.000003975525  -0.000003759499   0.000008463691
 -0.000006967891  -0.000004713177  -0.000015253127
    7    3  0.0000  0.0000  0.0080
 -0.006298974929  -0.000771140998   0.003011020892
 -0.000329759607   0.000408907449  -0.001671259874
 -0.000020925585   0.000021872452  -0.000037295086
  0.034724104844  -0.031722456947   0.007051366781
  0.000965804687   0.001457769802   0.002147123187
 -0.000136461380  -0.000335943137  -0.001752358263
 -0.022146719236   0.023448624422  -0.011064113168
 -0.006830447865   0.007607140367   0.002206855714
 -0.000227369751  -0.000002312381   0.000027757285
  0.000320370864  -0.000071399282   0.000037114117
  0.000002942979  -0.000011369626   0.000028822169
 -0.000023414770  -0.000028753415   0.000009968767
  0.000000849750  -0.000000938707   0.000004997479
    8    1  0.0080  0.0000  0.0000
  0.005152375222   0.026511839067   0.010279585935
  0.000632799754  -0.000335986139  -0.000306294582
 -0.000146959148  -0.000035677432   0.000004992898
  0.103492769094   0.095589436240   0.050244479664
  0.005954409382  -0.000144459770   0.000016710939
 -0.001110114224  -0.000967388449  -0.000709298598
 -0.008820206609  -0.011452461015  -0.006826571681
 -0.104652019768  -0.109274504086  -0.052705945392
 -0.000329382749   0.000065113617  -0.000106365014
 -0.000210853812   0.000017448784   0.000109529745
 -0.000044707658   0.000061412708   0.000007646434
  0.000035961817  -0.000013152463   0.000003291582
  0.000045928699  -0.000021621063  -0.000011761930
    8    2  0.0000  0.0080  0.0000
  0.004970982837  -0.000756461148  -0.001101910647
  0.000612630790   0.000047193452  -0.000385987582
 -0.000128309235  -0.000062271129   0.000004164855
  0.096572006586   0.245675516666   0.087337477904
 -0.001799875277  -0.003220100936   0.000593864802
 -0.002811382955   0.001423887327   0.000065253985
  0.011979902760   0.010373614528   0.007600976457
 -0.109341016000  -0.253556967008  -0.094135485147
 -0.000115110160   0.000005066073  -0.000053520852
  0.000078395195  -0.000019049538   0.000060639913
  0.000003618742   0.000063928267   0.000012928271
 -0.000012598668   0.000023804401  -0.000046930159
 -0.000009244617   0.000001839045   0.000048528200
    8    3  0.0000  0.0000  0.0080
 -0.005108818087  -0.001485581054   0.005495475881
 -0.000063333169  -0.000140154803   0.000506600652
 -0.000003310988   0.000027706705  -0.000061716232
  0.061517930988   0.101732258218   0.040722686231
 -0.000334378103   0.000406208905  -0.004670056301
 -0.000065774369  -0.000995863786  -0.000015232695
 -0.003094232639  -0.005352653824   0.002206733819
 -0.052704121165  -0.094076190038  -0.044364574845
  0.000145988637   0.000025664599   0.000040461598
 -0.000234582094  -0.000080866966   0.000063532104
 -0.000020870848  -0.000017504459   0.000015971337
 -0.000002025062  -0.000059995240   0.000030296427
 -0.000032473101   0.000016971744   0.000029822025
    9    1  0.0080  0.0000  0.0000
 -0.000738873451   0.006382341484   0.002251653288
  0.047089684270   0.017315666468   0.039357352396
 -0.003366368050  -0.002203054123  -0.006916862222
  0.000900447547  -0.000617150324  -0.000714948478
 -0.001009638225  -0.002039488405  -0.000513052554
  0.024273597434   0.004838610530   0.023242338062
  0.000054142374   0.000016305107  -0.000214955433
 -0.000332767998  -0.000116691688   0.000166316151
 -0.061494737432  -0.019177164887  -0.050085970015
 -0.004927955998  -0.003134621964  -0.007376572967
 -0.000234864544   0.000507277746   0.000171293172
 -0.000007262809   0.000188219217   0.000480732658
 -0.000205403119  -0.001960249162   0.000152675942
    9    2  0.0000  0.0080  0.0000
 -0.000951860009  -0.001431366394  -0.001064071639
  0.019081682854   0.063250278578   0.061034450930
  0.005959867940   0.009136938653   0.021976795138
 -0.000098149272   0.000185269670   0.000272725426
  0.000197184831   0.000431870491   0.000147777374
 -0.000408061142  -0.000930023349  -0.001831223109
 -0.000024304407  -0.000014083763   0.000005777430
  0.000057859593  -0.000000431804   0.000028584193
 -0.019184308244  -0.067225236459  -0.067406567529
 -0.003505028140  -0.005656766810  -0.012897143689
 -0.000267319989  -0.000800498224  -0.000239629368
  0.000539431327  -0.001154075855  -0.000360865403
 -0.001396995342   0.004208125266   0.000333390246
    9    3  0.0000  0.0000  0.0080
  0.000412794452   0.003251811056  -0.000295057773
  0.043656240686   0.059597506386   0.195132824260
 -0.000409697559   0.000814489025   0.000489683221
 -0.000036764247  -0.000497800152   0.000224019357
 -0.001452501184  -0.000740334672  -0.000422150026
  0.004730235794  -0.001952131391  -0.003790786333
  0.000061607699   0.000008164049   0.000037698503
 -0.000111267050  -0.000048897400   0.000055214478
 -0.050125060217  -0.067455589099  -0.206105218058
  0.003886569841   0.006394206467   0.016585486058
 -0.000271541995   0.000447716437   0.000016150079
 -0.000059521616   0.000296253242  -0.000650867365
 -0.000281094605  -0.000115393948  -0.001276996402
   10    1  0.0080  0.0000  0.0000
 -0.000622202267   0.007131005746  -0.000245926435
  0.057671193040   0.037438636449  -0.046061409056
 -0.004242348877  -0.003986439016   0.005851425572
  0.000813526429  -0.000941134298   0.000276643711
 -0.001199834554  -0.002191179690  -0.000150378671
  0.027058951818   0.009930751432  -0.017609560053
  0.000091064641  -0.000076175860   0.000316818009
 -0.000208195133   0.000083264978  -0.000216621032
 -0.004930878523  -0.003511270168   0.003835144755
 -0.074018272636  -0.042862988977   0.054921714812
 -0.000254661478   0.000596406569  -0.000042865275
 -0.000184090209  -0.001948316994  -0.000554141943
  0.000025747748   0.000337439828  -0.000320844393
   10    2  0.0000  0.0080  0.0000
 -0.000816360809  -0.000892491702   0.000724501385
  0.040312756912   0.102050909932  -0.081349607030
  0.007979726189   0.014303883292  -0.017545848613
 -0.000080659143   0.000083613628  -0.000203343942
 -0.000169303282   0.000275343888   0.000044194644
  0.000151358465  -0.002346520784   0.002717625752
 -0.000042322020   0.000056955794  -0.000062940370
  0.000014537176  -0.000017701765  -0.000074569757
 -0.003131645170  -0.005653279888   0.006364831757
 -0.042878162603  -0.109961711680   0.088149678668
 -0.000334049977  -0.000700571967   0.000009823893
 -0.001467957313   0.003945644871   0.000928635637
  0.000462081574  -0.001144073619   0.000297017976
   10    3  0.0000  0.0000  0.0080
 -0.000650472192  -0.002377784502  -0.000976319354
 -0.049601693664  -0.080372117875   0.145208219253
  0.002021557025   0.002497627532  -0.003763061888
  0.000131565708   0.000445007424   0.000308600546
  0.001317169137   0.000604963415  -0.000078539780
 -0.001168644093   0.003690856763  -0.005283778499
 -0.000064493901  -0.000050212036   0.000059280474
  0.000082604849   0.000016470319   0.000075491802
 -0.007375957226  -0.012912757420   0.016603708132
  0.054912622606   0.088210395710  -0.150377673921
  0.000135287416  -0.000606658457  -0.000072548104
  0.000006912458   0.001276353457  -0.001025879356
  0.000253541877  -0.000422144330  -0.000677499305
   11    1  0.0080  0.0000  0.0000
 -0.000340960974   0.001219621960   0.000200385101
  0.006911987559   0.000442336774   0.000373569255
  0.224404128694  -0.016807671890   0.008436929561
  0.000224483047  -0.000183063582  -0.000039660727
 -0.000136228323  -0.000546251370  -0.000084950579
 -0.000235636208  -0.002347572927  -0.000312776291
  0.000011415159   0.000037391822   0.000009169434
 -0.000035309793   0.000007115809   0.000005972544
 -0.000241161857  -0.000259434467  -0.000269859204
 -0.000254059800  -0.000325150423   0.000150664200
 -0.247068733771   0.019313443420  -0.009421533874
  0.009555517798  -0.000362776146   0.000052650425
  0.007204558469  -0.000187988981   0.000899440155
   11    2  0.0000  0.0080  0.0000
 -0.001311801166  -0.001981726004  -0.000300881253
 -0.023307145552  -0.000603346555  -0.001627468254
 -0.015470423904   0.038548242418  -0.000491165014
 -0.000443894994   0.000680353639   0.000080476833
  0.000511002654   0.000488308053   0.000075934673
 -0.002901443947   0.006442092681   0.000817335136
 -0.000166814480  -0.000015312022  -0.000000767534
  0.000059446300   0.000074382848  -0.000011386140
  0.000505774715  -0.000796123814   0.000447572259
  0.000594355585  -0.000698750092  -0.000580458760
  0.019315452488  -0.040186155922   0.000410236340
  0.013960795058  -0.001451206063   0.001640251375
  0.008654697243  -0.000500759167  -0.000459679661
   11    3  0.0000  0.0000  0.0080
 -0.000185684152  -0.000209642840  -0.000554324337
 -0.002815381760  -0.000270248690   0.001372685024
  0.008612014273  -0.000434866457   0.036178280856
 -0.000025904850   0.000049856602   0.000023730667
  0.000038176733  -0.000015868679   0.000104896655
 -0.000399291138   0.000865473762  -0.000620804760
 -0.000015313533  -0.000014694689   0.000012546472
  0.000014175805   0.000015397713   0.000003590901
  0.000165606188  -0.000251550004   0.000005313945
 -0.000039421417   0.000013709813  -0.000088294635
 -0.009402928397   0.000366896762  -0.035495482109
 -0.018312023639   0.002535554687  -0.001182599223
  0.022365975888  -0.002650017979   0.000240460544
   12    1  0.0080  0.0000  0.0000
 -0.000038941826  -0.000688308613  -0.000105103004
 -0.001669355898  -0.004328296249   0.005550066997
  0.067778773084   0.043739307313  -0.056307048152
 -0.000126755116   0.000137989282  -0.000011131317
  0.000215787744   0.000220954761  -0.000008980081
 -0.001430624910   0.000566656505   0.000365088768
 -0.000020402176  -0.000002540835  -0.000036756221
  0.000034228419  -0.000003549706   0.000001274109
 -0.000009099025   0.000531832916  -0.000057461941
 -0.000196519529  -0.001463524510  -0.000000157191
  0.009551890368   0.013975834361  -0.018340180987
 -0.070659823310  -0.047377022359   0.063175013395
 -0.003429157826  -0.005309332866   0.005775375625
   12    2  0.0000  0.0080  0.0000
  0.000484156084   0.000541698750   0.000172132301
  0.011144906824   0.016664894229  -0.019978134029
  0.042251290879   0.094398928795  -0.075552960084
 -0.000164252188  -0.000069860328   0.000017149308
 -0.000566965920  -0.000244457152   0.000069164375
  0.000669183264  -0.001917230024   0.000447897589
  0.000015907774  -0.000001689709  -0.000027999253
 -0.000015464373   0.000027022015  -0.000062951947
  0.000197453089  -0.001163501161   0.000299343199
 -0.001952537234   0.003944416477   0.001297584779
 -0.000349067239  -0.001446128612   0.002508189419
 -0.047413210130  -0.105507651504   0.085089603882
 -0.004301400831  -0.005226441776   0.005720980460
   12    3  0.0000  0.0000  0.0080
  0.000055016551   0.000021864090  -0.000032234247
  0.001852866314   0.001608585539  -0.003010499178
 -0.056313289303  -0.076756487759   0.139537186852
  0.000085537235  -0.000035419963  -0.000038676224
  0.000031845353   0.000155362051   0.000088677786
  0.000414388903  -0.000164991143  -0.000135859388
  0.000013310270   0.000007956953   0.000010645022
  0.000000182014  -0.000052645100   0.000033027203
  0.000470998848  -0.000356795153  -0.000667234589
 -0.000547707286   0.000930941151  -0.001023982890
  0.000051939939   0.001623616096  -0.001179148219
  0.063194794445   0.085079632388  -0.149525164805
 -0.009309883283  -0.012061619151   0.015943262676
   13    1  0.0080  0.0000  0.0000
 -0.000039972909  -0.000641790688  -0.000106661688
 -0.000899287387  -0.002808428395  -0.006553121820
  0.055064887175   0.021141031469   0.053236488063
 -0.000127907180   0.000130519040   0.000045338000
  0.000225692693   0.000251380028   0.000078821019
 -0.001330864611   0.000608292384  -0.000378049822
 -0.000011586327  -0.000007337373   0.000006564570
  0.000049379297  -0.000004108693  -0.000011097656
 -0.000202772601  -0.001397143368  -0.000272404330
  0.000021992463   0.000459160263   0.000265762153
  0.007182598093   0.008657654884   0.022347784067
 -0.003432690076  -0.004293486588  -0.009310488655
 -0.056499468631  -0.022095742962  -0.059348933901
   13    2  0.0000  0.0080  0.0000
  0.000486534579   0.000557686166   0.000024910178
  0.008706739393   0.010498012649   0.024907677532
  0.019870292310   0.058303987981   0.055242882089
 -0.000124985738  -0.000078104084   0.000016333885
 -0.000534856155  -0.000155137633  -0.000200216393
  0.000870244915  -0.001772717660  -0.000802576028
  0.000013374964  -0.000005151164   0.000022717665
 -0.000027281339   0.000002401321   0.000036474414
 -0.001964706222   0.004207927951  -0.000125916794
  0.000335379991  -0.001158346947  -0.000399023409
 -0.000188387682  -0.000500015070  -0.002642428552
 -0.005312764899  -0.005226611112  -0.012047864083
 -0.022129584116  -0.064673932398  -0.064032970505
   13    3  0.0000  0.0000  0.0080
  0.000065795717   0.000065071628  -0.000059780222
  0.000728452526   0.001823933831   0.002402100632
  0.052741298619   0.056605082494   0.188111513280
 -0.000118666721   0.000045317651   0.000008128837
 -0.000157453146  -0.000202099523  -0.000004186339
 -0.000359839518  -0.000178360550  -0.000394835914
 -0.000008476154  -0.000014080956   0.000011887524
 -0.000008898567   0.000048755345   0.000035409742
  0.000144091869   0.000334379660  -0.001272232919
 -0.000314550988   0.000293364031  -0.000692289407
  0.000904257558  -0.000452127755   0.000263563319
  0.005790689163   0.005730692390   0.015965716109
 -0.059406700357  -0.064099928246  -0.204374994643
