4
1  0.00047574  0.00000000  0.00000000
    -0.51779897     -0.41533558     -0.41533550
     0.00031049     -0.00020535     -0.00017576
     0.00028068     -0.00020179     -0.00017226
     0.00034531     -0.00017229     -0.00010451
    -0.00015061     -0.00015735     -0.00007954
     0.00002456      0.00001819      0.00001368
     0.00033622     -0.00017740     -0.00011614
     0.00002664      0.00001728      0.00001462
    -0.00014949     -0.00015658     -0.00007862
     0.00028999     -0.00010392     -0.00020154
    -0.00014154     -0.00007054     -0.00015703
    -0.00002452      0.00000784      0.00001870
     0.00001936     -0.00007922     -0.00007037
    -0.00000647     -0.00000600     -0.00000589
    -0.00000702     -0.00000239     -0.00000020
     0.00001142      0.00001368      0.00000786
    -0.00000985      0.00000094     -0.00000184
    -0.00000191     -0.00000163     -0.00000137
     0.00027967     -0.00011674     -0.00020731
    -0.00002350      0.00000712      0.00001676
    -0.00014134     -0.00007061     -0.00015689
     0.00001133      0.00001352      0.00000600
    -0.00000286     -0.00000279     -0.00000215
    -0.00001047     -0.00000023     -0.00000258
     0.00001949     -0.00008001     -0.00007185
    -0.00000631     -0.00000111      0.00000091
    -0.00000621     -0.00000543     -0.00000555
     0.00192805     -0.00005338      0.00164043
     0.00002807      0.00001190      0.00002690
     0.00191622      0.00148937     -0.00162480
    -0.00003047     -0.00013450      0.00000422
     0.00002222      0.00002149     -0.00000996
     0.00001813     -0.00003253     -0.00000054
     0.00001974      0.00000090      0.00001071
     0.00002232      0.00001449     -0.00001572
    -0.00003243     -0.00015962      0.00024447
     0.00002462      0.00001423     -0.00006185
    -0.00000256      0.00000317     -0.00000715
     0.00002420      0.00001442     -0.00006178
    -0.00000524     -0.00000299      0.00000942
     0.00000104      0.00000032     -0.00000129
     0.00000270      0.00000056      0.00000034
     0.00000327      0.00000115     -0.00000022
     0.00000104      0.00000032     -0.00000132
    -0.00000586     -0.00000332      0.00000978
     0.00192773      0.00148115     -0.00163613
     0.00002850      0.00001305      0.00002649
     0.00191648     -0.00004862      0.00161289
    -0.00002876     -0.00015851      0.00024126
     0.00002271      0.00001493     -0.00001627
     0.00001823      0.00000273      0.00000984
     0.00001977     -0.00003358     -0.00000347
     0.00002282      0.00002215     -0.00001078
    -0.00003073     -0.00013296      0.00000556
    -0.00068279      0.00168304      0.00148038
    -0.00024582      0.00006841     -0.00015823
    -0.00003965      0.00005117     -0.00003146
     0.00000995     -0.00000232      0.00001249
     0.00000092      0.00000604     -0.00000393
     0.00000110      0.00000270      0.00000040
    -0.00069787      0.00031408     -0.00005741
    -0.00024521      0.00036460     -0.00013194
    -0.00004000      0.00003285      0.00000326
    -0.00000006      0.00001233      0.00001201
     0.00002133     -0.00001004      0.00001509
     0.00002205     -0.00001344      0.00002271
    -0.00000257     -0.00000423      0.00000114
    -0.00000216      0.00000168     -0.00000073
    -0.00000165      0.00000126     -0.00000031
    -0.00000067      0.00001276      0.00001189
     0.00002142     -0.00001302      0.00002230
     0.00002214     -0.00001075      0.00001570
    -0.00066870      0.00030100     -0.00004675
    -0.00003945      0.00003556      0.00000159
    -0.00024618      0.00036653     -0.00013429
     0.00000998     -0.00000092      0.00001196
    -0.00000007      0.00000386     -0.00000049
     0.00000101      0.00000594     -0.00000417
    -0.00068313      0.00169368      0.00148914
    -0.00003982      0.00005222     -0.00003339
    -0.00024557      0.00006776     -0.00015869
     0.00188222      0.00164874     -0.00030367
     0.00000784      0.00006169      0.00000356
     0.00187761     -0.00162147     -0.00169149
     0.00000795     -0.00002625     -0.00001220
    -0.00001230      0.00000628      0.00000540
     0.00000870     -0.00002771     -0.00001317
     0.00188374     -0.00163216     -0.00168515
     0.00000928      0.00006116      0.00000285
     0.00187917      0.00161238     -0.00031075
     0.00011570     -0.00024120     -0.00036513
     0.00000419     -0.00000867     -0.00000424
     0.00011489     -0.00000166     -0.00006616
    -0.00000797      0.00001667      0.00001309
     0.00000047      0.00000133     -0.00000041
    -0.00000751      0.00001069      0.00000983
     0.00001207     -0.00000972     -0.00005085
     0.00000694      0.00000011     -0.00000203
     0.00001173      0.00000194     -0.00003399
     0.00001116      0.00000334     -0.00003515
     0.00000712     -0.00000014     -0.00000264
     0.00001082     -0.00000958     -0.00005324
    -0.00000726      0.00001037      0.00000937
     0.00000137      0.00000042     -0.00000151
    -0.00000680      0.00001563      0.00001178
     0.00012021     -0.00000683     -0.00007068
     0.00000561     -0.00001044     -0.00000584
     0.00011959     -0.00024339     -0.00036680
     0.25740518      0.21028546      0.21031993
    -0.00003622      0.00014493      0.00016392
    -0.00003459      0.00002379     -0.00003454
    -0.00011149      0.00017498      0.00009579
     0.00007926      0.00007209      0.00008071
    -0.00001204     -0.00001453     -0.00001512
    -0.00014922     -0.00005108      0.00002768
    -0.00002847      0.00000071     -0.00000457
    -0.00000563     -0.00001026      0.00001003
    -0.00009383      0.00011947      0.00021288
     0.00006629      0.00007590      0.00008197
     0.00001434     -0.00001562     -0.00003718
    -0.00000848     -0.00000682     -0.00001808
     0.00000143      0.00000172      0.00000144
     0.00000808     -0.00000406     -0.00000480
    -0.00001057     -0.00000336     -0.00001694
    -0.00000512      0.00000286     -0.00000916
     0.00000242      0.00000006      0.00000173
    -0.00016164      0.00002150     -0.00004829
     0.00001031      0.00000677      0.00000776
    -0.00001571      0.00000684     -0.00000376
    -0.00001323     -0.00003182      0.00000609
    -0.00000374     -0.00000160      0.00000500
     0.00000675      0.00000254      0.00000317
     0.00000744     -0.00001957     -0.00002644
     0.00000369     -0.00000069     -0.00000174
    -0.00000311     -0.00000041     -0.00000489
    -0.00000309     -0.00000036     -0.00000488
     0.00000387     -0.00000040     -0.00000154
     0.00000688     -0.00001925     -0.00002685
     0.00000635      0.00000178      0.00000258
    -0.00000440     -0.00000247      0.00000443
    -0.00001321     -0.00003232      0.00000551
    -0.00001659      0.00000627     -0.00000462
     0.00001107      0.00000648      0.00000709
    -0.00017061      0.00001328     -0.00005135
     0.00000271      0.00000034      0.00000193
    -0.00000488      0.00000326     -0.00000887
    -0.00001044     -0.00000360     -0.00001543
     0.00000758     -0.00000497     -0.00000557
     0.00000097      0.00000104      0.00000093
    -0.00000867     -0.00000710     -0.00001830
     0.00001410     -0.00001535     -0.00003653
     0.00006547      0.00007535      0.00008131
    -0.00009118      0.00012260      0.00021023
    -0.00000532     -0.00001063      0.00001076
    -0.00002665      0.00000096     -0.00000332
    -0.00015756     -0.00005377      0.00001998
    -0.00001256     -0.00001348     -0.00001508
     0.00007851      0.00007116      0.00008035
    -0.00010849      0.00017264      0.00009846
    -0.00004668      0.00002604     -0.00003194
    -0.00002146      0.00014060      0.00015947
     0.25395698      0.20199780      0.20203543
    -0.00005020      0.00006607      0.00007489
    -0.00001755     -0.00001101     -0.00000543
    -0.00004208      0.00001240     -0.00001699
    -0.00001280     -0.00003220     -0.00000094
     0.00000193      0.00000554     -0.00000453
     0.00002120      0.00003202     -0.00007212
    -0.00071318      0.00005209     -0.00052701
    -0.00001495     -0.00001582      0.00001172
    -0.00075891     -0.00084361      0.00055756
     0.00000944      0.00000909     -0.00000860
    -0.00000160     -0.00000024      0.00000055
    -0.00000393     -0.00000318     -0.00000428
    -0.00000045     -0.00000567     -0.00000604
    -0.00000060     -0.00000012      0.00000032
     0.00000285     -0.00000281     -0.00000365
    -0.00000256      0.00000178      0.00001791
     0.00000358     -0.00000147      0.00000423
     0.00001075     -0.00000568      0.00002142
     0.00001696      0.00013371     -0.00013314
    -0.00003735     -0.00002082      0.00002427
    -0.00001300     -0.00000636      0.00000654
    -0.00003640      0.00000467     -0.00002268
     0.00000036     -0.00000476      0.00000790
     0.00003476      0.00008845     -0.00000749
     0.00011571     -0.00037687      0.00063299
    -0.00002535      0.00001398     -0.00002177
    -0.00008581      0.00000340     -0.00029866
    -0.00010204      0.00001237     -0.00032125
    -0.00002405      0.00001494     -0.00002272
     0.00010197     -0.00037909      0.00062650
     0.00003301      0.00008735     -0.00000657
     0.00000066     -0.00000451      0.00000758
    -0.00003514      0.00000477     -0.00002299
    -0.00001423     -0.00000641      0.00000715
    -0.00003738     -0.00002051      0.00002416
     0.00002107      0.00014026     -0.00013773
     0.00001042     -0.00000562      0.00002194
     0.00000388     -0.00000120      0.00000397
    -0.00000242      0.00000130      0.00001819
     0.00000199     -0.00000362     -0.00000267
    -0.00000090     -0.00000042      0.00000072
    -0.00000070     -0.00000597     -0.00000553
    -0.00000481     -0.00000400     -0.00000335
    -0.00000191     -0.00000052      0.00000094
     0.00000918      0.00000869     -0.00000803
    -0.00076033     -0.00083508      0.00055339
    -0.00001498     -0.00001589      0.00001108
    -0.00070574      0.00005378     -0.00051837
     0.00002038      0.00003249     -0.00007202
     0.00000161      0.00000526     -0.00000406
    -0.00001266     -0.00003229     -0.00000038
    -0.00004402      0.00001213     -0.00001532
    -0.00001814     -0.00001137     -0.00000510
    -0.00005280      0.00006166      0.00007487
     0.00009159      0.00012636      0.00001335
     0.00000411     -0.00001795      0.00004717
     0.00017320     -0.00049749     -0.00071094
     0.00000746     -0.00001033      0.00000577
    -0.00001081     -0.00000667     -0.00000314
     0.00001214     -0.00001173      0.00001110
     0.00015643     -0.00024333      0.00013306
    -0.00000876     -0.00003408     -0.00003523
     0.00037648     -0.00004033      0.00063906
    -0.00001056     -0.00000037     -0.00002310
    -0.00000144      0.00000005     -0.00000413
     0.00000147      0.00001451      0.00000141
     0.00000113     -0.00000054     -0.00000045
     0.00000026     -0.00000021     -0.00000030
     0.00000189      0.00000045      0.00000214
    -0.00001480      0.00001520     -0.00003156
    -0.00000413      0.00001099     -0.00000107
     0.00002156     -0.00001066      0.00001068
     0.00005047     -0.00003475     -0.00002961
     0.00004034     -0.00009163      0.00002628
     0.00047933     -0.00042422      0.00021314
     0.00000199     -0.00000837      0.00000082
    -0.00000447     -0.00000443      0.00000217
    -0.00000332      0.00000018      0.00000445
     0.00000095     -0.00000636      0.00000385
     0.00017329     -0.00008941      0.00011180
     0.00030383     -0.00080790     -0.00021740
     0.00031112     -0.00080306     -0.00020521
     0.00017221     -0.00008933      0.00011041
     0.00000025     -0.00000409      0.00000382
    -0.00000324      0.00000001      0.00000422
    -0.00000481     -0.00000397      0.00000175
     0.00000117     -0.00000769     -0.00000007
     0.00049627     -0.00043347      0.00021949
     0.00004084     -0.00009155      0.00002553
     0.00004968     -0.00003269     -0.00003084
     0.00002150     -0.00001046      0.00001052
    -0.00000382      0.00001062     -0.00000073
    -0.00001506      0.00001545     -0.00003192
     0.00000212      0.00000010      0.00000243
     0.00000046     -0.00000038     -0.00000012
     0.00000081     -0.00000031     -0.00000070
     0.00000209      0.00001379      0.00000213
    -0.00000115     -0.00000015     -0.00000403
    -0.00001111     -0.00000018     -0.00002379
     0.00037073     -0.00003192      0.00062747
    -0.00000839     -0.00003496     -0.00003458
     0.00015941     -0.00024505      0.00013458
     0.00001182     -0.00001207      0.00001134
    -0.00001064     -0.00000672     -0.00000293
     0.00000696     -0.00000978      0.00000551
     0.00017810     -0.00049915     -0.00071066
     0.00000481     -0.00001908      0.00004750
     0.00008911      0.00012822      0.00001243
    -0.00000151      0.00008379      0.00019074
    -0.00000602      0.00000510      0.00000008
    -0.00006453      0.00004911      0.00005041
     0.00000004     -0.00001558     -0.00000462
    -0.00000127     -0.00000115      0.00000155
     0.00001270     -0.00002656     -0.00000853
    -0.00003463     -0.00000984      0.00003890
    -0.00001063      0.00000254      0.00000561
    -0.00001519     -0.00001003     -0.00000280
    -0.00001695     -0.00001017      0.00000373
    -0.00000593     -0.00000323     -0.00001101
    -0.00002043     -0.00003141     -0.00000356
    -0.00000134      0.00000251      0.00000316
    -0.00000110     -0.00000027      0.00000092
     0.00000539      0.00000023      0.00000090
    -0.00003988      0.00002705      0.00000966
    -0.00000617      0.00000814      0.00000276
    -0.00006193      0.00011015      0.00018458
    -0.00050367     -0.00054796      0.00007721
    -0.00003672     -0.00002346     -0.00000109
    -0.00067380      0.00105276      0.00076933
     0.00001466      0.00000520      0.00000336
     0.00000464      0.00000135     -0.00000229
    -0.00000545      0.00002779      0.00001202
    -0.00108657      0.00089020      0.00108135
     0.00001707     -0.00001171      0.00000622
    -0.00067985     -0.00019956      0.00013461
    -0.00067950     -0.00020977      0.00013678
     0.00001847     -0.00001278      0.00000499
    -0.00108868      0.00089217      0.00108874
    -0.00000434      0.00002662      0.00001072
     0.00000537      0.00000045     -0.00000318
     0.00001460      0.00000446      0.00000319
    -0.00067032      0.00106156      0.00076634
    -0.00003727     -0.00002381     -0.00000224
    -0.00049216     -0.00052476      0.00008025
    -0.00006212      0.00010900      0.00018269
    -0.00000544      0.00000728      0.00000188
    -0.00003961      0.00002599      0.00000960
     0.00000590     -0.00000048      0.00000028
    -0.00000039     -0.00000109      0.00000006
    -0.00000124      0.00000217      0.00000288
    -0.00002132     -0.00003094     -0.00000342
    -0.00000559     -0.00000350     -0.00001156
    -0.00001724     -0.00000963      0.00000403
    -0.00001434     -0.00001098     -0.00000298
    -0.00001078      0.00000230      0.00000581
    -0.00003440     -0.00000976      0.00003982
     0.00001274     -0.00002694     -0.00000833
    -0.00000146     -0.00000110      0.00000178
    -0.00000075     -0.00001534     -0.00000402
    -0.00006950      0.00005419      0.00005667
    -0.00000693      0.00000614      0.00000124
    -0.00000404      0.00008545      0.00019203
109  0.00047574  0.00000000  0.00000000
     0.25397183      0.20225083      0.20221064
    -0.00004849     -0.00004982     -0.00005218
    -0.00003000      0.00021135      0.00017377
    -0.00014926     -0.00003790      0.00002183
    -0.00000566     -0.00000461     -0.00002003
    -0.00002853     -0.00003722     -0.00003291
    -0.00011081      0.00015795      0.00011909
    -0.00001175      0.00000746     -0.00000308
     0.00007924      0.00008228     -0.00000686
    -0.00016197      0.00002831      0.00002081
    -0.00001643     -0.00002714     -0.00001065
     0.00001026     -0.00001613     -0.00001398
     0.00000594      0.00000966      0.00000580
    -0.00000430     -0.00000613     -0.00000149
     0.00000259      0.00000057      0.00000100
    -0.00001393     -0.00000417     -0.00001529
     0.00000616     -0.00000172     -0.00000008
    -0.00000446     -0.00000917     -0.00000480
    -0.00009395      0.00009443      0.00013823
     0.00001414      0.00000541      0.00000040
     0.00006586     -0.00001845      0.00007175
    -0.00001171     -0.00001606      0.00000565
     0.00000127      0.00000166     -0.00000163
    -0.00000628     -0.00000641     -0.00000316
    -0.00000911      0.00008028      0.00007519
     0.00000741      0.00000461      0.00000286
     0.00000088      0.00000113      0.00000121
     0.00012132      0.00063362     -0.00105228
    -0.00002421      0.00001143     -0.00002713
    -0.00010325     -0.00021259      0.00021242
     0.00001804      0.00013441     -0.00005255
    -0.00003882     -0.00003272      0.00002827
    -0.00001506      0.00000345      0.00001225
    -0.00003586     -0.00003521      0.00003176
     0.00000004     -0.00000070      0.00000099
     0.00003268      0.00011034     -0.00010840
    -0.00000098      0.00001204      0.00002270
     0.00000499      0.00000303     -0.00000153
     0.00001115      0.00000448      0.00001203
     0.00001008      0.00000603     -0.00000618
    -0.00000111     -0.00000021      0.00000088
    -0.00000453      0.00000004     -0.00000220
     0.00000005     -0.00000235      0.00000281
    -0.00000011      0.00000045      0.00000043
     0.00000227      0.00000193     -0.00000755
    -0.00071582     -0.00072088      0.00054182
    -0.00001495      0.00000277     -0.00000459
    -0.00076037      0.00021847     -0.00089274
    -0.00005207      0.00001193     -0.00008415
    -0.00001812     -0.00002312      0.00001596
    -0.00004430     -0.00003052      0.00001062
    -0.00001290      0.00004729      0.00000986
     0.00000153     -0.00000341     -0.00000183
     0.00001978      0.00002591     -0.00002587
     0.00037594     -0.00076599     -0.00037511
     0.00016075     -0.00005376      0.00013784
    -0.00000634      0.00000158      0.00000648
     0.00001058      0.00000221      0.00000132
     0.00000685     -0.00000023      0.00000900
    -0.00001033      0.00001114     -0.00000547
     0.00017336     -0.00007867      0.00005302
     0.00009288     -0.00019422      0.00006688
     0.00000574     -0.00000507     -0.00003150
     0.00002146     -0.00001132      0.00001494
    -0.00001446      0.00000806     -0.00002034
    -0.00000242     -0.00000148     -0.00000360
     0.00000069      0.00000376     -0.00000160
     0.00000048     -0.00000109     -0.00000045
     0.00000067     -0.00000032      0.00000007
     0.00000177     -0.00000312     -0.00001542
    -0.00001008      0.00000406     -0.00001085
     0.00000039     -0.00000374      0.00000618
     0.00031087     -0.00013454      0.00000574
     0.00000082      0.00000385     -0.00000739
     0.00017338     -0.00018394      0.00008791
    -0.00000543     -0.00000344     -0.00000688
     0.00000032     -0.00000458     -0.00000449
    -0.00000501     -0.00000170     -0.00000367
     0.00048881     -0.00108530     -0.00083844
     0.00005064     -0.00003922      0.00001150
     0.00004153     -0.00001035      0.00003231
    -0.00066535     -0.00062456      0.00002980
    -0.00003804     -0.00001690      0.00001218
    -0.00049808      0.00052354      0.00049837
    -0.00000467      0.00002248      0.00001072
     0.00000503     -0.00000381     -0.00000071
     0.00001550     -0.00001199     -0.00001457
    -0.00068589      0.00031181      0.00081634
     0.00001786     -0.00002168     -0.00000103
    -0.00108573     -0.00056077      0.00042616
    -0.00007067      0.00013789      0.00024814
    -0.00000776      0.00000951      0.00001067
    -0.00000278     -0.00007448     -0.00012810
     0.00001241     -0.00002421     -0.00001469
    -0.00000179     -0.00000025      0.00000070
     0.00000013      0.00000472      0.00000058
    -0.00001468     -0.00000709      0.00000637
    -0.00001100      0.00000393      0.00000792
    -0.00003406      0.00001504      0.00003380
    -0.00002107      0.00002276      0.00003454
    -0.00000602      0.00000597      0.00000663
    -0.00001689      0.00000011      0.00001815
     0.00000611     -0.00000836     -0.00001075
    -0.00000027     -0.00000090     -0.00000023
    -0.00000003      0.00000295     -0.00000035
    -0.00006154      0.00000611      0.00008896
    -0.00000538      0.00000255      0.00000347
    -0.00003848      0.00007045      0.00009070
    -0.26288009     -0.23043243     -0.23044069
     0.00002174     -0.00016026     -0.00020913
     0.00001479     -0.00008591     -0.00005311
     0.00000994     -0.00005109     -0.00007174
     0.00001290      0.00002811     -0.00000433
     0.00001490     -0.00000312      0.00000341
     0.00001365     -0.00020797     -0.00007718
     0.00001410     -0.00000666      0.00000726
     0.00001246      0.00001232     -0.00000394
     0.00003597     -0.00008073     -0.00008508
     0.00003027      0.00000870      0.00001313
    -0.00002144     -0.00000734     -0.00000256
    -0.00001343     -0.00000305      0.00001281
     0.00000747      0.00000862      0.00000655
    -0.00000375      0.00000301      0.00000236
     0.00000021      0.00000812     -0.00000759
     0.00000453     -0.00000354      0.00000476
     0.00000224      0.00000470      0.00000250
     0.00003972     -0.00006761     -0.00015907
    -0.00002178     -0.00000876     -0.00000610
     0.00002983      0.00001208      0.00002730
     0.00000053      0.00000400     -0.00000823
     0.00000269      0.00000353     -0.00000313
     0.00000498      0.00000242      0.00000343
    -0.00001373     -0.00000407      0.00000874
    -0.00000414     -0.00000354     -0.00000345
     0.00000685      0.00000600      0.00000796
    -0.00000979     -0.00001823     -0.00001830
    -0.00000200     -0.00000032     -0.00000047
     0.00000245      0.00001436      0.00000278
    -0.00000253     -0.00000097      0.00000002
     0.00000155      0.00000051      0.00000145
     0.00001050      0.00001975      0.00000399
     0.00001502      0.00000248      0.00004411
     0.00001807      0.00002683      0.00000644
     0.00016991      0.00007353      0.00021192
    -0.00000124      0.00000050     -0.00000038
     0.00000506      0.00000171      0.00000100
     0.00001781      0.00000679      0.00002785
    -0.00000469      0.00000138      0.00000123
     0.00000210      0.00000169      0.00000177
     0.00000962      0.00000460      0.00000208
    -0.00001239      0.00000396      0.00001797
    -0.00001045      0.00000199     -0.00000880
     0.00003030     -0.00005938     -0.00011511
     0.00004216      0.00004458      0.00001467
     0.00002119      0.00001869      0.00002040
     0.00018808      0.00022741      0.00007366
    -0.00000614      0.00000686      0.00000645
    -0.00000992     -0.00000872      0.00000475
     0.00006206     -0.00010686     -0.00005929
     0.00043651      0.00021368      0.00022791
    -0.00003128     -0.00011430     -0.00010648
     0.00595183      0.02973899      0.02974122
     0.00006041     -0.00007389     -0.00001928
     0.00001366      0.00000790      0.00000462
    -0.00001142      0.00001222      0.00001050
     0.00002828      0.00004922     -0.00003228
     0.00000074      0.00000038      0.00000069
    -0.00001809     -0.00002321      0.00003090
     0.00009101     -0.00019536      0.00020110
     0.00000596     -0.00002173      0.00000824
     0.00018059      0.00022192     -0.00019016
    -0.00000549     -0.00000300      0.00000505
     0.00000068     -0.00000002      0.00000008
     0.00000210      0.00000529      0.00000334
     0.00000117      0.00000410      0.00000268
     0.00000007     -0.00000052     -0.00000051
    -0.00000050      0.00000228      0.00000175
    -0.00000086     -0.00000265      0.00001648
    -0.00000448     -0.00000222      0.00000050
    -0.00001846     -0.00000354     -0.00000566
     0.00005901     -0.00001099     -0.00001898
     0.00001285      0.00001511     -0.00001079
    -0.00001169      0.00002136     -0.00001557
     0.00002751     -0.00002658      0.00001852
     0.00000027     -0.00000012      0.00000081
    -0.00001845     -0.00004790     -0.00001270
     0.00009761     -0.00000533     -0.00049922
     0.00000557     -0.00000994     -0.00000270
     0.00017583     -0.00018227      0.00037064
     0.00079158     -0.00036612      0.00122981
     0.00002522     -0.00000536     -0.00000397
     0.00079251     -0.00000647     -0.00038126
    -0.00003892     -0.00008727      0.00005511
     0.00001448      0.00002185     -0.00002448
     0.00000330      0.00000130     -0.00000891
     0.00000323      0.00000480      0.00001167
     0.00001410      0.00000272     -0.00000753
    -0.00003789     -0.00007093      0.00005698
    -0.00001221     -0.00000815     -0.00000290
    -0.00000370     -0.00000037     -0.00000112
    -0.00001210     -0.00000959     -0.00000431
    -0.00000663     -0.00000172      0.00000690
     0.00000063     -0.00000054      0.00000028
     0.00000094      0.00000470      0.00000173
     0.00000098      0.00000027      0.00000354
     0.00000063      0.00000038     -0.00000052
    -0.00000663     -0.00000787      0.00000807
     0.00036077      0.00044736     -0.00024116
    -0.00000752      0.00000704      0.00000151
     0.00035909     -0.00005211      0.00036741
    -0.00001035     -0.00002312      0.00006017
    -0.00000071      0.00000106     -0.00000116
     0.00005044      0.00004464     -0.00002433
     0.00004983     -0.00001207     -0.00000126
    -0.00000065      0.00000031     -0.00000068
    -0.00001096     -0.00002903     -0.00001299
    -0.00008774     -0.00006296     -0.00001118
     0.00001016      0.00000062     -0.00002751
    -0.00003534      0.00008432     -0.00000810
    -0.00000027      0.00000452     -0.00000248
     0.00000569      0.00000010      0.00000416
    -0.00001119      0.00000458     -0.00000179
    -0.00008788      0.00008894     -0.00007633
     0.00001031      0.00001807      0.00004829
    -0.00003437      0.00002208     -0.00019582
     0.00000060      0.00000704      0.00001576
    -0.00000109      0.00000370     -0.00000038
    -0.00001464     -0.00000618     -0.00000921
    -0.00000028      0.00000075      0.00000055
    -0.00000004     -0.00000013     -0.00000045
    -0.00000111     -0.00000026     -0.00000118
     0.00000041      0.00000102      0.00000744
    -0.00000111     -0.00000004     -0.00000037
    -0.00001467      0.00001145     -0.00002123
     0.00000325     -0.00000247      0.00002142
    -0.00006287      0.00007215     -0.00004819
    -0.00034008      0.00027158     -0.00017825
     0.00000279      0.00000241      0.00000591
     0.00000520      0.00000031      0.00000239
     0.00000952     -0.00000434     -0.00000229
     0.00000308     -0.00000418      0.00001244
    -0.00006273     -0.00001402     -0.00002371
    -0.00034004      0.00064579      0.00022013
    -0.00014355      0.00021986     -0.00001164
    -0.00010531      0.00006356     -0.00007347
    -0.00001264     -0.00000861      0.00000043
    -0.00000909      0.00000788     -0.00000855
    -0.00000366      0.00000672     -0.00000737
     0.00000594     -0.00000531      0.00000539
    -0.00006074      0.00007493     -0.00005398
    -0.00002597      0.00008133     -0.00002815
    -0.00002165      0.00000853      0.00004418
    -0.00001285      0.00000598     -0.00000504
     0.00000438     -0.00001197      0.00000239
     0.00000433     -0.00000612      0.00002103
    -0.00000004     -0.00000242      0.00000065
    -0.00000028      0.00000075      0.00000092
    -0.00000026      0.00000007      0.00000005
     0.00000567     -0.00001224      0.00000751
    -0.00000151      0.00000066     -0.00000009
    -0.00000149     -0.00000177      0.00000075
    -0.00014161      0.00016228     -0.00036139
    -0.00001263      0.00001170      0.00000515
    -0.00010191      0.00010715     -0.00008535
    -0.00000925     -0.00001029     -0.00000694
     0.00000591      0.00000866      0.00000078
    -0.00000366      0.00000365     -0.00000115
    -0.00006185      0.00033508      0.00044109
    -0.00002165      0.00002830     -0.00001236
    -0.00002769     -0.00002021     -0.00002422
    -0.00000522      0.00001667     -0.00009061
     0.00001311     -0.00000564     -0.00000543
    -0.00000590      0.00001740      0.00006020
     0.00000639      0.00001101     -0.00000112
     0.00000183     -0.00000003     -0.00000136
     0.00000628     -0.00000523     -0.00000713
     0.00000418      0.00001493      0.00000348
     0.00000675     -0.00000380     -0.00000349
     0.00000406     -0.00001148      0.00000175
     0.00002409     -0.00001854     -0.00001762
     0.00000576     -0.00000278     -0.00000013
     0.00002456      0.00003120      0.00000003
     0.00000043     -0.00000036      0.00000095
     0.00000026      0.00000095      0.00000052
     0.00000043     -0.00000084     -0.00000288
    -0.00001249      0.00001301      0.00001459
     0.00000146     -0.00000179     -0.00000040
    -0.00001228     -0.00003104     -0.00007113
     0.00039282      0.00050159     -0.00001586
     0.00004446     -0.00001603     -0.00000534
     0.00039847     -0.00020656     -0.00008822
    -0.00001038      0.00000372     -0.00001095
    -0.00000101      0.00000047      0.00000026
    -0.00001029     -0.00000761      0.00000663
     0.00061745     -0.00036945     -0.00065162
    -0.00002861      0.00000653      0.00000392
     0.00061224      0.00018970     -0.00027092
     0.00057887      0.00038056     -0.00016420
    -0.00001436      0.00000444      0.00000918
     0.00032426     -0.00036857     -0.00033486
     0.00000055      0.00000382     -0.00000679
    -0.00000230      0.00000096      0.00000125
    -0.00001139     -0.00000126      0.00001222
     0.00058208     -0.00123050     -0.00022217
    -0.00001486      0.00000326     -0.00000869
     0.00032201      0.00024308     -0.00007152
     0.00005711     -0.00005841     -0.00010880
     0.00000878     -0.00000796     -0.00000414
     0.00001828      0.00001262      0.00002084
    -0.00001200      0.00000703      0.00000603
     0.00000112      0.00000056     -0.00000077
    -0.00000395      0.00000065      0.00000211
     0.00003176     -0.00001208      0.00000935
     0.00000654     -0.00000349      0.00000470
     0.00002246      0.00000159     -0.00000777
     0.00003173      0.00000871     -0.00001189
     0.00000600     -0.00000117     -0.00000858
     0.00002226      0.00002470     -0.00002757
    -0.00001224      0.00002366      0.00001221
     0.00000067      0.00000020     -0.00000084
    -0.00000437      0.00000157      0.00000028
     0.00005600     -0.00005427     -0.00006271
     0.00000828     -0.00000640     -0.00000661
     0.00001765     -0.00005997     -0.00008091
1  -0.00047574  0.00000000  0.00000000
     0.51779957      0.41533661      0.41533653
    -0.00028007      0.00020283      0.00017328
    -0.00030988      0.00020639      0.00017678
    -0.00033650      0.00017732      0.00011628
     0.00014922      0.00015652      0.00007877
    -0.00002691     -0.00001734     -0.00001448
    -0.00034559      0.00017221      0.00010466
    -0.00002482     -0.00001825     -0.00001354
     0.00015034      0.00015729      0.00007968
    -0.00027995      0.00011690      0.00020725
     0.00014108      0.00007078      0.00015683
     0.00002324     -0.00000695     -0.00001681
    -0.00002065      0.00007907      0.00007092
     0.00000508      0.00000450      0.00000462
     0.00000517      0.00000018     -0.00000184
    -0.00001249     -0.00001446     -0.00000694
     0.00000933     -0.00000070      0.00000164
     0.00000172      0.00000186      0.00000121
    -0.00029027      0.00010408      0.00020148
     0.00002426     -0.00000766     -0.00001876
     0.00014128      0.00007071      0.00015697
    -0.00001257     -0.00001462     -0.00000879
     0.00000077      0.00000070      0.00000043
     0.00000871     -0.00000186      0.00000090
    -0.00002052      0.00007827      0.00006944
     0.00000588      0.00000146     -0.00000074
     0.00000533      0.00000507      0.00000495
    -0.00191657      0.00004925     -0.00161237
    -0.00002806     -0.00001198     -0.00002640
    -0.00192782     -0.00148052      0.00163665
     0.00002978      0.00013250     -0.00000416
    -0.00002323     -0.00002218      0.00001175
    -0.00002072      0.00003311      0.00000487
    -0.00001917     -0.00000319     -0.00000844
    -0.00002313     -0.00001496      0.00001724
     0.00002781      0.00015804     -0.00023986
    -0.00002299     -0.00001248      0.00006069
     0.00000431     -0.00000080      0.00000563
    -0.00002341     -0.00001229      0.00006076
     0.00000621      0.00000416     -0.00000998
    -0.00000015      0.00000096      0.00000068
    -0.00000291     -0.00000030      0.00000001
    -0.00000235      0.00000028     -0.00000055
    -0.00000015      0.00000096      0.00000065
     0.00000559      0.00000383     -0.00000963
    -0.00191631     -0.00148873      0.00162532
    -0.00002763     -0.00001084     -0.00002681
    -0.00192814      0.00005401     -0.00163990
     0.00003148      0.00015915     -0.00024307
    -0.00002274     -0.00001452      0.00001670
    -0.00002069     -0.00000136     -0.00000931
    -0.00001908      0.00003207      0.00000194
    -0.00002264     -0.00002152      0.00001093
     0.00002952      0.00013404     -0.00000282
     0.00068270     -0.00169324     -0.00148965
     0.00024675     -0.00006863      0.00015948
     0.00004100     -0.00005309      0.00003418
    -0.00001216      0.00000353     -0.00001421
    -0.00000158     -0.00000463      0.00000322
    -0.00000050     -0.00000256     -0.00000046
     0.00066827     -0.00030057      0.00004624
     0.00024736     -0.00036740      0.00013509
     0.00004063     -0.00003642     -0.00000080
     0.00000067     -0.00001277     -0.00001185
    -0.00002053      0.00000943     -0.00001436
    -0.00001981      0.00001170     -0.00002096
     0.00000082      0.00000639     -0.00000284
     0.00000151     -0.00000040     -0.00000009
     0.00000202     -0.00000083      0.00000033
     0.00000006     -0.00001234     -0.00001196
    -0.00002044      0.00001212     -0.00002137
    -0.00001972      0.00000872     -0.00001374
     0.00069743     -0.00031364      0.00005690
     0.00004118     -0.00003372     -0.00000247
     0.00024639     -0.00036547      0.00013273
    -0.00001213      0.00000493     -0.00001474
    -0.00000167     -0.00000139     -0.00000135
    -0.00000149     -0.00000474      0.00000298
     0.00068235     -0.00168260     -0.00148089
     0.00004083     -0.00005204      0.00003225
     0.00024700     -0.00006928      0.00015903
    -0.00187902     -0.00161252      0.00031090
    -0.00000968     -0.00006086     -0.00000226
    -0.00188358      0.00163202      0.00168530
    -0.00000809      0.00002705      0.00001290
     0.00001236     -0.00000650     -0.00000523
    -0.00000735      0.00002559      0.00001192
    -0.00187745      0.00162133      0.00169164
    -0.00000823     -0.00006140     -0.00000298
    -0.00188206     -0.00164888      0.00030382
    -0.00011943      0.00024326      0.00036695
    -0.00000599      0.00001074      0.00000643
    -0.00012005      0.00000669      0.00007083
     0.00000741     -0.00001629     -0.00001205
    -0.00000131     -0.00000064      0.00000168
     0.00000786     -0.00001103     -0.00000965
    -0.00001066      0.00000944      0.00005338
    -0.00000751      0.00000044      0.00000323
    -0.00001100     -0.00000348      0.00003530
    -0.00001157     -0.00000208      0.00003414
    -0.00000732      0.00000019      0.00000262
    -0.00001191      0.00000959      0.00005100
     0.00000812     -0.00001134     -0.00001010
    -0.00000041     -0.00000155      0.00000057
     0.00000857     -0.00001733     -0.00001337
    -0.00011473      0.00000153      0.00006630
    -0.00000458      0.00000897      0.00000483
    -0.00011553      0.00024107      0.00036528
    -0.25395728     -0.20199831     -0.20203594
     0.00002113     -0.00014114     -0.00016001
     0.00004635     -0.00002658      0.00003141
     0.00010860     -0.00017263     -0.00009855
    -0.00007840     -0.00007115     -0.00008044
     0.00001267      0.00001349      0.00001498
     0.00015767      0.00005378     -0.00002007
     0.00002676     -0.00000095      0.00000323
     0.00000543      0.00001064     -0.00001085
     0.00009128     -0.00012270     -0.00021023
    -0.00006537     -0.00007546     -0.00008132
    -0.00001399      0.00001525      0.00003653
     0.00000921      0.00000754      0.00001874
    -0.00000043     -0.00000061     -0.00000050
    -0.00000704      0.00000541      0.00000601
     0.00001098      0.00000405      0.00001587
     0.00000542     -0.00000282      0.00000931
    -0.00000217      0.00000010     -0.00000149
     0.00017072     -0.00001338      0.00005135
    -0.00001096     -0.00000659     -0.00000709
     0.00001670     -0.00000637      0.00000462
     0.00001375      0.00003277     -0.00000506
     0.00000495      0.00000291     -0.00000399
    -0.00000580     -0.00000134     -0.00000214
    -0.00000634      0.00001970      0.00002729
    -0.00000333      0.00000083      0.00000198
     0.00000364      0.00000080      0.00000532
     0.00000366      0.00000085      0.00000533
    -0.00000314      0.00000113      0.00000218
    -0.00000690      0.00002001      0.00002687
    -0.00000620     -0.00000210     -0.00000273
     0.00000428      0.00000203     -0.00000456
     0.00001378      0.00003226     -0.00000565
     0.00001582     -0.00000694      0.00000376
    -0.00001020     -0.00000688     -0.00000776
     0.00016175     -0.00002160      0.00004830
    -0.00000188      0.00000038     -0.00000130
     0.00000566     -0.00000242      0.00000959
     0.00001111      0.00000380      0.00001738
    -0.00000754      0.00000450      0.00000523
    -0.00000088     -0.00000129     -0.00000100
     0.00000903      0.00000727      0.00001852
    -0.00001423      0.00001552      0.00003717
    -0.00006619     -0.00007601     -0.00008197
     0.00009393     -0.00011957     -0.00021288
     0.00000574      0.00001027     -0.00001012
     0.00002858     -0.00000071      0.00000447
     0.00014933      0.00005109     -0.00002777
     0.00001215      0.00001454      0.00001502
    -0.00007915     -0.00007208     -0.00008080
     0.00011160     -0.00017497     -0.00009589
     0.00003427     -0.00002433      0.00003401
     0.00003589     -0.00014547     -0.00016445
    -0.25740554     -0.21028601     -0.21032048
     0.00005329     -0.00006145     -0.00007555
     0.00001865      0.00001165      0.00000435
     0.00004508     -0.00001136      0.00001408
     0.00001316      0.00003250     -0.00000030
    -0.00000109     -0.00000499      0.00000331
    -0.00001932     -0.00003172      0.00007078
     0.00070580     -0.00005411      0.00051812
     0.00001506      0.00001563     -0.00001140
     0.00076096      0.00083531     -0.00055419
    -0.00000961     -0.00000940      0.00000843
     0.00000149     -0.00000013     -0.00000060
     0.00000495      0.00000384      0.00000320
     0.00000026      0.00000526      0.00000594
     0.00000049     -0.00000023     -0.00000038
    -0.00000186      0.00000347      0.00000252
     0.00000156     -0.00000256     -0.00001736
    -0.00000472      0.00000001     -0.00000319
    -0.00001071      0.00000493     -0.00002166
    -0.00002114     -0.00014061      0.00013761
     0.00003734      0.00002022     -0.00002434
     0.00001473      0.00000662     -0.00000781
     0.00003507     -0.00000512      0.00002287
    -0.00000071      0.00000422     -0.00000776
    -0.00003251     -0.00008714      0.00000590
    -0.00010247      0.00037820     -0.00062618
     0.00002358     -0.00001576      0.00002297
     0.00010211     -0.00001270      0.00032102
     0.00008588     -0.00000373      0.00029843
     0.00002488     -0.00001481      0.00002202
    -0.00011620      0.00037598     -0.00063267
    -0.00003426     -0.00008824      0.00000682
    -0.00000040      0.00000448     -0.00000808
     0.00003634     -0.00000502      0.00002256
     0.00001350      0.00000657     -0.00000720
     0.00003730      0.00002054     -0.00002445
    -0.00001704     -0.00013406      0.00013302
    -0.00001104      0.00000498     -0.00002114
    -0.00000442      0.00000028     -0.00000345
     0.00000169     -0.00000303     -0.00001707
    -0.00000271      0.00000265      0.00000351
     0.00000019     -0.00000053      0.00000003
     0.00000001      0.00000495      0.00000645
     0.00000406      0.00000302      0.00000413
     0.00000119     -0.00000041     -0.00000021
    -0.00000988     -0.00000980      0.00000900
     0.00075954      0.00084383     -0.00055837
     0.00001503      0.00001556     -0.00001204
     0.00071324     -0.00005242      0.00052676
    -0.00002014     -0.00003125      0.00007088
    -0.00000142     -0.00000527      0.00000378
     0.00001329      0.00003241      0.00000025
     0.00004314     -0.00001163      0.00001575
     0.00001806      0.00001128      0.00000468
     0.00005069     -0.00006586     -0.00007558
    -0.00008971     -0.00012777     -0.00001280
    -0.00000599      0.00002009     -0.00004843
    -0.00017818      0.00049923      0.00071066
    -0.00000670      0.00000915     -0.00000502
     0.00001034      0.00000664      0.00000286
    -0.00001103      0.00001107     -0.00001048
    -0.00016002      0.00024550     -0.00013495
     0.00000722      0.00003597      0.00003365
    -0.00037080      0.00003200     -0.00062748
     0.00001057      0.00000057      0.00002344
     0.00000004      0.00000110      0.00000312
    -0.00000210     -0.00001377     -0.00000212
    -0.00000049     -0.00000038      0.00000122
    -0.00000070      0.00000025      0.00000007
    -0.00000126     -0.00000116     -0.00000154
     0.00001452     -0.00001506      0.00003157
     0.00000272     -0.00000968     -0.00000018
    -0.00002151      0.00001048     -0.00001050
    -0.00004973      0.00003258      0.00003103
    -0.00004146      0.00009200     -0.00002590
    -0.00049579      0.00043299     -0.00021892
    -0.00000035      0.00000650      0.00000113
     0.00000506      0.00000333     -0.00000125
     0.00000459     -0.00000157     -0.00000279
    -0.00000030      0.00000398     -0.00000362
    -0.00017282      0.00008978     -0.00011077
    -0.00031064      0.00080258      0.00020578
    -0.00030335      0.00080743      0.00021796
    -0.00017390      0.00008986     -0.00011216
    -0.00000100      0.00000625     -0.00000365
     0.00000466     -0.00000174     -0.00000302
     0.00000472      0.00000379     -0.00000167
    -0.00000117      0.00000718      0.00000024
    -0.00047885      0.00042374     -0.00021258
    -0.00004096      0.00009208     -0.00002664
    -0.00005052      0.00003464      0.00002980
    -0.00002157      0.00001068     -0.00001066
     0.00000302     -0.00001004      0.00000016
     0.00001426     -0.00001481      0.00003121
    -0.00000104     -0.00000152     -0.00000126
    -0.00000050      0.00000007      0.00000026
    -0.00000080     -0.00000015      0.00000096
    -0.00000149     -0.00001449     -0.00000139
     0.00000033      0.00000090      0.00000322
     0.00001002      0.00000076      0.00002275
    -0.00037655      0.00004041     -0.00063906
     0.00000759      0.00003508      0.00003430
    -0.00015703      0.00024378     -0.00013344
    -0.00001135      0.00001073     -0.00001024
     0.00001050      0.00000660      0.00000308
    -0.00000719      0.00000970     -0.00000528
    -0.00017328      0.00049757      0.00071094
    -0.00000528      0.00001895     -0.00004810
    -0.00009219     -0.00012591     -0.00001373
     0.00000397     -0.00008536     -0.00019213
     0.00000743     -0.00000655     -0.00000183
     0.00007001     -0.00005466     -0.00005733
     0.00000019      0.00001597      0.00000441
     0.00000146      0.00000123     -0.00000188
    -0.00001273      0.00002701      0.00000816
     0.00003378      0.00001041     -0.00003936
     0.00001072     -0.00000214     -0.00000585
     0.00001429      0.00001108      0.00000288
     0.00001717      0.00000972     -0.00000413
     0.00000608      0.00000309      0.00001097
     0.00002182      0.00003047      0.00000277
     0.00000068     -0.00000154     -0.00000250
     0.00000038      0.00000122     -0.00000016
    -0.00000589      0.00000054     -0.00000045
     0.00003898     -0.00002534     -0.00000914
     0.00000538     -0.00000712     -0.00000192
     0.00006206     -0.00010890     -0.00018279
     0.00049210      0.00052484     -0.00008035
     0.00003777      0.00002340      0.00000165
     0.00067083     -0.00106203     -0.00076700
    -0.00001516     -0.00000383     -0.00000280
    -0.00000537     -0.00000031      0.00000307
     0.00000435     -0.00002656     -0.00001089
     0.00108806     -0.00089151     -0.00108828
    -0.00001853      0.00001294     -0.00000502
     0.00067945      0.00020987     -0.00013688
     0.00067980      0.00019966     -0.00013471
    -0.00001714      0.00001187     -0.00000626
     0.00108595     -0.00088954     -0.00108090
     0.00000546     -0.00002773     -0.00001219
    -0.00000464     -0.00000122      0.00000218
    -0.00001521     -0.00000458     -0.00000297
     0.00067431     -0.00105324     -0.00076998
     0.00003721      0.00002305      0.00000050
     0.00050360      0.00054805     -0.00007731
     0.00006188     -0.00011006     -0.00018468
     0.00000610     -0.00000798     -0.00000280
     0.00003926     -0.00002640     -0.00000920
    -0.00000538     -0.00000017     -0.00000107
     0.00000109      0.00000040     -0.00000103
     0.00000078     -0.00000189     -0.00000278
     0.00002093      0.00003094      0.00000290
     0.00000642      0.00000282      0.00001042
     0.00001688      0.00001026     -0.00000383
     0.00001514      0.00001012      0.00000270
     0.00001056     -0.00000238     -0.00000564
     0.00003401      0.00001050     -0.00003844
    -0.00001269      0.00002663      0.00000836
     0.00000127      0.00000129     -0.00000165
    -0.00000060      0.00001621      0.00000501
     0.00006503     -0.00004958     -0.00005107
     0.00000652     -0.00000551     -0.00000067
     0.00000145     -0.00008370     -0.00019084
109  -0.00047574  0.00000000  0.00000000
    -0.25740764     -0.21011503     -0.21008290
     0.00003249      0.00004949      0.00005234
     0.00002699     -0.00021179     -0.00017385
     0.00015766      0.00002769     -0.00001295
     0.00000540      0.00000377      0.00001924
     0.00002670      0.00003651      0.00003168
     0.00010922     -0.00016627     -0.00012313
     0.00001295     -0.00000738      0.00000433
    -0.00007840     -0.00008100      0.00000751
     0.00017043     -0.00001934     -0.00002988
     0.00001601      0.00002659      0.00001027
    -0.00001101      0.00001668      0.00001405
    -0.00000785     -0.00001123     -0.00000738
     0.00000245      0.00000409     -0.00000027
    -0.00000442     -0.00000265     -0.00000287
     0.00001306      0.00000362      0.00001558
    -0.00000639      0.00000199     -0.00000005
     0.00000422      0.00000930      0.00000467
     0.00009111     -0.00009998     -0.00014813
    -0.00001419     -0.00000576     -0.00000128
    -0.00006578      0.00001838     -0.00007148
     0.00000984      0.00001403     -0.00000771
    -0.00000332     -0.00000364     -0.00000011
     0.00000427      0.00000440      0.00000135
     0.00000858     -0.00008087     -0.00007616
    -0.00000771     -0.00000438     -0.00000283
    -0.00000097     -0.00000081     -0.00000112
    -0.00009679     -0.00063208      0.00106181
     0.00002468     -0.00000976      0.00002722
     0.00008437      0.00021065     -0.00019717
    -0.00002005     -0.00013362      0.00005120
     0.00003589      0.00003043     -0.00002532
     0.00001264     -0.00000404     -0.00000884
     0.00003563      0.00003366     -0.00003014
    -0.00000102      0.00000020      0.00000067
    -0.00003460     -0.00011224      0.00011067
     0.00000310     -0.00000956     -0.00002416
    -0.00000330     -0.00000065      0.00000013
    -0.00001030     -0.00000277     -0.00001260
    -0.00000898     -0.00000475      0.00000548
     0.00000198      0.00000146     -0.00000151
     0.00000435      0.00000036      0.00000248
     0.00000076      0.00000365     -0.00000351
     0.00000098      0.00000082     -0.00000106
    -0.00000244     -0.00000149      0.00000771
     0.00070295      0.00070045     -0.00053128
     0.00001510     -0.00000073      0.00000441
     0.00075974     -0.00021371      0.00088926
     0.00005145     -0.00001419      0.00008488
     0.00001808      0.00002342     -0.00001559
     0.00004289      0.00003015     -0.00000965
     0.00001304     -0.00004830     -0.00001003
    -0.00000149      0.00000384      0.00000222
    -0.00002075     -0.00002626      0.00002653
    -0.00037088      0.00077008      0.00038009
    -0.00015547      0.00005378     -0.00013637
     0.00000964     -0.00000474     -0.00000331
    -0.00001259     -0.00000051     -0.00000302
    -0.00000731      0.00000168     -0.00000949
     0.00001082     -0.00001085      0.00000545
    -0.00017824      0.00007871     -0.00005336
    -0.00008846      0.00018860     -0.00006072
    -0.00000436      0.00000278      0.00003318
    -0.00002160      0.00001158     -0.00001483
     0.00001487     -0.00000864      0.00002069
     0.00000442     -0.00000013      0.00000538
    -0.00000246     -0.00000160     -0.00000012
    -0.00000114      0.00000234     -0.00000034
    -0.00000029      0.00000076     -0.00000004
    -0.00000182      0.00000305      0.00001602
     0.00001106     -0.00000497      0.00001180
     0.00000187      0.00000192     -0.00000436
    -0.00030364      0.00013682     -0.00001058
    -0.00000041     -0.00000183      0.00000556
    -0.00017273      0.00018343     -0.00008770
     0.00000248      0.00000779      0.00000373
    -0.00000202      0.00000688      0.00000252
     0.00000451      0.00000298      0.00000261
    -0.00048658      0.00108435      0.00084044
    -0.00004959      0.00003903     -0.00001228
    -0.00004025      0.00000846     -0.00003141
     0.00067906      0.00063404     -0.00004232
     0.00003645      0.00001836     -0.00001065
     0.00049777     -0.00052190     -0.00049854
     0.00000510     -0.00002229     -0.00001040
    -0.00000499      0.00000360      0.00000090
    -0.00001430      0.00001113      0.00001370
     0.00067352     -0.00030838     -0.00079426
    -0.00001773      0.00002139      0.00000074
     0.00108931      0.00055109     -0.00043134
     0.00006391     -0.00013292     -0.00024070
     0.00000571     -0.00000752     -0.00000880
     0.00000251      0.00007603      0.00012607
    -0.00001303      0.00002441      0.00001558
     0.00000094      0.00000090      0.00000053
     0.00000027     -0.00000505     -0.00000036
     0.00001480      0.00000726     -0.00000396
     0.00001035     -0.00000355     -0.00000696
     0.00003435     -0.00001605     -0.00003353
     0.00002119     -0.00002280     -0.00003555
     0.00000599     -0.00000601     -0.00000669
     0.00001722     -0.00000054     -0.00001987
    -0.00000518      0.00000730      0.00000992
     0.00000120     -0.00000020     -0.00000069
     0.00000200     -0.00000490     -0.00000140
     0.00006243     -0.00000728     -0.00009023
     0.00000618     -0.00000363     -0.00000429
     0.00004040     -0.00007246     -0.00009293
     0.26608201      0.23866261      0.23865416
    -0.00001388      0.00016053      0.00020770
    -0.00002055      0.00008763      0.00005336
    -0.00001313      0.00005540      0.00007022
    -0.00001237     -0.00002624      0.00000412
    -0.00001450      0.00000227     -0.00000345
    -0.00000939      0.00020882      0.00008257
    -0.00001529      0.00000635     -0.00000850
    -0.00001280     -0.00001273      0.00000314
    -0.00003775      0.00007898      0.00008846
    -0.00002881     -0.00000808     -0.00001194
     0.00002179      0.00000726      0.00000284
     0.00001440      0.00000403     -0.00001124
    -0.00000596     -0.00000699     -0.00000516
     0.00000485     -0.00000175     -0.00000125
     0.00000004     -0.00000764      0.00000701
    -0.00000424      0.00000357     -0.00000440
    -0.00000191     -0.00000447     -0.00000226
    -0.00003398      0.00007438      0.00016167
     0.00002144      0.00000879      0.00000692
    -0.00002925     -0.00001197     -0.00002705
     0.00000035     -0.00000285      0.00000932
    -0.00000146     -0.00000220      0.00000413
    -0.00000378     -0.00000119     -0.00000230
     0.00001409      0.00000439     -0.00000802
     0.00000445      0.00000371      0.00000366
    -0.00000657     -0.00000571     -0.00000764
     0.00001031      0.00001885      0.00001878
     0.00000257      0.00000097      0.00000101
    -0.00000245     -0.00001379     -0.00000229
     0.00000247      0.00000051     -0.00000025
    -0.00000159     -0.00000085     -0.00000167
    -0.00001018     -0.00001991     -0.00000392
    -0.00001529     -0.00000259     -0.00004476
    -0.00001778     -0.00002762     -0.00000648
    -0.00017536     -0.00007825     -0.00021344
     0.00000206      0.00000023      0.00000091
    -0.00000424     -0.00000101     -0.00000036
    -0.00001705     -0.00000615     -0.00002660
     0.00000465     -0.00000174     -0.00000149
    -0.00000218     -0.00000209     -0.00000202
    -0.00000958     -0.00000483     -0.00000203
     0.00001260     -0.00000393     -0.00001808
     0.00001059     -0.00000211      0.00000871
    -0.00003105      0.00005893      0.00011358
    -0.00004156     -0.00004427     -0.00001349
    -0.00001996     -0.00001737     -0.00001926
    -0.00019344     -0.00022765     -0.00007813
     0.00000581     -0.00000604     -0.00000649
     0.00001016      0.00000879     -0.00000469
    -0.00006324      0.00010560      0.00005902
    -0.00043235     -0.00021153     -0.00022703
     0.00002906      0.00011439      0.00010598
    -0.00575253     -0.03009543     -0.03009321
    -0.00005746      0.00007416      0.00001762
    -0.00001231     -0.00000725     -0.00000580
     0.00001317     -0.00001074     -0.00001276
    -0.00002758     -0.00004865      0.00003094
     0.00000005      0.00000001     -0.00000180
     0.00001965      0.00002455     -0.00003248
    -0.00009319      0.00019619     -0.00020823
    -0.00000590      0.00002065     -0.00000832
    -0.00017483     -0.00022198      0.00018775
     0.00000520      0.00000255     -0.00000497
    -0.00000078     -0.00000033     -0.00000010
    -0.00000106     -0.00000465     -0.00000452
    -0.00000128     -0.00000445     -0.00000272
    -0.00000017      0.00000017      0.00000044
     0.00000148     -0.00000167     -0.00000278
    -0.00000047      0.00000145     -0.00001542
     0.00000332      0.00000075      0.00000044
     0.00001835      0.00000280      0.00000609
    -0.00005889      0.00000990      0.00001826
    -0.00001313     -0.00001584      0.00001106
     0.00001291     -0.00002063      0.00001484
    -0.00002835      0.00002701     -0.00001858
    -0.00000042     -0.00000043     -0.00000084
     0.00001929      0.00004813      0.00001206
    -0.00008649      0.00001254      0.00049246
    -0.00000633      0.00000847      0.00000292
    -0.00017967      0.00017354     -0.00036455
    -0.00079284      0.00036057     -0.00121400
    -0.00002503      0.00000488      0.00000428
    -0.00079191      0.00001237      0.00038082
     0.00003781      0.00008456     -0.00005376
    -0.00001352     -0.00002093      0.00002295
    -0.00000314     -0.00000078      0.00000845
    -0.00000322     -0.00000510     -0.00001153
    -0.00001390     -0.00000275      0.00000712
     0.00003888      0.00007336     -0.00005847
     0.00001120      0.00000704      0.00000424
     0.00000309     -0.00000056      0.00000159
     0.00001130      0.00000842      0.00000593
     0.00000582      0.00000073     -0.00000606
    -0.00000133     -0.00000037      0.00000046
    -0.00000170     -0.00000584     -0.00000084
    -0.00000166     -0.00000114     -0.00000290
    -0.00000134     -0.00000132      0.00000127
     0.00000583      0.00000670     -0.00000712
    -0.00035163     -0.00043455      0.00023486
     0.00000782     -0.00000734     -0.00000153
    -0.00035332      0.00005529     -0.00036917
     0.00001117      0.00002419     -0.00006077
     0.00000095     -0.00000106      0.00000081
    -0.00004980     -0.00004468      0.00002424
    -0.00005039      0.00001241      0.00000130
     0.00000101     -0.00000031      0.00000031
     0.00001055      0.00002690      0.00001208
     0.00008322      0.00005903      0.00000975
    -0.00001186      0.00000106      0.00002608
     0.00003871     -0.00009502      0.00000963
     0.00000096     -0.00000533      0.00000307
    -0.00000609     -0.00000003     -0.00000438
     0.00001205     -0.00000553      0.00000229
     0.00008313     -0.00008574      0.00007177
    -0.00001171     -0.00001738     -0.00004957
     0.00003975     -0.00001646      0.00019603
    -0.00000062     -0.00000670     -0.00001519
    -0.00000025     -0.00000263     -0.00000068
     0.00001462      0.00000636      0.00000921
     0.00000092     -0.00000167      0.00000024
    -0.00000041      0.00000016      0.00000024
     0.00000175     -0.00000052      0.00000180
    -0.00000081     -0.00000075     -0.00000770
    -0.00000028      0.00000122     -0.00000075
     0.00001459     -0.00001124      0.00002115
    -0.00000219      0.00000076     -0.00002056
     0.00006218     -0.00007172      0.00004785
     0.00033520     -0.00026723      0.00017762
    -0.00000106     -0.00000444     -0.00000403
    -0.00000468     -0.00000128     -0.00000156
    -0.00000791      0.00000282      0.00000406
    -0.00000234      0.00000366     -0.00001053
     0.00006231      0.00001436      0.00002404
     0.00033531     -0.00064449     -0.00022370
     0.00013880     -0.00021672      0.00000709
     0.00010011     -0.00006295      0.00007077
     0.00001114      0.00001027     -0.00000167
     0.00001038     -0.00000927      0.00000946
     0.00000340     -0.00000664      0.00000720
    -0.00000590      0.00000486     -0.00000515
     0.00006438     -0.00007355      0.00005321
     0.00002634     -0.00008068      0.00002780
     0.00002050     -0.00000756     -0.00004513
     0.00001306     -0.00000631      0.00000520
    -0.00000507      0.00001242     -0.00000309
    -0.00000512      0.00000673     -0.00002174
     0.00000111      0.00000105      0.00000046
     0.00000024     -0.00000105     -0.00000078
     0.00000026     -0.00000050      0.00000022
    -0.00000534      0.00001197     -0.00000687
     0.00000060      0.00000012     -0.00000071
     0.00000062      0.00000242     -0.00000136
     0.00014074     -0.00016462      0.00036530
     0.00001118     -0.00001245     -0.00000476
     0.00010349     -0.00010789      0.00008649
     0.00001021      0.00000915      0.00000824
    -0.00000594     -0.00000879     -0.00000063
     0.00000340     -0.00000395      0.00000130
     0.00006340     -0.00033724     -0.00044081
     0.00002049     -0.00002775      0.00001213
     0.00002459      0.00002024      0.00002306
     0.00000788     -0.00002043      0.00008418
    -0.00001159      0.00000438      0.00000440
     0.00000732     -0.00001954     -0.00006167
    -0.00000597     -0.00001083      0.00000065
    -0.00000164      0.00000016      0.00000105
    -0.00000608      0.00000520      0.00000661
    -0.00000419     -0.00001548     -0.00000436
    -0.00000663      0.00000406      0.00000336
    -0.00000431      0.00001179     -0.00000148
    -0.00002458      0.00001857      0.00001785
    -0.00000546      0.00000262      0.00000000
    -0.00002409     -0.00003202     -0.00000043
    -0.00000109      0.00000130     -0.00000031
    -0.00000095      0.00000000      0.00000023
    -0.00000109      0.00000164      0.00000346
     0.00001191     -0.00001176     -0.00001381
    -0.00000215      0.00000274      0.00000119
     0.00001212      0.00003234      0.00007273
    -0.00039886     -0.00048991      0.00002262
    -0.00004409      0.00001585      0.00000478
    -0.00039338      0.00020305      0.00009102
     0.00000938     -0.00000187      0.00001173
     0.00000023      0.00000053      0.00000053
     0.00000945      0.00000895     -0.00000589
    -0.00060598      0.00036583      0.00063873
     0.00002798     -0.00000522     -0.00000324
    -0.00061123     -0.00018825      0.00026789
    -0.00057509     -0.00038135      0.00016293
     0.00001529     -0.00000580     -0.00001026
    -0.00032215      0.00036791      0.00033741
     0.00000010     -0.00000444      0.00000550
     0.00000300     -0.00000175     -0.00000222
     0.00001091      0.00000177     -0.00001199
    -0.00057171      0.00121335      0.00021435
     0.00001478     -0.00000386      0.00000843
    -0.00032452     -0.00023277      0.00007725
    -0.00005582      0.00005699      0.00010622
    -0.00000790      0.00000722      0.00000346
    -0.00001912     -0.00001244     -0.00001963
     0.00001241     -0.00000763     -0.00000681
    -0.00000039     -0.00000123     -0.00000019
     0.00000352     -0.00000035     -0.00000209
    -0.00003176      0.00001113     -0.00000953
    -0.00000572      0.00000296     -0.00000547
    -0.00002320     -0.00000097      0.00000832
    -0.00003178     -0.00000867      0.00001226
    -0.00000625      0.00000141      0.00000887
    -0.00002339     -0.00002387      0.00002850
     0.00001217     -0.00002376     -0.00001219
    -0.00000084      0.00000001      0.00000097
     0.00000309     -0.00000040      0.00000083
    -0.00005694      0.00005462      0.00006386
    -0.00000839      0.00000656      0.00000675
    -0.00001976      0.00006096      0.00008107
