    3    8   12
 12.011  1.000 16.000
    1    1  0.0080  0.0000  0.0000
 -0.404851369846  -0.154771528497   0.240051544096
  0.054534571408  -0.021411369025   0.010474518429
  0.014927244047   0.026758394084  -0.000786377626
 -0.003633163788   0.004381706880   0.006039543829
  0.274364809794   0.115297748616  -0.199165443551
  0.009804740264   0.005679336972  -0.026783019531
  0.059201297674   0.009550663155  -0.025263152715
 -0.004348129554   0.014515047816  -0.004567612931
    1    2  0.0000  0.0080  0.0000
 -0.154696129058  -0.426022713584   0.046542865318
 -0.021437275296   0.068236071919   0.021282320614
  0.009184681358   0.005760656257  -0.009235530452
 -0.002366086482   0.008225778250   0.005555957783
  0.113018816622   0.130050717315  -0.087239899182
  0.015635613428  -0.000791320453  -0.010177852995
  0.040297179934   0.186583520005   0.017337541736
  0.000363199494   0.027957290290   0.015934597177
    1    3  0.0000  0.0000  0.0080
  0.240053877343   0.046623385871  -0.360131996338
  0.010416445301   0.021278131954   0.069318430702
 -0.007616403058  -0.027958716383   0.001640027772
  0.003431361663  -0.001638897117  -0.003824842801
 -0.200115489436  -0.089667292034   0.223143122689
 -0.022879705965   0.000459016180   0.007173635566
 -0.013234045627   0.050062068032   0.065546775884
 -0.010056040221   0.000842303498  -0.002865153474
    3    1  0.0080  0.0000  0.0000
  0.014868694982   0.009188582468  -0.007561263434
 -0.003654143837  -0.002386988556   0.003380039377
 -0.178016047537  -0.045748364124   0.158357852078
  0.000074675364   0.000518586408  -0.000061940061
 -0.005427054910  -0.000078430150  -0.000356077627
  0.003749729703   0.000841792786  -0.000955134854
  0.167420990289   0.037208959695  -0.151397706092
  0.000983155946   0.000455861472  -0.001405769387
    3    2  0.0000  0.0080  0.0000
  0.026795526731   0.005821168297  -0.027967042328
  0.004386452668   0.008215157058  -0.001637453269
 -0.045740138621  -0.051830868255   0.033414358835
  0.000513452333  -0.000280036448  -0.000593189316
  0.002889572931   0.007524830677   0.002073222643
 -0.001792501224  -0.004007337613  -0.000650394572
  0.014326265082   0.037865460397  -0.005003425915
 -0.001378629901  -0.003308374113   0.000363923922
    3    3  0.0000  0.0000  0.0080
 -0.000766991905  -0.009240989136   0.001603422929
  0.006012333999   0.005488944160  -0.003843473094
  0.158341858526   0.033425627183  -0.168147021810
 -0.000049972509  -0.000585409568  -0.000359716467
  0.000747113193   0.005204601059  -0.004464418196
 -0.001946321021  -0.003431957616   0.003286276580
 -0.160219232483  -0.029285777738   0.170769581792
 -0.002118787799  -0.001575038344   0.001155348266
    5    1  0.0080  0.0000  0.0000
  0.274309163642   0.113018142342  -0.200042833577
  0.009834495447   0.015571557937  -0.022850153401
 -0.005383385399   0.002852936300   0.000869094824
  0.003729882550  -0.001851672925  -0.001865426750
 -0.302878090254  -0.155349660243   0.238893048215
  0.004859902657  -0.005386678658  -0.004135489776
  0.018116284074   0.036334379557  -0.012302571290
 -0.002588252716  -0.005189004312   0.001434331754
    5    2  0.0000  0.0080  0.0000
  0.115162506948   0.130031721272  -0.089514587858
  0.005646286816  -0.000711291670   0.000511042088
 -0.000034983319   0.007597431751   0.005232458420
  0.000828994226  -0.003906302594  -0.003388109724
 -0.155394880748  -0.155544204843   0.112979477528
 -0.005356170152  -0.004874588318   0.002702598786
  0.045888387535   0.031247669625  -0.033987008245
 -0.006740141306  -0.003840435224   0.005464129005
    5    3  0.0000  0.0000  0.0080
 -0.199098498590  -0.087099870234   0.223146586907
 -0.026766631611  -0.010131744448   0.007198350548
 -0.000323227831   0.002088782346  -0.004458404862
 -0.000848036568  -0.000602644861   0.003312090757
  0.238991685145   0.113196932383  -0.231979838614
 -0.004143396403   0.002694474895   0.008395838294
 -0.008596910468  -0.023895610582  -0.006893830597
  0.000785016325   0.003749680501   0.001279207567
    7    1  0.0080  0.0000  0.0000
  0.059271903272   0.040306767118  -0.013309859223
 -0.004332849056   0.000406720340  -0.010064083635
  0.167419598511   0.014412595571  -0.160354202798
  0.000983298743  -0.001396588007  -0.002087890712
  0.018014031688   0.045882970006  -0.008644671878
 -0.002575652163  -0.006671855068   0.000754089001
 -0.237086363549  -0.088658839267   0.192713186979
 -0.001693967447  -0.004281770692   0.000993432266
    7    2  0.0000  0.0080  0.0000
  0.009520866669   0.186389523578   0.050027063076
  0.014489604211   0.027971821917   0.000894162636
  0.037173715611   0.037777174521  -0.029367696928
  0.000433409185  -0.003298735232  -0.001561376391
  0.036374437662   0.031219376690  -0.023916784848
 -0.005135380924  -0.003885882378   0.003724432012
 -0.088559752260  -0.280165467849  -0.005609167509
 -0.004296900155   0.003992188754   0.005809367952
    7    3  0.0000  0.0000  0.0080
 -0.025276540908   0.017251934071   0.065651579457
 -0.004559035396   0.015928933963  -0.002897537575
 -0.151487680014  -0.005132828093   0.170774183534
 -0.001393505812   0.000392064256   0.001143389045
 -0.012346838158  -0.034027568259  -0.006931243197
  0.001340132729   0.005396651816   0.001218867058
  0.192738594533  -0.005623096039  -0.230951381766
  0.000984873026   0.005813908285   0.001992143445
