           -19.95000             0.00000
           -19.85000             0.00000
           -19.75000             0.00000
           -19.65000             0.00000
           -19.55000             0.00000
           -19.45000             0.00000
           -19.35000             0.00000
           -19.25000             0.00000
           -19.15000             0.00000
           -19.05000             0.00000
           -18.95000             0.00000
           -18.85000             0.00000
           -18.75000             0.00000
           -18.65000             0.00000
           -18.55000             0.00000
           -18.45000             0.00000
           -18.35000             0.00000
           -18.25000             0.00000
           -18.15000             0.00000
           -18.05000             0.00000
           -17.95000             0.00000
           -17.85000             0.00000
           -17.75000             0.00000
           -17.65000             0.00000
           -17.55000             0.00000
           -17.45000             0.00000
           -17.35000             0.00000
           -17.25000             0.00000
           -17.15000             0.00000
           -17.05000             0.00000
           -16.95000             0.00000
           -16.85000             0.00000
           -16.75000             0.00000
           -16.65000             0.00000
           -16.55000             0.00000
           -16.45000             0.00000
           -16.35000             0.00000
           -16.25000             0.00000
           -16.15000             0.00000
           -16.05000             0.00000
           -15.95000             0.00000
           -15.85000             0.00000
           -15.75000             0.00000
           -15.65000             0.00000
           -15.55000             0.00000
           -15.45000             0.00000
           -15.35000             0.00000
           -15.25000             0.00000
           -15.15000             0.00000
           -15.05000             0.00000
           -14.95000             0.00000
           -14.85000             0.00000
           -14.75000             0.00000
           -14.65000             0.00000
           -14.55000             0.00000
           -14.45000             0.00000
           -14.35000             0.00000
           -14.25000             0.00000
           -14.15000             0.00000
           -14.05000             0.00000
           -13.95000             0.00000
           -13.85000             0.00000
           -13.75000             0.00000
           -13.65000             0.00000
           -13.55000             0.00000
           -13.45000             0.00000
           -13.35000             0.00000
           -13.25000             0.00000
           -13.15000             0.00000
           -13.05000             0.00000
           -12.95000             0.00000
           -12.85000             0.00000
           -12.75000             0.00000
           -12.65000             0.00000
           -12.55000             0.00000
           -12.45000             0.00000
           -12.35000             0.00000
           -12.25000             0.00000
           -12.15000             0.00000
           -12.05000             0.00000
           -11.95000             0.00000
           -11.85000             0.00000
           -11.75000             0.00000
           -11.65000             0.00000
           -11.55000             0.00000
           -11.45000             0.00000
           -11.35000             0.00000
           -11.25000             0.00000
           -11.15000             0.00000
           -11.05000             0.00000
           -10.95000             0.00000
           -10.85000             0.00000
           -10.75000             0.00000
           -10.65000             0.00000
           -10.55000             0.00000
           -10.45000             0.00000
           -10.35000             0.00000
           -10.25000             0.00000
           -10.15000             0.00000
           -10.05000             0.00000
            -9.95000             0.00000
            -9.85000             0.00000
            -9.75000             0.00000
            -9.65000             0.00000
            -9.55000             0.00000
            -9.45000             0.00000
            -9.35000             0.00000
            -9.25000             0.00000
            -9.15000             0.00000
            -9.05000             0.00000
            -8.95000             0.00000
            -8.85000             0.00000
            -8.75000             0.00000
            -8.65000             0.00000
            -8.55000             0.00000
            -8.45000             0.00000
            -8.35000             0.00000
            -8.25000             0.00000
            -8.15000             0.00000
            -8.05000             0.00000
            -7.95000             0.00000
            -7.85000             0.00000
            -7.75000             0.00000
            -7.65000             0.00000
            -7.55000             0.00000
            -7.45000             0.00000
            -7.35000             0.00000
            -7.25000             0.00000
            -7.15000             0.00000
            -7.05000             0.00000
            -6.95000             0.00000
            -6.85000             0.00000
            -6.75000             0.00000
            -6.65000             0.00000
            -6.55000             0.00000
            -6.45000             0.00000
            -6.35000             0.00000
            -6.25000             0.00000
            -6.15000             0.00000
            -6.05000             0.00000
            -5.95000             0.00000
            -5.85000             0.00000
            -5.75000             0.00000
            -5.65000             0.00000
            -5.55000             0.00000
            -5.45000             0.00000
            -5.35000             0.00000
            -5.25000             0.00000
            -5.15000             0.00000
            -5.05000             0.00000
            -4.95000             0.00000
            -4.85000             0.00000
            -4.75000             0.00000
            -4.65000             0.00000
            -4.55000             0.00000
            -4.45000             0.00000
            -4.35000             0.00000
            -4.25000             0.00000
            -4.15000             0.00000
            -4.05000             0.00000
            -3.95000             0.00000
            -3.85000             0.00000
            -3.75000             0.00000
            -3.65000             0.00000
            -3.55000             0.00000
            -3.45000             0.00000
            -3.35000             0.00000
            -3.25000             0.00000
            -3.15000             0.00000
            -3.05000             0.00000
            -2.95000             0.00000
            -2.85000             0.00000
            -2.75000             0.00000
            -2.65000             0.00000
            -2.55000             0.00000
            -2.45000             0.00000
            -2.35000             0.00000
            -2.25000             0.00000
            -2.15000             0.00000
            -2.05000             0.00000
            -1.95000             0.00000
            -1.85000             0.00000
            -1.75000             0.00000
            -1.65000             0.00000
            -1.55000             0.00000
            -1.45000             0.00000
            -1.35000             0.00000
            -1.25000             0.00000
            -1.15000             0.00000
            -1.05000             0.00000
            -0.95000             0.00000
            -0.85000             0.00000
            -0.75000             0.00000
            -0.65000             0.00000
            -0.55000             0.00000
            -0.45000             0.00000
            -0.35000             0.00000
            -0.25000             0.00000
            -0.15000             0.00000
            -0.05000             0.00000
             0.05000             0.00000
             0.15000             0.00025
             0.25000             0.00012
             0.35000             0.00111
             0.45000             0.00173
             0.55000             0.00185
             0.65000             0.00333
             0.75000             0.00407
             0.85000             0.00593
             0.95000             0.00667
             1.05000             0.01025
             1.15000             0.00778
             1.25000             0.01420
             1.35000             0.01580
             1.45000             0.01963
             1.55000             0.02160
             1.65000             0.02457
             1.75000             0.03469
             1.85000             0.03827
             1.95000             0.03963
             2.05000             0.05580
             2.15000             0.06086
             2.25000             0.07432
             2.35000             0.10198
             2.45000             0.12358
             2.55000             0.13457
             2.65000             0.09296
             2.75000             0.05012
             2.85000             0.05210
             2.95000             0.08593
             3.05000             0.22284
             3.15000             0.17210
             3.25000             0.13889
             3.35000             0.12148
             3.45000             0.18975
             3.55000             0.15519
             3.65000             0.14309
             3.75000             0.10630
             3.85000             0.09173
             3.95000             0.09519
             4.05000             0.07877
             4.15000             0.09358
             4.25000             0.10531
             4.35000             0.09531
             4.45000             0.07790
             4.55000             0.08296
             4.65000             0.09395
             4.75000             0.11272
             4.85000             0.11852
             4.95000             0.03852
             5.05000             0.15642
             5.15000             0.19148
             5.25000             0.14086
             5.35000             0.09741
             5.45000             0.17136
             5.55000             0.32123
             5.65000             0.29235
             5.75000             0.19864
             5.85000             0.01247
             5.95000             0.00000
             6.05000             0.00000
             6.15000             0.00000
             6.25000             0.00000
             6.35000             0.00000
             6.45000             0.00000
             6.55000             0.00000
             6.65000             0.00000
             6.75000             0.00000
             6.85000             0.00000
             6.95000             0.00000
             7.05000             0.00000
             7.15000             0.00000
             7.25000             0.00000
             7.35000             0.00000
             7.45000             0.00000
             7.55000             0.00000
             7.65000             0.00000
             7.75000             0.00000
             7.85000             0.02593
             7.95000             0.12296
             8.05000             0.14074
             8.15000             0.14778
             8.25000             0.12432
             8.35000             0.13222
             8.45000             0.13321
             8.55000             0.11173
             8.65000             0.11877
             8.75000             0.12951
             8.85000             0.12148
             8.95000             0.11383
             9.05000             0.10778
             9.15000             0.07185
             9.25000             0.02469
             9.35000             0.01272
             9.45000             0.01000
             9.55000             0.00642
             9.65000             0.00519
             9.75000             0.00309
             9.85000             0.00235
             9.95000             0.00012
            10.05000             0.00000
            10.15000             0.00617
            10.25000             0.02025
            10.35000             0.02136
            10.45000             0.02728
            10.55000             0.03469
            10.65000             0.04136
            10.75000             0.04679
            10.85000             0.06580
            10.95000             0.08827
            11.05000             0.09086
            11.15000             0.08728
            11.25000             0.07605
            11.35000             0.07790
            11.45000             0.06753
            11.55000             0.04136
            11.65000             0.02296
            11.75000             0.02025
            11.85000             0.02407
            11.95000             0.06691
            12.05000             0.09099
            12.15000             0.12136
            12.25000             0.15716
            12.35000             0.16185
            12.45000             0.09185
            12.55000             0.06593
            12.65000             0.05543
            12.75000             0.01407
            12.85000             0.00815
            12.95000             0.01049
            13.05000             0.00963
            13.15000             0.01198
            13.25000             0.01519
            13.35000             0.01407
            13.45000             0.01753
            13.55000             0.02000
            13.65000             0.01889
            13.75000             0.02049
            13.85000             0.02778
            13.95000             0.02741
            14.05000             0.02605
            14.15000             0.03296
            14.25000             0.03556
            14.35000             0.03531
            14.45000             0.04333
            14.55000             0.05444
            14.65000             0.06926
            14.75000             0.07198
            14.85000             0.05444
            14.95000             0.05333
            15.05000             0.03123
            15.15000             0.02222
            15.25000             0.01556
            15.35000             0.01494
            15.45000             0.00790
            15.55000             0.00877
            15.65000             0.00642
            15.75000             0.00593
            15.85000             0.00432
            15.95000             0.00296
            16.05000             0.00346
            16.15000             0.00259
            16.25000             0.00210
            16.35000             0.00259
            16.45000             0.00160
            16.55000             0.00272
            16.65000             0.00272
            16.75000             0.00296
            16.85000             0.00321
            16.95000             0.00481
            17.05000             0.00605
            17.15000             0.00753
            17.25000             0.00901
            17.35000             0.01173
            17.45000             0.01778
            17.55000             0.03074
            17.65000             0.05025
            17.75000             0.07827
            17.85000             0.08407
            17.95000             0.08494
            18.05000             0.07198
            18.15000             0.06407
            18.25000             0.05691
            18.35000             0.05667
            18.45000             0.06173
            18.55000             0.10667
            18.65000             0.02185
            18.75000             0.00000
            18.85000             0.00000
            18.95000             0.00000
            19.05000             0.00000
            19.15000             0.00000
            19.25000             0.00000
            19.35000             0.00000
            19.45000             0.00000
            19.55000             0.00000
            19.65000             0.00000
            19.75000             0.00000
            19.85000             0.00000
            19.95000             0.00000
            20.05000             0.00000
            20.15000             0.00000
            20.25000             0.00000
            20.35000             0.00000
            20.45000             0.00000
            20.55000             0.00000
            20.65000             0.00000
            20.75000             0.00000
            20.85000             0.00000
            20.95000             0.00000
            21.05000             0.00000
            21.15000             0.00000
            21.25000             0.00000
            21.35000             0.00000
            21.45000             0.00000
            21.55000             0.00000
            21.65000             0.00000
            21.75000             0.00000
            21.85000             0.00000
            21.95000             0.00000
            22.05000             0.00000
            22.15000             0.00000
            22.25000             0.00000
            22.35000             0.00000
            22.45000             0.00000
            22.55000             0.00000
            22.65000             0.00000
            22.75000             0.00000
            22.85000             0.00000
            22.95000             0.00000
            23.05000             0.00000
            23.15000             0.00000
            23.25000             0.00000
            23.35000             0.00000
            23.45000             0.00000
            23.55000             0.00000
            23.65000             0.00000
            23.75000             0.00000
            23.85000             0.00000
            23.95000             0.00000
            24.05000             0.00000
            24.15000             0.00000
            24.25000             0.00000
            24.35000             0.00000
            24.45000             0.00000
            24.55000             0.00000
            24.65000             0.00000
            24.75000             0.00000
            24.85000             0.00000
            24.95000             0.00000
            25.05000             0.00000
            25.15000             0.00000
            25.25000             0.00000
            25.35000             0.00000
            25.45000             0.00000
            25.55000             0.00000
            25.65000             0.00000
            25.75000             0.00000
            25.85000             0.00000
            25.95000             0.00000
            26.05000             0.00000
            26.15000             0.00000
            26.25000             0.00000
            26.35000             0.00000
            26.45000             0.00000
            26.55000             0.00000
            26.65000             0.00000
            26.75000             0.00000
            26.85000             0.00000
            26.95000             0.00000
            27.05000             0.00000
            27.15000             0.00000
            27.25000             0.00000
            27.35000             0.00000
            27.45000             0.00000
            27.55000             0.00000
            27.65000             0.00000
            27.75000             0.00000
            27.85000             0.00000
            27.95000             0.00000
            28.05000             0.00000
            28.15000             0.00000
            28.25000             0.00000
            28.35000             0.00000
            28.45000             0.00000
            28.55000             0.00000
            28.65000             0.00000
            28.75000             0.00000
            28.85000             0.00000
            28.95000             0.00000
            29.05000             0.00000
            29.15000             0.00000
            29.25000             0.00000
            29.35000             0.00000
            29.45000             0.00000
            29.55000             0.00000
            29.65000             0.00000
            29.75000             0.00000
            29.85000             0.00000
            29.95000             0.00000
