    4    6   18
 12.011 16.000 14.001  1.000
    1    1  0.0080  0.0000  0.0000
 -0.519888534758  -0.060146374532   0.090235905628
  0.219377752958   0.140898899433  -0.124323545490
  0.223650049057  -0.028784143184  -0.001416258384
  0.004928545249  -0.000915710205   0.000998786026
  0.005402003329  -0.003655648591   0.002022128845
  0.066530184165  -0.047397022920   0.032482983375
    1    2  0.0000  0.0080  0.0000
 -0.060190282991  -0.440416886515   0.236368629657
  0.144053368827   0.224540133033  -0.145454363166
 -0.039717655016   0.085908618675  -0.037130950689
  0.021158684726  -0.001910720744   0.004584721236
 -0.024638611457   0.000671401302   0.001988675508
 -0.040665504089   0.131207454249  -0.060356712545
    1    3  0.0000  0.0000  0.0080
  0.090232653428   0.236300660563  -0.317584463236
 -0.126660487733  -0.145049695428   0.173973569055
  0.006711814119  -0.038383084490   0.057346614466
 -0.015370540345   0.007174061082   0.004087493762
  0.017609916245  -0.000491177867  -0.002262075750
  0.027476644286  -0.059550763860   0.084438861704
    2    1  0.0080  0.0000  0.0000
  0.219413847795   0.144151291246  -0.126681051883
 -0.262985335510  -0.184094855285   0.164943807517
  0.051861549090   0.032450973317  -0.031713211771
  0.005548459356  -0.001437379349  -0.000345086947
 -0.003475386776   0.001539722222  -0.000291517240
 -0.010363133953   0.007390247849  -0.005912939677
    2    2  0.0000  0.0080  0.0000
  0.141005350126   0.224637907437  -0.145188527945
 -0.184035609283  -0.222589995397   0.170394306359
  0.025788361915  -0.014642134658  -0.001801226427
 -0.002421973819  -0.003384635897  -0.001866603760
  0.003429439654   0.001384238766   0.001472995890
  0.016234431408   0.014594619749  -0.023010944117
    2    3  0.0000  0.0000  0.0080
 -0.124377945665  -0.145490130137   0.173993557632
  0.164856600611   0.170247050412  -0.168158897965
 -0.026776271608  -0.002529582210  -0.007867001495
  0.000417765060  -0.001971839038  -0.004821533249
 -0.001677626067   0.001708237817   0.002880350385
 -0.012442522331  -0.021963736844   0.003973524693
    3    1  0.0080  0.0000  0.0000
  0.223587253388  -0.039805452000   0.006797744049
  0.052003073512   0.025975049462  -0.026775273567
 -0.540157580075   0.015636652910   0.050551661020
  0.144038189544   0.094565956411  -0.087433168227
  0.107382112097  -0.089594103378   0.054295655910
  0.013146951535  -0.006778103405   0.002563380815
    3    2  0.0000  0.0080  0.0000
 -0.028734969992   0.085835780738  -0.038382622526
  0.032435968265  -0.014610654518  -0.002550236898
  0.015626750216  -0.411511979978   0.295932894645
  0.095720081908   0.148632275156  -0.123340778240
 -0.091676236455   0.191106214611  -0.128417599452
 -0.023371593943   0.000548363990  -0.003241657530
    3    3  0.0000  0.0000  0.0080
 -0.001424886287  -0.037107931888   0.057293034721
 -0.031682034740  -0.001757787095  -0.007882614519
  0.050557209995   0.295856535121  -0.236051046295
 -0.088237440695  -0.123189416338   0.099426837305
  0.055873110847  -0.128625195903   0.092625260722
  0.014914040880  -0.005176203897  -0.005411471934
    4    1  0.0080  0.0000  0.0000
  0.004899294790   0.021131550227  -0.015389172274
  0.005573371197  -0.002463945032   0.000444068773
  0.144016538714   0.095772396411  -0.088205172654
 -0.143926522258  -0.105105971948   0.094397224700
 -0.010203395388  -0.008345648545   0.007858888396
 -0.000359287054  -0.000988381113   0.000894163059
    4    2  0.0000  0.0080  0.0000
 -0.000922677673  -0.001873037924   0.007158646733
 -0.001448035438  -0.003314503595  -0.001924523102
  0.094525363916   0.148624646535  -0.123147990733
 -0.105086339481  -0.150950075657   0.121189930459
  0.012834694633   0.006934033817  -0.003649655099
  0.000096994043   0.000578936823   0.000373591742
    4    3  0.0000  0.0000  0.0080
  0.001003664479   0.004580448571   0.004110828904
 -0.000305541090  -0.001810956071  -0.004753343716
 -0.087345951562  -0.123301242574   0.099438245087
  0.094391423762   0.121196397102  -0.105344942334
 -0.007855354055  -0.001157641300   0.005828355598
  0.000111758467   0.000492994273   0.000720856461
    5    1  0.0080  0.0000  0.0000
  0.005354438240  -0.024643437731   0.017598014560
 -0.003442623714   0.003437549342  -0.001671520061
  0.107367867831  -0.091637019061   0.055853736857
 -0.010196150077   0.012787888353  -0.007820103798
 -0.103627432526   0.100639542629  -0.063291147038
  0.004543900246  -0.000584523531  -0.000668980521
    5    2  0.0000  0.0080  0.0000
 -0.003658794671   0.000718198771  -0.000482878885
  0.001535241703   0.001464352184   0.001763053497
 -0.089571655144   0.191089129225  -0.128562626814
 -0.008361716599   0.006924859925  -0.001189293499
  0.100673976933  -0.197812220483   0.130281341829
 -0.000617052222  -0.002384319621  -0.001809596129
    5    3  0.0000  0.0000  0.0080
  0.002021684996   0.001996869075  -0.002227090195
 -0.000250298785   0.001543628870   0.002975570898
  0.054328464719  -0.128337260579   0.092648583429
  0.007869834221  -0.003662744109   0.005798381936
 -0.063309986940   0.130263478435  -0.095695338770
 -0.000659698211  -0.001803971692  -0.003500107299
    6    1  0.0080  0.0000  0.0000
  0.066439598905  -0.040675785040   0.027500498861
 -0.010278931257   0.016296700987  -0.012487390978
  0.013125344018  -0.023344489559   0.014945603875
 -0.000336608734   0.000028977302   0.000137041167
  0.004572694964  -0.000636650627  -0.000653675277
 -0.073522097895   0.048331246936  -0.029442077648
    6    2  0.0000  0.0080  0.0000
 -0.047519613051   0.131192275801  -0.059568903398
  0.007363215888   0.014707391242  -0.021911079551
 -0.006645583829   0.000549874211  -0.005132042398
 -0.000962552935   0.000591206553   0.000482910594
 -0.000578304305  -0.002375801479  -0.001793136440
  0.048342838232  -0.144664946329   0.087922251193
    6    3  0.0000  0.0000  0.0080
  0.032523678164  -0.060373139388   0.084372848861
 -0.005868408758  -0.022949306514   0.004088189584
  0.002567339091  -0.003178864326  -0.005357257538
  0.000889116053   0.000367361627   0.000726254284
 -0.000673815572  -0.001778429732  -0.003470105550
 -0.029437908977   0.087912378333  -0.080359929641
