#  T(K)     E(eV/cell)    F(eV/cell)    Fc(eV/cell)   S(kB/cell)    Cv(kB/cell)
   10.00   10.36886555   10.36863680    0.58756985    0.26545926    0.76961921
   20.00   10.37059707   10.36791736    1.00311394    1.55482755    3.34502832
   30.00   10.37460150   10.36580120    1.35372798    3.40408415    5.89307501
   40.00   10.38064914   10.36200828    1.66217636    5.40792142    8.08304429
   50.00   10.38843878   10.35648000    1.93927064    7.41727962    9.94843527
   60.00   10.39772627   10.34923914    2.19137869    9.37777263   11.57412939
   70.00   10.40834112   10.34033631    2.42270819   11.27368986   13.04109579
   80.00   10.42017477   10.32982771    2.63624969   13.10534653   14.41161201
   90.00   10.43316446   10.31776615    2.83423926   14.87926347   15.73034589
  100.00   10.44727980   10.30419780    3.01841249   16.60387522   17.02834207
  110.00   10.46251262   10.28916146    3.19015593   18.28767646   18.32680433
  120.00   10.47886992   10.27268888    3.35060283   19.93847564   19.64006208
  130.00   10.49636884   10.25480545    3.50069687   21.56315154   20.97765993
  140.00   10.51503321   10.23553107    3.64123607   23.16762808   22.34573175
  150.00   10.53489101   10.21488092    3.77290411   24.75693490   23.74788381
  160.00   10.55597243   10.19286620    3.89629332   26.33529505   25.18577875
  170.00   10.57830844   10.16949477    4.01192183   27.90621590   26.65954896
  180.00   10.60192956   10.14477178    4.12024669   29.47257470   28.16811329
  190.00   10.62686495   10.11870010    4.22167410   31.03669649   29.70943540
  200.00   10.65314171   10.09128085    4.31656741   32.60042413   31.28074207
  210.00   10.68078426   10.06251372    4.40525361   34.16518116   32.87871049
  220.00   10.70981401   10.03239734    4.48802852   35.73202813   34.49962901
  230.00   10.74024904   10.00092957    4.56516101   37.30171296   36.13953468
  240.00   10.77210395    9.96810773    4.63689657   38.87471609   37.79433002
  250.00   10.80538979    9.93392885    4.70346020   40.45129071   39.45988100
  260.00   10.84011406    9.89838981    4.76505889   42.03149859   41.13209836
  270.00   10.87628079    9.86148751    4.82188370   43.61524207   42.80700403
  280.00   10.91389063    9.82321899    4.87411152   45.20229220   44.48078414
  290.00   10.95294104    9.78358154    4.92190660   46.79231377   46.14983021
  300.00   10.99342648    9.74257277    4.96542185   48.38488719   47.81076984
