    2   12   18
 12.011  1.000
    1    1  0.0080  0.0000  0.0000
 -0.299636834336   0.078512098405  -0.176003810514
  0.021668781022   0.006434233152   0.019328411595
  0.096752859527   0.013716141920   0.054727332390
  0.004840647540  -0.042302267706  -0.003498813746
 -0.025144388925   0.022276761329  -0.012520424746
  0.142436512187  -0.022914603290   0.089036496353
  0.054711311500  -0.060045251645   0.007706265039
  0.000674526397   0.000370076086   0.000042372509
  0.004820173500   0.011991778176   0.011397572232
 -0.003131516976  -0.001481024180   0.001869375895
 -0.002563029430  -0.002954398641   0.001958281116
  0.004570957995  -0.003603543605   0.005956941877
    1    2  0.0000  0.0080  0.0000
  0.078551953045  -0.517381669053  -0.058640495938
  0.006440679923   0.002003470951   0.005629736878
  0.043585917747   0.150571158878   0.078668658143
 -0.021369647964   0.005082373750  -0.018198882062
  0.001344072534   0.033430233476   0.014338064209
 -0.052779920207   0.107411883177  -0.033735793680
 -0.060094823244   0.228141842655   0.005624015139
  0.000371466426  -0.000391243927  -0.000006953531
 -0.003960942773  -0.008024303270  -0.005885035980
 -0.002129918727   0.003740839326   0.000888947386
 -0.002308622021   0.003203612975   0.000527852721
  0.012349785261  -0.007788198937   0.010789886715
    1    3  0.0000  0.0000  0.0080
 -0.175995470324  -0.058612643684  -0.299560618409
  0.019325726681   0.005634213459   0.026317705216
  0.064671509739   0.048276168521   0.129298502057
  0.003457874485  -0.039496319474  -0.015173342302
 -0.019480786155   0.035636846752  -0.013515072006
  0.079101941165  -0.003377742413   0.126791377809
  0.007706540211   0.005621132803   0.037218398643
  0.000039779608  -0.000006679990   0.000795739500
  0.006086763934   0.010346924425   0.007176096508
  0.001650198186   0.001550140873  -0.003255505046
  0.002172338770  -0.000129428399  -0.003283166835
  0.011263583700  -0.005442612874   0.007189884866
    3    1  0.0080  0.0000  0.0000
  0.096765590354   0.043589751832   0.064671294054
  0.004838669546  -0.021362622880   0.003456738484
 -0.329310950260   0.074181847706  -0.207626297503
  0.002564450436   0.003630939295  -0.001041477248
  0.085088796772  -0.061169928717   0.017910082476
  0.012498343727   0.006866107520   0.020637732835
 -0.005850240878  -0.005529472332  -0.005276496537
 -0.000425052359  -0.001733296362   0.004545160786
  0.140082188025  -0.047568203686   0.098755973689
  0.000106272803   0.000282878934  -0.000558860388
 -0.005785764547   0.010829892958   0.000225789833
 -0.000572303617  -0.002017894268   0.004300359519
    3    2  0.0000  0.0080  0.0000
  0.013714092822   0.150589069634   0.048286823030
 -0.042304480373   0.005081787454  -0.039499376423
  0.074207246565  -0.460389895277  -0.044109554397
  0.003640928661   0.038714201019   0.014995506027
 -0.031348605496   0.217714029031   0.024774068611
  0.027796417928  -0.038930032205   0.017181368461
  0.010425769862   0.012476573047   0.015576773306
 -0.001086015032  -0.001465323182   0.000220990129
 -0.047543224919   0.064027474423  -0.036226121647
  0.000285429415   0.000697307029   0.000270580046
 -0.005122732144   0.012113047946  -0.000364418047
 -0.002664827289  -0.000628238918  -0.001106639097
    3    3  0.0000  0.0000  0.0080
  0.054750001174   0.078688237887   0.129311247743
 -0.003514868251  -0.018185613538  -0.015171334421
 -0.207585663795  -0.044080209292  -0.326861153928
 -0.001056191993   0.014998171969   0.008693931055
  0.027872101809  -0.005648162182   0.073936116122
  0.027608805348  -0.004134020222   0.021169322162
  0.000025044820  -0.000661633917  -0.002656914952
  0.004748031883  -0.000429482167  -0.000760708601
  0.098738719724  -0.036234759146   0.115882493525
 -0.000572169206   0.000272276558   0.000267180683
 -0.005086924322   0.015871069534  -0.002354796652
  0.004073112809  -0.000455875485  -0.001455382736
    5    1  0.0080  0.0000  0.0000
 -0.025141785920   0.001338941296  -0.019497725330
  0.142451759095  -0.052799778317   0.079113637517
  0.085079300458  -0.031312374550   0.027863290166
  0.012510238158   0.027790010626   0.027617829359
 -0.305703931215   0.039831222103  -0.195004254644
  0.017783132624  -0.018504667692   0.007070606019
 -0.002010447127   0.001221921294   0.003904010434
  0.002399705509  -0.001579030268   0.004418896261
  0.002706075004  -0.017489920445  -0.000560102312
 -0.002723541432   0.000473369595   0.002928802724
  0.072089809589   0.051401737537   0.062472344146
  0.000559685258  -0.000371431179  -0.000327334340
    5    2  0.0000  0.0080  0.0000
  0.022263481708   0.033427662330   0.035620545954
 -0.022919546624   0.107397473493  -0.003362665701
 -0.061244384030   0.217753327814  -0.005627157915
  0.006876016281  -0.038929609657  -0.004107520905
  0.039844772331  -0.482717010908  -0.086490763444
 -0.018494871576   0.024335169893  -0.012313094202
  0.000576237401   0.000039899123   0.002412085632
 -0.017535269616   0.004675403550  -0.015467335366
 -0.001535065992   0.004085721967   0.000616823815
  0.001121900995   0.001406181925   0.003422335902
  0.051415691559   0.128257356533   0.085835545040
 -0.000368962437   0.000268423936  -0.000538798811
    5    3  0.0000  0.0000  0.0080
 -0.012518713796   0.014343930696  -0.013509921674
  0.089049997324  -0.033769590281   0.126801955462
  0.017914102990   0.024758495146   0.073919880119
  0.020648469033   0.017162098448   0.021174188312
 -0.195003145019  -0.086451263492  -0.328175793285
  0.007063347008  -0.012322999730   0.007867141195
  0.003689911623   0.003068133129  -0.000672367378
 -0.000889974679   0.000771475790  -0.003108283699
  0.004745897411  -0.015620576185  -0.002826964049
  0.003141863619   0.002761527257  -0.001331395802
  0.062486238088   0.085840843599   0.119615180626
 -0.000327993603  -0.000542074376   0.000246380174
    7    1  0.0080  0.0000  0.0000
  0.054746196244  -0.060034066010   0.007713423529
  0.000638635538   0.000379319252   0.000042950421
 -0.005838693801   0.010405021173   0.000044501132
 -0.000426276100  -0.001085517279   0.004764119629
 -0.002041692209   0.000584973473   0.003687023173
  0.002406867221  -0.017535135150  -0.000886904687
 -0.051945351058   0.066430344589  -0.011351221760
  0.000386974637   0.000107247265  -0.000483044218
  0.001134435339   0.000225490358  -0.001887078117
  0.000150549490  -0.000867402021   0.000031493169
 -0.000218086016   0.000502017631   0.000127134554
  0.001006440714   0.000887706719  -0.001802396825
    7    2  0.0000  0.0080  0.0000
 -0.060047640828   0.228144082294   0.005631901486
  0.000360963080  -0.000387223613  -0.000001546054
 -0.005519250080   0.012487839908  -0.000649187552
 -0.001736878395  -0.001466854031  -0.000428236277
  0.001210839375   0.000045097880   0.003074025676
 -0.001602920551   0.004716422972   0.000749902533
  0.066474037647  -0.243668716818  -0.007100812551
  0.000106244540   0.000094408232  -0.000151541697
  0.000705169429  -0.000520188827  -0.000470005743
 -0.000021220782   0.000305323701   0.000142142157
 -0.000342024070   0.000648566639  -0.000069697108
  0.000412680635  -0.000398758337  -0.000726944870
    7    3  0.0000  0.0000  0.0080
  0.007727497348   0.005619968167   0.037274532589
  0.000049923659   0.000000230834   0.000789874943
 -0.005279861099   0.015569063613  -0.002653559368
  0.004549839856   0.000215190227  -0.000769034211
  0.003913728279   0.002423857425  -0.000681594198
  0.004403969080  -0.015437793299  -0.003116550977
 -0.011348565875  -0.007107307131  -0.033021510162
 -0.000481922718  -0.000155273891   0.000354532148
 -0.001735704348  -0.000955964322   0.000980591524
  0.000317108446  -0.000722241526  -0.000084898264
 -0.000160136364   0.000788705581  -0.000067757087
 -0.001955876264  -0.000238435678   0.000995373063
    9    1  0.0080  0.0000  0.0000
  0.004834265543  -0.003961307453   0.006125973445
 -0.003132163053  -0.002129250272   0.001664727084
  0.140093785293  -0.047554060968   0.098721277997
  0.000108548776   0.000276928012  -0.000554619777
  0.002728564036  -0.001544092916   0.004753874275
 -0.002734616025   0.001118729985   0.003159867782
  0.001128515036   0.000708084384  -0.001742462276
  0.000150353688  -0.000017722903   0.000314595936
 -0.145046439694   0.052815522059  -0.110575066589
  0.000465036062   0.000119860526  -0.000400718859
  0.001161978735   0.000438578201  -0.001792007451
  0.000242171603  -0.000271268654   0.000324558433
    9    2  0.0000  0.0080  0.0000
  0.011978175438  -0.008024294964   0.010328326301
 -0.001495006392   0.003735637672   0.001548202433
 -0.047514866167   0.064097687392  -0.036221732596
  0.000280057335   0.000699334440   0.000277092633
 -0.017472713389   0.004077256525  -0.015609704716
  0.000472955867   0.001401036466   0.002773890042
  0.000227642878  -0.000519425974  -0.000955768378
 -0.000868432319   0.000310190377  -0.000718725791
  0.052788223651  -0.064801526114   0.038516129428
  0.000116352609  -0.000051036866  -0.000190469643
  0.000916707986  -0.000699877057  -0.000315064154
  0.000570902502  -0.000224981897   0.000567824442
    9    3  0.0000  0.0000  0.0080
  0.011386420032  -0.005885631965   0.007171691557
  0.001871985513   0.000895601075  -0.003271604557
  0.098705004511  -0.036176305235   0.115928993340
 -0.000550463450   0.000271829893   0.000264736337
 -0.000534000888   0.000586387581  -0.002802662254
  0.002950258161   0.003414816067  -0.001336622420
 -0.001890930077  -0.000470687836   0.000977786052
  0.000035281453   0.000140251308  -0.000091543835
 -0.110560192632   0.038516790931  -0.118746290801
 -0.000396852660  -0.000191692836   0.000421914296
 -0.001627066595  -0.000806122200   0.001134454444
  0.000610556631  -0.000295236783   0.000349147841
   11    1  0.0080  0.0000  0.0000
 -0.002577426788  -0.002317258014   0.002183766241
  0.004579960742   0.012346438337   0.011258467275
 -0.005793699629  -0.005077698536  -0.005059078540
 -0.000574385301  -0.002658081264   0.004098820005
  0.072157034929   0.051353270896   0.062456869680
  0.000558870114  -0.000374802820  -0.000307995651
 -0.000213789264  -0.000342488174  -0.000158262872
  0.001002435428   0.000418570911  -0.001958226957
  0.001161659810   0.000914668136  -0.001636525559
  0.000240331667   0.000576703165   0.000607487194
 -0.070943320836  -0.055046659378  -0.071053681145
  0.000402329127   0.000207336738  -0.000431639671
   11    2  0.0000  0.0080  0.0000
 -0.002954169304   0.003214667844  -0.000113843666
 -0.003569929107  -0.007779294189  -0.005413254510
  0.010829738199   0.012138631146   0.015865405050
 -0.002019578388  -0.000625254862  -0.000440390770
  0.051410624667   0.128280701490   0.085807864103
 -0.000373819197   0.000278577392  -0.000530577230
  0.000505591028   0.000652255597   0.000790573391
  0.000889930654  -0.000398237190  -0.000243878152
  0.000432037156  -0.000697997673  -0.000809575824
 -0.000275532241  -0.000220172484  -0.000294452308
 -0.055080814101  -0.134851966361  -0.094536091685
  0.000205920634   0.000008089288  -0.000081778400
   11    3  0.0000  0.0000  0.0080
  0.001969091686   0.000530471432  -0.003292731956
  0.005973151758   0.010790274390   0.007209741493
  0.000223103514  -0.000328957630  -0.002339496047
  0.004310108720  -0.001097237111  -0.001452396816
  0.062470282550   0.085819006265   0.119634960532
 -0.000310015087  -0.000531007402   0.000244362764
  0.000124755212  -0.000075253078  -0.000069925495
 -0.001798582351  -0.000726143864   0.000988884250
 -0.001785214033  -0.000326085090   0.001135534776
  0.000326117146   0.000566884562   0.000348870988
 -0.071071868381  -0.094538179786  -0.122833014033
 -0.000430930734  -0.000083772688   0.000425209544
