    3   22   66
  1.000 12.011 14.001
    1    1  0.0080  0.0000  0.0000
 -0.246427882359  -0.000387687403  -0.000669996887
  0.006667280441   0.000559127629   0.000971272222
 -0.000150752499  -0.000052314308   0.000072571564
  0.000545817924  -0.000135325120  -0.000160222535
 -0.000525853246  -0.000314726697  -0.000424308255
 -0.000342775067   0.000085577323  -0.000074543837
 -0.000147768771   0.000090065681  -0.000007093772
  0.000546732935  -0.000074634122  -0.000195015344
 -0.000529812065  -0.000212337316  -0.000483714235
 -0.000342107646  -0.000111396228   0.000034614419
 -0.000025772117   0.000030066449  -0.000056608649
 -0.000025083486  -0.000065148128  -0.000001065241
  0.224586982212   0.001486123942   0.002570361018
 -0.001884235681   0.001172108518  -0.001876458047
  0.000174323588   0.000137008281   0.001340832426
 -0.001884365714  -0.002209323636   0.000078544942
  0.000166816197   0.001085890317   0.000787658160
  0.000076299911   0.000204410962   0.000340581397
  0.009650792914   0.003931982809  -0.003244020680
  0.009644911847  -0.004780878478   0.001777539138
  0.000239564682  -0.000023374592  -0.000067200212
 -0.000013114001  -0.000415215885  -0.000713727592
    1    2  0.0000  0.0080  0.0000
 -0.847395646819   0.033190032576   0.170643234449
  0.785137722887   0.773238326185   1.093437565166
  0.489500897294   0.855995012610   1.147640401314
  0.369854266806   0.779353479651  -0.466711302887
 -1.262164754781  -0.519071707414  -0.314594640429
 -0.022358804491  -0.064322158165  -1.130562397072
  1.270239646124   1.531881517354   2.582086458800
  1.047203315506  -2.632790349335  -0.048757858985
 -0.746306152167  -0.765681169089  -0.582072194283
 -0.272282854925  -1.007666997147  -0.551473035951
  0.249420621416  -0.679838268788  -1.336700746214
  0.281433543738  -0.892678075065  -0.721486381225
 -2.296963299822   3.543300028651   3.835993570369
  0.460203668169   7.575786959513   1.967504123606
 -1.872573646286  -0.073069531345  -2.462030459718
  0.377015245208   0.653688351574   1.083041701076
 -3.430137810020  -6.105813666515  -4.365100562251
  0.029643645519  -4.849726175106  -5.407241932089
 -1.228176181632   6.814316791177  -0.187954217921
  0.847706648269   0.221029884826   8.232027279911
  7.517684744221  -3.005621619639   3.370295649309
 -1.746684814214  -2.185500666510  -5.907984254976
    1    3  0.0000  0.0000  0.0080
 -0.904080589674  -0.226055307210   0.692385141041
  0.213368823255   0.290495178790   1.070893146226
  0.725536347620   0.393280548465   0.599293937951
  1.163154984709   0.778767910325  -0.733687778298
 -1.180667582744  -0.380924150629  -0.152549741788
  0.615486993181   0.268219794051  -0.888040210736
  0.736496042873   2.178511672829   2.025787655614
  1.175272494758  -4.258495221065  -0.787787897665
 -0.539220635195  -0.517890314631   0.174329274166
  0.174942560860  -1.126024250322   0.032133611749
  1.109409526794  -0.128483672165  -1.179238432094
  0.920067930346  -1.309141461261  -0.466575469134
 -3.538985546858   1.536600343669   5.942036580314
  3.408157970394   4.121149455559   1.638753212646
 -1.917578929568   1.373254983648  -3.452559188108
 -0.602581123230   3.545426629364  -0.593290645613
 -2.787069057327  -3.762897644219   0.061134426713
  5.567618670866  -4.066008102769  -5.383117100027
  0.075311361557   6.493519388693  -1.424035076347
 -4.676732652022  -3.740210072186   3.339395152067
  8.175368928883   2.098728267094   2.645771412338
 -7.913276519478  -3.561823976031  -3.161032011015
    2    1  0.0080  0.0000  0.0000
  0.006658459094   0.010878227857   0.018839946850
 -0.063915240586  -0.032646137715  -0.056539164981
 -0.000063548307   0.000149724414  -0.000038238661
 -0.000154799003  -0.000060757326   0.000063967491
 -0.000342894067  -0.000062384626  -0.000144288397
 -0.000483022663  -0.000183534485  -0.000292608345
 -0.000061328673  -0.000108476087   0.000108035725
 -0.000154692716   0.000097500378  -0.000019308173
 -0.000344169864  -0.000092928384  -0.000126590488
 -0.000484364052  -0.000154964680  -0.000304480858
 -0.000005838187  -0.000024128278   0.000032089811
 -0.000006939295   0.000043980432  -0.000005644924
  0.064881325511   0.032303756985   0.055959874586
 -0.000480398188  -0.000591171407  -0.001250401009
  0.000494799821   0.001094349908  -0.001235159352
 -0.000476210782  -0.000784914360  -0.001136252409
  0.000499459708  -0.001613679306   0.000335317612
 -0.000101948710  -0.000066760519  -0.000113848382
 -0.002900343972  -0.003242834555  -0.007840437411
 -0.002902092522  -0.005176727353  -0.006732570846
  0.000170056844   0.000178952931   0.000320230938
  0.000173730612   0.000062906177   0.000119531223
    2    2  0.0000  0.0080  0.0000
  0.000566254699  -0.001003337402  -0.000236346542
 -0.032659018612  -0.090478548390  -0.076510743113
 -0.000003681770  -0.000001778070   0.000166937651
 -0.000148934252  -0.000014663022  -0.000014631575
  0.000081369947   0.000089491599   0.000084067694
 -0.000187083905  -0.000402642189  -0.000705495832
 -0.000684322128  -0.000337608101  -0.000387966915
  0.000057468508  -0.000093638749  -0.000320002593
  0.000021829392  -0.000152571219  -0.000172814988
  0.000341228656   0.000743688683   0.001364166832
 -0.000087898529  -0.000040784598   0.000007217806
  0.000045273757   0.000002651822  -0.000009480888
  0.029726155373   0.075570024305   0.072202674809
 -0.000667303686  -0.000262973520  -0.000312820990
  0.001284902989   0.000929784421  -0.002347258116
  0.002135884556  -0.000227059456   0.000867743317
 -0.003173067590   0.004084099804  -0.002113578928
  0.000232025679   0.000001753635  -0.000029421609
 -0.003896165579  -0.006192510431  -0.012046272828
  0.007470880859   0.018772825835   0.019750924789
 -0.000432587271  -0.000134523484   0.000159481739
 -0.000023211093  -0.000851681473   0.000603620284
    2    3  0.0000  0.0000  0.0080
  0.000968679785  -0.000238644135  -0.001273547184
 -0.056557621176  -0.076540951250  -0.178842214404
 -0.000784833118  -0.000185135277  -0.000453863783
 -0.000011584771  -0.000270264010  -0.000287970036
  0.000071205292  -0.000031142224  -0.000202759811
  0.000292281228   0.000707417718   0.001119704341
 -0.000393692077  -0.000019949570  -0.000115185204
 -0.000130968982  -0.000061068306  -0.000204819601
  0.000107146067  -0.000054332490   0.000040189152
 -0.000012537247  -0.000046558848  -0.000019750615
  0.000007009033  -0.000032097429   0.000000561619
 -0.000069790032   0.000030635881  -0.000040978637
  0.051434870264   0.072219811336   0.158956348590
  0.002089732061   0.000860655398   0.000088575916
 -0.002923093668  -0.003930183790   0.001520301101
  0.000469431459  -0.000302280524   0.000070451188
 -0.000349053108  -0.000515865176  -0.001636566197
  0.000404438350  -0.000028947300  -0.000033013784
  0.006369931086   0.005322717847   0.023184497529
 -0.000195816595   0.002357356217  -0.001769229728
 -0.000746551593   0.000155498254   0.000048745818
 -0.000039182261   0.000603327678  -0.000149476271
    3    1  0.0080  0.0000  0.0000
 -0.000170407090  -0.000281332109  -0.000094542025
 -0.000059317948   0.000014478104  -0.000721504833
 -0.066967907773  -0.029255200893  -0.055851745592
 -0.003743293762  -0.004065592615  -0.005957318489
  0.000528343455   0.000851605731   0.001289829432
 -0.000163938445  -0.000144661794  -0.000000050388
 -0.000063613084   0.000151705270   0.000069654303
  0.000023269300   0.000026043324  -0.000093223818
 -0.000032451546  -0.000024229506   0.000026997747
 -0.000011908954   0.000051294114  -0.000079084171
  0.000026980910   0.000005292346   0.000253965796
 -0.000304314158  -0.000416109583  -0.000387248826
 -0.000679610283   0.000004941485   0.002451051362
  0.054936021429   0.029703092197   0.047409817543
  0.005149057416  -0.001085057081  -0.002468030728
  0.000114740995   0.000337106824  -0.000359827536
 -0.000060509510  -0.000150150217   0.000214500295
  0.000150867909  -0.002143326529   0.000111455105
  0.015633683458   0.011154905431   0.022598647349
 -0.000003669385   0.000226213268  -0.000368485802
 -0.003555203568  -0.005534664470  -0.007957362038
 -0.000746819367   0.000573646702  -0.000087494684
    3    2  0.0000  0.0080  0.0000
 -0.000051894759  -0.000068491104  -0.000124429364
  0.000147888685  -0.000006060231  -0.000187692517
 -0.029331735045  -0.087762936673  -0.079026937979
 -0.004089249908  -0.006643052853  -0.008409731482
 -0.000136679346  -0.000149665926   0.000063134582
 -0.000060904150  -0.000018685735   0.000280396213
 -0.000007707022  -0.000009212633  -0.000806831509
 -0.000228330734  -0.000245817069  -0.000128310973
  0.000025942348   0.000000427986  -0.000064072941
 -0.000017857619  -0.000026672233   0.000011218148
 -0.000086430529  -0.000202317480   0.000115532295
  0.000547522450   0.000692139741   0.001258574002
  0.000075618449   0.000229105057   0.000453043700
  0.029715274600   0.075887797335   0.066931554201
 -0.000309098700  -0.000980294260  -0.000669126236
  0.000274113789  -0.000545226097   0.002389553992
 -0.000099758953  -0.000122546793   0.000328716187
 -0.002851676913   0.004096600722  -0.002425905202
  0.001335512080  -0.001687592361  -0.000479845372
  0.000298331811   0.000199269221  -0.000606869158
  0.004189147262   0.017624530178   0.021108806485
  0.000661972201  -0.000261298791  -0.000010777074
    3    3  0.0000  0.0000  0.0080
  0.000074334282  -0.000100810831  -0.000243646213
 -0.000032327218   0.000178190898  -0.000454683779
 -0.055874346552  -0.079034957503  -0.178516417486
  0.005968708093   0.008441211059   0.014757660142
  0.000161368546   0.000251290756  -0.000158444187
 -0.000064315995   0.000015438460  -0.000287815944
  0.000179746454   0.000026982712  -0.000452715482
 -0.000118116353   0.000033938746  -0.000242814007
  0.000059700804  -0.000015786932  -0.000018492592
 -0.000032983707   0.000049835186  -0.000018552693
  0.000037636602  -0.000057476920  -0.000289395894
  0.000185370842   0.000234398855  -0.000158582910
 -0.000969555433  -0.000631389622  -0.000198477185
  0.050389080946   0.071294379666   0.168593206217
 -0.000147480905  -0.000610414873  -0.001248905743
 -0.000277132866  -0.001131053268  -0.000191305345
 -0.000121263598  -0.000172921062   0.000076117863
 -0.000529202182  -0.000346654012  -0.001254707773
  0.002306374190  -0.000846224455   0.000089166346
  0.000310181428   0.000441701870  -0.000099110188
 -0.001572318932   0.001884333300   0.000087522801
  0.000066541555   0.000095987971   0.000230394051
    4    1  0.0080  0.0000  0.0000
  0.000540009147   0.000849792803  -0.001300171497
 -0.000162743989  -0.000150686003  -0.000016698277
 -0.003736933733  -0.004064245277   0.005999097224
 -0.066973636693  -0.029264785661   0.055831238984
 -0.000156502611  -0.000282877981   0.000089226956
 -0.000061768460  -0.000000152258   0.000787036911
  0.000027251543  -0.000002116094  -0.000261425995
 -0.000301253347  -0.000419979103   0.000383699773
 -0.000029218489  -0.000024699946  -0.000029292738
 -0.000007906069   0.000045870535   0.000077495382
 -0.000057079410   0.000153694820  -0.000080830446
  0.000029290055   0.000020410431   0.000090178988
  0.005170089207  -0.001073083171   0.002402522102
  0.054930748672   0.029695805843  -0.047410035764
 -0.000699977422   0.000004314884  -0.002420585262
  0.000143140945  -0.002131459416  -0.000125364234
 -0.000065429189  -0.000131301754  -0.000211625228
  0.000126278934   0.000333157601   0.000358091245
  0.015627409667   0.011102517993  -0.022568431832
 -0.000749156206   0.000600198536   0.000055345903
 -0.003569411411  -0.005517019245   0.007960702210
 -0.000023201140   0.000256642464   0.000389825594
    4    2  0.0000  0.0080  0.0000
 -0.000134863848  -0.000150882495  -0.000063345680
 -0.000056830840  -0.000018465527  -0.000279332082
 -0.004084751195  -0.006636028563   0.008415146715
 -0.029322925605  -0.087744716670   0.079022319649
 -0.000051196010  -0.000068590070   0.000121058284
  0.000150455611  -0.000004177083   0.000182109807
 -0.000080999355  -0.000202409786  -0.000107989202
  0.000553392068   0.000683191189  -0.001256000397
  0.000027375079  -0.000001735030   0.000063317772
 -0.000014864883  -0.000031037326  -0.000011965663
 -0.000001447017  -0.000011651166   0.000796424025
 -0.000222034360  -0.000254105166   0.000121963215
 -0.000315852402  -0.000982316969   0.000681580107
  0.029716643886   0.075934127039  -0.066925373437
  0.000060891108   0.000237603827  -0.000466766350
 -0.002857581866   0.004078946147   0.002459144628
 -0.000110296275  -0.000133808111  -0.000320454400
  0.000279254519  -0.000568793462  -0.002424977436
  0.001321258992  -0.001664216385   0.000484058775
  0.000644986805  -0.000270142300   0.000030650172
  0.004218520900   0.017623859606  -0.021107514163
  0.000280864688   0.000185348299   0.000585945659
    4    3  0.0000  0.0000  0.0080
 -0.000172683452  -0.000248924620  -0.000144866301
  0.000056261042  -0.000018900286  -0.000276009092
 -0.005970334532  -0.008445680614   0.014735142062
  0.055848151990   0.079043089922  -0.178442306157
 -0.000088267256   0.000101367291  -0.000235105582
  0.000042392150  -0.000172262927  -0.000455799439
 -0.000050368533   0.000051021770  -0.000294643197
 -0.000195613443  -0.000223344491  -0.000147223480
 -0.000061112049   0.000017201224  -0.000007568577
  0.000027752282  -0.000043414818  -0.000006700187
 -0.000184217579  -0.000008807547  -0.000447052119
  0.000111752346  -0.000033130575  -0.000229825070
  0.000164201176   0.000612406942  -0.001242705522
 -0.050400986856  -0.071432254195   0.168467268808
  0.001005529127   0.000618397417  -0.000205432980
  0.000530462630   0.000377776363  -0.001279176333
  0.000141080142   0.000187068643   0.000068687876
  0.000264699355   0.001176080667  -0.000163150163
 -0.002278086926   0.000812088429   0.000090038035
 -0.000026289907  -0.000102346433   0.000208195484
  0.001515199458  -0.001834768725   0.000082692108
 -0.000279521165  -0.000432663437  -0.000074460174
    5    1  0.0080  0.0000  0.0000
 -0.000501285498  -0.000308957592   0.000416285167
 -0.000341244207   0.000086335311   0.000055712638
  0.000543446503  -0.000134182365   0.000174052673
 -0.000140134424  -0.000035002997  -0.000106600767
 -0.246461778489  -0.000371766748   0.000679218874
  0.006677212475   0.000562871961  -0.000975308708
 -0.000027679026   0.000032708241   0.000041270626
 -0.000029864630  -0.000047399468  -0.000008517411
 -0.000504704058  -0.000204124325   0.000477981241
 -0.000339214702  -0.000087717593  -0.000044875849
 -0.000153951067   0.000077315880   0.000017450568
  0.000540901366  -0.000050811981   0.000194924946
  0.000184006668   0.000138142413  -0.001364957781
 -0.001892341801   0.001185970868   0.001909593589
  0.224561433747   0.001474781542  -0.002541517598
  0.000060498323   0.000190948026  -0.000362590309
  0.000201618275   0.001109657431  -0.000797604572
 -0.001889714071  -0.002246141070  -0.000062659780
  0.009616905088   0.003949802713   0.003296139582
 -0.000002795588  -0.000412444749   0.000704171964
  0.000245953055  -0.000071852934   0.000060767248
  0.009652732063  -0.004838132563  -0.001762936340
    5    2  0.0000  0.0080  0.0000
 -0.000312698842  -0.000215648302   0.000052737568
 -0.000064212470   0.000087353784  -0.000033082214
  0.000849508431  -0.000150150961   0.000245608381
 -0.000287615736  -0.000063738912   0.000100577657
 -0.000395425021  -0.044894591560  -0.002502372046
  0.010880393718  -0.000989466091   0.000235708229
  0.000038816977   0.000021982697  -0.000056168961
 -0.000013497492  -0.000059531291   0.000037303459
  0.000525833905   0.000101309408  -0.000239326221
  0.000156035766  -0.000113766803   0.000198313390
  0.000065179929  -0.000101631120   0.000140988458
 -0.001556631007  -0.000033409553  -0.000022041474
  0.000144225977   0.000221707667  -0.000976795032
  0.000249928246   0.000901882918   0.002686398235
  0.004059926383   0.035781168785  -0.003063720850
 -0.000084174658  -0.000045196066   0.000100760621
 -0.001768829822  -0.001051665377   0.001011767692
  0.000101727127   0.005308372378  -0.000307414959
  0.014287531489   0.001228075907   0.001979257374
  0.000209266687  -0.000089616289  -0.000202098936
  0.000069822478  -0.000854185236  -0.000579184969
 -0.027155112064   0.005010744017   0.001192784598
    5    3  0.0000  0.0000  0.0080
 -0.000416718410  -0.000054225840   0.000213969763
 -0.000141794670   0.000083354702  -0.000207872164
  0.001308654323   0.000044967572  -0.000165368828
  0.000092342969   0.000120449513  -0.000241146489
  0.000688920341  -0.002521144609  -0.042050340490
 -0.018841342048   0.000243629182  -0.001276190859
 -0.000006321886  -0.000009165046  -0.000046848935
 -0.000036779959  -0.000010812483   0.000033678558
  0.000068867074  -0.000135211579  -0.000107100747
 -0.000013880832   0.000085285325  -0.000010825324
  0.000295429038   0.000123613936  -0.000207825552
 -0.000085373155   0.000176851924  -0.000280770123
  0.001955019888   0.000275888997  -0.001053168179
 -0.000230165455   0.002250509608   0.003950364004
 -0.007070630856  -0.003031830333   0.039288341230
  0.000149168540   0.000097489091  -0.000154953883
  0.000868343055  -0.000244162973   0.000192214463
 -0.000358726292   0.000123385396  -0.000468724584
  0.023087201493   0.003422436829   0.003215845099
 -0.000366414007  -0.000206636569   0.000147794381
 -0.000119298762  -0.000575914732  -0.000180551347
 -0.000826500388  -0.000258757909  -0.000590519994
    6    1  0.0080  0.0000  0.0000
 -0.000342919418  -0.000061234178   0.000147493832
 -0.000483518354  -0.000183508545   0.000290823870
 -0.000154407358  -0.000059411390  -0.000064571489
 -0.000061385584   0.000152661787   0.000033353092
  0.006657378624   0.010880722124  -0.018849931194
 -0.063911095247  -0.032649921419   0.056537508231
 -0.000006168258  -0.000022741665  -0.000033262816
 -0.000006242302   0.000043293128   0.000004587070
 -0.000342106523  -0.000093269093   0.000127394064
 -0.000482829299  -0.000155803897   0.000305673389
 -0.000062999690  -0.000102875776  -0.000111935346
 -0.000155716970   0.000090978788   0.000021519098
  0.000495220739   0.001089916966   0.001241566095
 -0.000474334381  -0.000598516217   0.001249365633
  0.064879398889   0.032302966320  -0.055972440850
 -0.000101911151  -0.000063846733   0.000110555629
  0.000498035075  -0.001614634639  -0.000330625092
 -0.000481929746  -0.000782622741   0.001144910500
 -0.002887529296  -0.003242002578   0.007853443249
  0.000178090660   0.000063477411  -0.000114807379
  0.000134656275   0.000183584279  -0.000325908896
 -0.002887686686  -0.005177211933   0.006735289310
    6    2  0.0000  0.0080  0.0000
  0.000078699366   0.000090617108  -0.000085813138
 -0.000182359346  -0.000400239864   0.000714256864
 -0.000134703658  -0.000005404582   0.000016394570
  0.000003873761   0.000014034452  -0.000186911631
  0.000540520937  -0.000990536741   0.000246374743
 -0.032647743559  -0.090453993152   0.076475218300
 -0.000081068939  -0.000040243319  -0.000005126513
  0.000049278562   0.000002943284   0.000007165446
  0.000020327123  -0.000153212731   0.000172625711
  0.000346616692   0.000743890518  -0.001366478134
 -0.000668612258  -0.000335492816   0.000376454899
  0.000067546362  -0.000097957813   0.000316456887
  0.001267281379   0.000913794903   0.002361713890
 -0.000640297757  -0.000228644609   0.000302101235
  0.029653444853   0.075621828798  -0.072196399096
  0.000231878453  -0.000017587451   0.000039394930
 -0.003181856558   0.004074563259   0.002130335559
  0.002176988878  -0.000250515738  -0.000877245441
 -0.003934441915  -0.006172472468   0.012008458398
 -0.000026081718  -0.000870931618  -0.000588439271
 -0.000399134102  -0.000137423888  -0.000148360180
  0.007459843444   0.018692984469  -0.019712178026
    6    3  0.0000  0.0000  0.0080
 -0.000064687528   0.000029621055  -0.000202586372
 -0.000295237559  -0.000714189500   0.001120314362
  0.000015508070   0.000271540203  -0.000286725097
  0.000783188728   0.000189901826  -0.000460475645
 -0.000973069690   0.000247882730  -0.001273201738
  0.056560452136   0.076486880312  -0.178888630336
 -0.000006793365   0.000031743623   0.000000738206
  0.000069419225  -0.000030192607  -0.000042301778
 -0.000110519785   0.000052097554   0.000038583482
  0.000015812639   0.000047831891  -0.000027591301
  0.000396786649   0.000017068324  -0.000113296098
  0.000126148313   0.000061324482  -0.000203472480
  0.002913256057   0.003922205743   0.001545723307
 -0.002079992256  -0.000850250577   0.000083097725
 -0.051434217968  -0.072164348252   0.158991597290
 -0.000404067908   0.000026717794  -0.000036494679
  0.000367591204   0.000529953168  -0.001667226709
 -0.000487271446   0.000287016038   0.000087208891
 -0.006396315629  -0.005301102221   0.023146366195
  0.000040658921  -0.000588365591  -0.000145320874
  0.000743273056  -0.000154109662   0.000057675128
  0.000220078136  -0.002399226332  -0.001723981477
    7    1  0.0080  0.0000  0.0000
 -0.000156327370   0.000064756718  -0.000292071235
 -0.000066531081  -0.000674378861  -0.000396349668
 -0.000052844503   0.000002419966   0.000177984161
  0.000031915249  -0.000075412314  -0.000033652943
 -0.000037950498   0.000041525821  -0.000007109237
 -0.000006777775  -0.000079077694  -0.000012428552
 -0.067003283019  -0.033737614560  -0.053275965579
 -0.003742520737  -0.003119352922  -0.006511209697
  0.000541411056   0.000709160849   0.001390756279
 -0.000156694376   0.000088347141  -0.000120518592
 -0.000300559451  -0.000117508752  -0.000568474248
  0.000030350297   0.000217372470   0.000131528603
 -0.000700118561   0.002082063228   0.001210244830
  0.000131093871  -0.000454481737   0.000129066893
 -0.000065243609   0.000252757490   0.000000204558
  0.054958020832   0.026157712498   0.049393305012
  0.005189423749  -0.001524433496  -0.002105668271
  0.000135521314   0.001154078082  -0.001791070427
 -0.000017745566  -0.000467777577   0.000035937702
  0.015603999285   0.014007604856   0.020839161810
 -0.003572573325  -0.004159301032  -0.008715873903
 -0.000742565784  -0.000368460174   0.000522202505
    7    2  0.0000  0.0080  0.0000
  0.000091085367  -0.000101666268  -0.000125680461
 -0.000105617604  -0.000338371970  -0.000023761663
  0.000151557264  -0.000010443966   0.000024773698
  0.000003366353  -0.000204549480   0.000059433922
  0.000031507592   0.000023708766  -0.000005549717
 -0.000023875808  -0.000042968191   0.000034068158
 -0.033765089438  -0.087416739658  -0.078822582702
  0.007198248877   0.009417736262   0.017690393344
  0.000202464399  -0.000286263306   0.000170717924
 -0.000026886186  -0.000345940258  -0.000176450174
 -0.000120864712  -0.000589358635  -0.000508191669
  0.000068751183  -0.000287066286  -0.000106027858
 -0.000850977630  -0.000030492852  -0.000795127577
 -0.000386267115  -0.000860711741  -0.001276212920
 -0.000046741589  -0.000038874083  -0.000107465332
  0.028793101601   0.085568653510   0.076795354945
  0.000055065680  -0.000596907939  -0.000382749040
  0.000964364578   0.001294346109  -0.001936743357
  0.000142920386   0.000015810035   0.000368799433
  0.001369887635   0.000253504711   0.000208667970
 -0.003493928039  -0.005504551660  -0.011406003057
 -0.000252072796   0.000081146900   0.000320336133
    7    3  0.0000  0.0000  0.0080
 -0.000008632973  -0.000147310113  -0.000210552674
  0.000112644440  -0.000385404368  -0.000127058438
  0.000082681099  -0.000808323268  -0.000462785216
 -0.000253266046  -0.000105343957  -0.000289892464
  0.000053490479  -0.000056371469  -0.000045036813
 -0.000033489729  -0.000005695876  -0.000002303634
 -0.053296006162  -0.078825222319  -0.178816544101
 -0.000553795810   0.000834583766  -0.001282189466
 -0.000037283708  -0.000027876217  -0.000023718167
 -0.000086966356   0.000086479250   0.000037676355
  0.000568583990   0.000509784292   0.001116659968
 -0.000054566493   0.000058288763  -0.000206172242
 -0.000422485827   0.000320333133   0.000061735828
  0.000106661559   0.002240295405   0.000092448138
 -0.000160806092   0.000373404861  -0.000030094503
  0.050914244009   0.072587215148   0.158953024120
 -0.000364141463  -0.000491923246  -0.001625043419
 -0.002731612035  -0.004063333824   0.001523829217
  0.000400781653  -0.000666308385   0.000053183672
  0.002297906685   0.000616454259  -0.001768730071
  0.002882434280   0.007788757542   0.023193770732
  0.000583624500   0.000167516622  -0.000142206821
    8    1  0.0080  0.0000  0.0000
  0.000513025211  -0.001547407046   0.000105688016
 -0.000161327423   0.000079030034  -0.000095445247
  0.000043940134  -0.000212370628  -0.000102171146
 -0.000289680909   0.000553977731  -0.000172748345
 -0.000037299202  -0.000018297419  -0.000030430067
 -0.000007519144   0.000041537512   0.000079287863
 -0.003705483664   0.007199955917  -0.000485955139
 -0.066954392947   0.062946550212   0.002622514320
 -0.000180811320   0.000197378826  -0.000196629870
 -0.000067951441   0.000641150750   0.000393473439
  0.000040320223   0.000058924979   0.000053817614
 -0.000041012621  -0.000173616577   0.000090739745
  0.005083110675   0.002724939378   0.000326161710
  0.000180628293   0.001062030820  -0.001919869829
 -0.000105028388  -0.000092370945  -0.000271811008
  0.055080368907  -0.055921107339   0.002115759759
 -0.000789965661  -0.002202780716  -0.001283926088
  0.000166831876   0.000095353163   0.000370590059
 -0.000795334198  -0.000134539939   0.000523664787
  0.015511350622  -0.025148093361  -0.001574042101
 -0.003413146707   0.009678023121  -0.000842361052
 -0.000070622317   0.000171731528   0.000293692580
    8    2  0.0000  0.0080  0.0000
 -0.000070784357  -0.000028755305  -0.000177572558
  0.000087638056  -0.000095577524  -0.000056980809
  0.000010482965  -0.000248273559   0.000033885931
 -0.000434549027   0.000693271362  -0.000229677266
 -0.000063967494  -0.000053230526  -0.000011257891
  0.000039432908   0.000001505647  -0.000030742991
 -0.003122856443   0.009415329368   0.000834005823
  0.063028222366  -0.224304762959   0.000193000432
 -0.000037011053  -0.000297445872  -0.000031435902
 -0.000046225729  -0.000350666860  -0.000375279479
  0.000214619334  -0.000285743885  -0.000054818231
 -0.000150479388  -0.000681325338  -0.000413852298
  0.000296725652  -0.001762451011   0.000166254124
  0.001886213689  -0.001142627453  -0.002663769937
  0.000166175821   0.000077745129   0.000305110383
 -0.058482322314   0.205347631168   0.003430423234
  0.000798633633  -0.000149074578   0.000402343372
  0.000099939962   0.000280051038   0.001604143198
 -0.000369424721   0.000109199208   0.000143456922
 -0.002682033756  -0.000893404414   0.001254553805
 -0.000760174911   0.014446508034  -0.003730714702
 -0.000408255195  -0.000077901669  -0.000591075159
    8    3  0.0000  0.0000  0.0080
 -0.000196611274   0.000020583590  -0.000280219576
 -0.000023868218  -0.000318892243  -0.000210050847
 -0.000091847569  -0.000131950652  -0.000248335821
  0.000383121893  -0.001247261187  -0.000157756026
 -0.000002125285   0.000040231931   0.000036426813
  0.000001739281   0.000010004892  -0.000041598682
 -0.006511280870   0.017686115029  -0.001282112803
  0.002597959018   0.000164300117  -0.041998355967
 -0.000083238110  -0.000007769830  -0.000007924892
  0.000147378717  -0.000009815087  -0.000106966410
 -0.000133407338   0.000108396444  -0.000201265998
 -0.000092771997   0.000418778584   0.000223437411
 -0.000224781239   0.000273161197  -0.000480664853
 -0.002203389884  -0.000538963831   0.003949167966
 -0.000035432159  -0.000182035349  -0.000144799649
  0.000523728661   0.007687284913   0.039189117620
  0.000533710717  -0.000703549501   0.000197634395
  0.000386080096  -0.001927505717  -0.001020785497
  0.000518189918   0.000287990890  -0.000187670357
 -0.000042702732   0.000881846635  -0.000635049146
  0.004462898138  -0.022939920246   0.003240998035
  0.000086650236   0.000428969421   0.000166774284
    9    1  0.0080  0.0000  0.0000
 -0.000505691075   0.000522030021  -0.000067541111
 -0.000330493037   0.000020832031   0.000103137738
 -0.000015251686   0.000044054861   0.000057830920
 -0.000014919022   0.000044916870  -0.000061847546
 -0.000507553887   0.000523215579   0.000063506144
 -0.000330807634   0.000022961200  -0.000108626318
  0.000554771483   0.000208575874  -0.000029826620
 -0.000142759461  -0.000041574272  -0.000078916980
 -0.246377654612   0.000792476039   0.000013086745
  0.006677993901  -0.001098954353  -0.000000923883
  0.000557407661   0.000208156986   0.000024409095
 -0.000140736163  -0.000042377548   0.000075621890
  0.000189644962  -0.001256568070  -0.000590965598
  0.000032647640  -0.000360455498   0.000001199337
  0.000183526362  -0.001246088229   0.000589305402
 -0.001936096586   0.001015487309   0.001980046337
  0.224591505309  -0.002934663571   0.000008482017
 -0.001924269434   0.001013513409  -0.001983969122
 -0.000039771613   0.000806271010   0.000002315695
  0.009623913304   0.000852226304   0.004991389734
  0.000234855964   0.000057611478   0.000005126455
  0.009619737623   0.000848352572  -0.004992840331
    9    2  0.0000  0.0080  0.0000
 -0.000201756754   0.000109301933   0.000134823186
 -0.000090159300  -0.000156344123  -0.000055489554
 -0.000022364433   0.000000770456  -0.000021719845
 -0.000022366717   0.000000769728   0.000021726683
 -0.000201783836   0.000109286154  -0.000134777080
 -0.000090146634  -0.000156353679   0.000055489814
  0.000709593051  -0.000287263627  -0.000031136123
  0.000226727093  -0.000296402505  -0.000009742393
  0.000764477860  -0.040601507162  -0.000000334169
 -0.021749045818  -0.001426004046   0.000000148665
  0.000709563094  -0.000287261267   0.000031129063
  0.000226706794  -0.000296400264   0.000009728864
  0.001619777489  -0.000432044524  -0.000088611465
  0.000184757258  -0.000201465227   0.000000005581
  0.001619787200  -0.000432059496   0.000088594786
 -0.000324748425   0.001053176821   0.002348089732
 -0.008186512956   0.041019280084   0.000000019138
 -0.000324758545   0.001053161664  -0.002348088330
 -0.000426412104   0.000289958545   0.000000023692
  0.012846182604   0.000391302459   0.002959373992
 -0.000113571205   0.000154836061  -0.000000020294
  0.012846054284   0.000391262016  -0.002959233943
    9    3  0.0000  0.0000  0.0080
 -0.000482301315   0.000244043702  -0.000107380323
 -0.000124375414  -0.000172864856   0.000039641026
  0.000029717533  -0.000072168190  -0.000020971625
 -0.000029124990   0.000070775479  -0.000020536239
  0.000481855263  -0.000241919681  -0.000109455742
  0.000127092043   0.000173675316   0.000035994701
  0.001387921520   0.000165838547  -0.000025527974
 -0.000201057575  -0.000031070278  -0.000008603333
  0.000013124869  -0.000013501832  -0.046358420173
 -0.000001206759  -0.000005329162  -0.000863353109
 -0.001385999343  -0.000167206719  -0.000024823870
  0.000202191320   0.000029954839  -0.000008900646
  0.001108582948  -0.001335852312  -0.000402745243
  0.000001496157  -0.000000771435   0.000022689498
 -0.001108817986   0.001341293108  -0.000403231550
  0.000105045552   0.002770861355   0.003797059382
 -0.000013566289   0.000015845743   0.033934295860
 -0.000095677095  -0.002769871247   0.003794582952
 -0.000001206372   0.000000634903  -0.000214952475
  0.023961124158   0.001507550363   0.004066339912
  0.000000750506   0.000002736581  -0.001184784870
 -0.023975568731  -0.001512654224   0.004063083843
   10    1  0.0080  0.0000  0.0000
 -0.000343073263   0.000158498722   0.000018536294
 -0.000483024157   0.000344483316  -0.000014953633
 -0.000006556354  -0.000017237459  -0.000038067973
 -0.000006311779  -0.000016879940   0.000038364562
 -0.000344474933   0.000155873240  -0.000017384967
 -0.000483666573   0.000342954966   0.000016550824
 -0.000154701370  -0.000026489098  -0.000086624202
 -0.000060287648  -0.000042385043   0.000148781907
  0.006665119857  -0.021758954110  -0.000014223434
 -0.063920731198   0.065306374274  -0.000014316226
 -0.000156229372  -0.000025682206   0.000085759361
 -0.000060754815  -0.000043408275  -0.000148191614
  0.000496631322   0.000526582515   0.001563643800
 -0.000104545996   0.000127122775   0.000001561777
  0.000499008822   0.000518373103  -0.001561999978
 -0.000474330411   0.001379246071   0.000109640967
  0.064897059407  -0.064619132178   0.000007729872
 -0.000485660208   0.001380278424  -0.000104351476
  0.000177748834  -0.000133782662  -0.000002229472
 -0.002886467607   0.008409762832   0.001119998620
  0.000133768735  -0.000377352547   0.000001804761
 -0.002898521292   0.008411753279  -0.001110029769
   10    2  0.0000  0.0080  0.0000
 -0.000107909997  -0.000105718024  -0.000078746070
 -0.000162655609   0.000740051101  -0.000045255593
  0.000035636998  -0.000022495212   0.000044766021
  0.000035633532  -0.000022507378  -0.000044229051
 -0.000107855219  -0.000105722611   0.000079288374
 -0.000162644518   0.000740023526   0.000045840477
  0.000086285432  -0.000342308957   0.000089407666
  0.000687620133  -0.000357633058  -0.000009390703
 -0.001144273124  -0.001425374147   0.000000298154
  0.065324598684  -0.223084768034  -0.000006117522
  0.000086239351  -0.000342298904  -0.000088848728
  0.000687624388  -0.000357614755   0.000009924095
  0.001881037350  -0.001321397659   0.002631130149
 -0.000468072116  -0.000037258101   0.000000190564
  0.001880945179  -0.001321673947  -0.002630616482
 -0.001451228468   0.000239265272  -0.000550533783
 -0.059435195099   0.200641632564   0.000000647345
 -0.001451272832   0.000239344039   0.000550941335
  0.000045846905   0.000220209747   0.000000217880
 -0.003573912827   0.012937384960   0.005763564483
  0.000887907352   0.000151385601   0.000000281883
 -0.003574355493   0.012937473978  -0.005762760493
   10    3  0.0000  0.0000  0.0080
  0.000034240362  -0.000200765685  -0.000008864431
 -0.000302389317   0.001365707571  -0.000019872456
 -0.000074588844   0.000006081182  -0.000020027961
  0.000078939675  -0.000002588441  -0.000021593219
 -0.000037131235   0.000202131813  -0.000008792351
  0.000305958576  -0.001362065857  -0.000024659243
 -0.000118944848  -0.000175962939   0.000040528162
  0.000391157841  -0.000376430046  -0.000107176341
  0.000002593085  -0.000000438400  -0.000859060111
 -0.000013601374  -0.000002042170  -0.046357623919
  0.000125487927   0.000177727817   0.000035753383
 -0.000384760082   0.000371918965  -0.000108961632
  0.002574513257   0.001012700534   0.003793401595
  0.000002102178   0.000006047744   0.000017953524
 -0.002583494687  -0.001008188086   0.003794482508
 -0.001630577800   0.000591791241  -0.000398236029
 -0.000009370225  -0.000007095083   0.033952609552
  0.001646178440  -0.000598351546  -0.000408118157
 -0.000001293822   0.000006602440  -0.001199523379
 -0.006574541958   0.023081207069   0.004062031338
  0.000007287492  -0.000001173856  -0.000216712664
  0.006562235360  -0.023086814267   0.004062461832
   11    1  0.0080  0.0000  0.0000
 -0.000036212608   0.000033263681   0.000011754938
  0.000003383399  -0.000089038333   0.000019673346
  0.000040642267  -0.000086647186   0.000040680809
 -0.000054110944  -0.000008382335  -0.000166991133
 -0.000130024219   0.000052432589   0.000300187620
 -0.000060101406  -0.000692531172   0.000418351720
 -0.000285490621  -0.000123982250   0.000581269547
  0.000042500557   0.000209035649  -0.000119770411
  0.000562478037   0.000699598923  -0.001391860458
 -0.000157244526   0.000095876725   0.000177056250
 -0.066918769165  -0.033729880781   0.053256313903
 -0.003744197741  -0.003139325807   0.006509047673
 -0.000077725126   0.000243692475  -0.000012477426
  0.000117088560  -0.000459136143  -0.000126561066
 -0.000687922479   0.002070658422  -0.001201304230
  0.000159205337   0.001155130397   0.001805150707
  0.005166437221  -0.001532160866   0.002010322221
  0.054834581013   0.026226148598  -0.049463157545
 -0.000049795915  -0.000485409473  -0.000084834911
 -0.000775006833  -0.000339873537  -0.000509330948
 -0.003559902366  -0.004108065510   0.008778183286
  0.015610187558   0.014008595934  -0.020831703891
   11    2  0.0000  0.0080  0.0000
  0.000027248698   0.000027139652   0.000012337443
 -0.000025711819  -0.000037883727  -0.000024085940
  0.000005402910  -0.000190244929  -0.000050192097
  0.000156870241  -0.000002265869  -0.000036326123
  0.000086250694  -0.000097723608   0.000128590035
 -0.000100687830  -0.000331771497   0.000020352440
 -0.000122544912  -0.000588047685   0.000522354367
  0.000066275148  -0.000286893542   0.000111951026
  0.000196721468  -0.000283298852  -0.000167419490
 -0.000025051005  -0.000346827068   0.000181186137
 -0.033783277062  -0.087443082874   0.078838190191
  0.007195613299   0.009439899374  -0.017690776683
 -0.000056193777  -0.000039878173   0.000118674901
 -0.000387360244  -0.000829358976   0.001253790719
 -0.000842317467  -0.000033408109   0.000787174526
  0.000948427295   0.001266024676   0.001956429748
  0.000073254121  -0.000592234485   0.000375556256
  0.028794640350   0.085563359515  -0.076804335416
  0.000137910598   0.000030790528  -0.000374774088
 -0.000251679057   0.000071167379  -0.000304791050
 -0.003492423765  -0.005543900770   0.011344294061
  0.001398632116   0.000248439041  -0.000198180964
   11    3  0.0000  0.0000  0.0080
 -0.000052423374   0.000053727530  -0.000040915354
  0.000032418459   0.000002471949   0.000000808048
  0.000252042213   0.000101107133  -0.000285342188
 -0.000084489017   0.000801792971  -0.000457522144
  0.000009567072   0.000143255959  -0.000204854048
 -0.000111604004   0.000380875709  -0.000119680945
 -0.000570333211  -0.000513542835   0.001120457423
  0.000052567231  -0.000057002913  -0.000202325089
  0.000038385402   0.000025885817  -0.000019756200
  0.000085233252  -0.000086048088   0.000042167771
  0.053285340600   0.078807696616  -0.178882479367
  0.000554343019  -0.000836887593  -0.001279126857
  0.000162419021  -0.000374358812  -0.000030851327
 -0.000109041956  -0.002258303881   0.000089440438
  0.000435044586  -0.000332333290   0.000073187566
  0.002732706045   0.004064722015   0.001523004247
  0.000367264062   0.000497603962  -0.001628285664
 -0.050916712188  -0.072531620586   0.158975344542
 -0.000393618487   0.000653158661   0.000053005697
 -0.000581353037  -0.000161958222  -0.000146201499
 -0.002890030622  -0.007782429552   0.023177743613
 -0.002297725067  -0.000597812550  -0.001757818663
   12    1  0.0080  0.0000  0.0000
 -0.000036739162  -0.000014473424   0.000033151378
 -0.000009412450   0.000045246069  -0.000076428061
 -0.000302997793   0.000546409169   0.000174827959
  0.000027995072  -0.000224172678   0.000117821533
  0.000531217657  -0.001554027171  -0.000088478975
 -0.000159893876   0.000065445408   0.000125332451
  0.000027219794   0.000068538831  -0.000062956145
 -0.000057285942  -0.000147910041  -0.000095252245
 -0.000163459202   0.000218792765   0.000198528410
 -0.000067447185   0.000678087930  -0.000391188107
 -0.003745758041   0.007198983581   0.000558669794
 -0.066976138021   0.063001924438  -0.002585498942
 -0.000062265745  -0.000126392248   0.000211091463
  0.000141814044   0.000955317417   0.001902668561
  0.005178784007   0.002607043258  -0.000265926535
  0.000130641956   0.000136353343  -0.000480622984
 -0.000699413464  -0.002092162090   0.001211805215
  0.054951753080  -0.055874766270  -0.002017599654
 -0.000740427929  -0.000276899590  -0.000562832030
 -0.000018392996   0.000214287043  -0.000430582718
 -0.003582491498   0.009647251125   0.000802963542
  0.015632697691  -0.025072876866   0.001720506090
   12    2  0.0000  0.0080  0.0000
 -0.000064586517  -0.000051607088   0.000012891529
  0.000041350569   0.000005046856   0.000036087936
 -0.000430050436   0.000697597204   0.000234082265
  0.000014587758  -0.000243523881  -0.000034808616
 -0.000064338415  -0.000029899196   0.000179339048
  0.000088775192  -0.000096388509   0.000060025911
  0.000218265971  -0.000284331188   0.000057287332
 -0.000148453764  -0.000677850603   0.000416723403
 -0.000031274503  -0.000293330941   0.000030411067
 -0.000048020297  -0.000341307544   0.000377398033
 -0.003120728364   0.009415393369  -0.000829158876
  0.063029861248  -0.224290030446  -0.000192812088
  0.000157004091   0.000079100969  -0.000302077448
  0.001892646480  -0.001134078845   0.002668198647
  0.000289474867  -0.001776891004  -0.000168987671
  0.000105097288   0.000275973897  -0.001602980904
  0.000799199945  -0.000138854342  -0.000415503944
 -0.058489703010   0.205334600898  -0.003438528022
 -0.000378835025   0.000112802211  -0.000149829006
 -0.000409554920  -0.000087173868   0.000588514110
 -0.000746966030   0.014423772192   0.003728007085
 -0.002703752129  -0.000899020139  -0.001254279789
   12    3  0.0000  0.0000  0.0080
  0.000005219836  -0.000037835092   0.000033064965
 -0.000006608415  -0.000010270315  -0.000050047427
 -0.000391837728   0.001246188347  -0.000166949900
  0.000085458618   0.000128495485  -0.000241970399
  0.000198733720  -0.000017300581  -0.000281703930
  0.000015990139   0.000319700509  -0.000206627931
  0.000126669713  -0.000106097882  -0.000213017232
  0.000087320492  -0.000406455470   0.000215785375
  0.000085431330   0.000013755017  -0.000010876369
 -0.000151721215   0.000019839180  -0.000108161472
  0.006512129282  -0.017675962052  -0.001287599623
 -0.002575232946  -0.000223969322  -0.042049238429
  0.000038985850   0.000179653589  -0.000149850600
  0.002206539866   0.000532618181   0.003958826956
  0.000215710980  -0.000270384114  -0.000474072727
 -0.000385371760   0.001944666678  -0.001048178677
 -0.000530049865   0.000722009368   0.000201103132
 -0.000508543598  -0.007697908723   0.039265484295
 -0.000519100855  -0.000291430972  -0.000176302965
 -0.000081879050  -0.000414925724   0.000161596530
 -0.004451738414   0.022930859384   0.003249237722
  0.000023894018  -0.000885245491  -0.000620501296
   13    1  0.0080  0.0000  0.0000
  0.224588104882   0.004084625347   0.007070356188
  0.064854319819   0.029707394647   0.051452562648
 -0.000683231486   0.000058602743  -0.000960974457
  0.005192620931  -0.000343426988   0.000147818956
  0.000187509374   0.000151175276   0.001950183032
  0.000500665824   0.001289009417   0.002920940427
 -0.000682967569  -0.000859665592  -0.000431141915
  0.005193127529   0.000300966550  -0.000224934815
  0.000187803982   0.001615198580   0.001105087619
  0.000501009693   0.001886248842   0.002575920658
 -0.000060077448  -0.000052888942   0.000161260171
 -0.000060268492   0.000167220173   0.000048844661
 -0.476017854556  -0.025650627620  -0.044418784571
  0.020505657910   0.016862398130  -0.028209905654
 -0.005638998555  -0.006713235250   0.003924551985
  0.020507564288  -0.032860975852   0.000496071484
 -0.005640580077   0.006756624629  -0.003851593317
  0.001652494727  -0.000368145775  -0.000626781464
  0.074451269201   0.004929210312   0.000546663069
  0.074452847602  -0.001988252619   0.004540497954
 -0.003616477929   0.000240689117   0.000419708391
 -0.000374539650   0.000787854875   0.001363648951
   13    2  0.0000  0.0080  0.0000
  0.001477943413   0.035687980991   0.003048227480
  0.032310016780   0.075589971945   0.072186510755
 -0.000004017089   0.000248420838  -0.000637908070
 -0.001066924793  -0.000983774904   0.000608935757
  0.000109764752   0.000212825647   0.000273251374
  0.001092859233   0.000943552325   0.003916627203
  0.002070630836  -0.000021431669   0.000318317647
  0.002576656629  -0.001752793702   0.000267882019
 -0.001233525952  -0.000423420250  -0.001350004507
  0.000519285973  -0.001341486621   0.001008973799
  0.000243931825  -0.000032102049  -0.000380549780
 -0.000134672921   0.000079571391   0.000173606209
 -0.025628110828  -0.273850749018  -0.095713145692
  0.009514641049  -0.000788569835  -0.001196629322
 -0.006727197832  -0.011618676860   0.005865962624
 -0.018707211903   0.002272328079   0.000366189225
 -0.000039078090   0.026147811673   0.015897709415
 -0.000371002252   0.001379321678   0.000425460954
  0.016590674902   0.054401271273  -0.014243024665
 -0.013644215911   0.080732896962   0.019913327189
  0.001375621460   0.006976015212  -0.004654642663
 -0.000326069282   0.006141036892  -0.006095076951
   13    3  0.0000  0.0000  0.0080
  0.002564117994   0.003052529627   0.039209546783
  0.055977902035   0.072207866804   0.158955946639
  0.002396121588   0.000480611084  -0.000199957598
  0.002367128564   0.000717484692  -0.001252199810
 -0.001353382440  -0.000977744032  -0.001039909858
  0.001231262196   0.002330880709   0.001509235313
  0.001197270489  -0.000787323223   0.000067248493
  0.000259984869   0.000164856189  -0.000479960607
 -0.000574538180  -0.000087135532  -0.000404846145
  0.001562985578   0.002612409168   0.003792019220
 -0.000009537381   0.000114982440  -0.000036112679
  0.000208031247  -0.000309880914  -0.000146771112
 -0.044424941080  -0.095741321845  -0.384412375865
 -0.016095086499  -0.001424746230   0.001788358527
 -0.003934492781  -0.005900002435   0.038762964498
  0.000174547023   0.000576069931  -0.001297730995
 -0.007782989943   0.027685972138   0.000971964104
 -0.000625286296   0.000437948942   0.001899630904
 -0.006209958469   0.004719252278   0.083948568067
  0.011267092371   0.000873485386   0.057643922598
  0.002373650314  -0.004666150490   0.001585065656
 -0.000569881199  -0.006080044686  -0.000864606133
   14    1  0.0080  0.0000  0.0000
 -0.001897065925   0.000246819975   0.000234728095
 -0.000482007059  -0.000685729612   0.002087028383
  0.054906703676   0.029688617720   0.050387401714
  0.054906028394   0.029688230318  -0.050386195314
 -0.001896675152   0.000246691195  -0.000233527328
 -0.000481870367  -0.000685529343  -0.002086122190
  0.000120272366  -0.000382543231   0.000108266442
  0.000137601330   0.001882021172  -0.002205086994
  0.000048778089   0.000181243614   0.000000228794
 -0.000100611232  -0.000467671267   0.000000316153
  0.000120167778  -0.000382788321  -0.000107375580
  0.000137460034   0.001882311994   0.002205727941
  0.020499315828   0.009489336802  -0.016094265597
 -0.280147794490  -0.087153921133  -0.000008994127
  0.020501048373   0.009489511614   0.016097884258
 -0.006726935291   0.007228622827   0.004019575044
  0.001649011917   0.000721905873  -0.000000445401
 -0.006727882803   0.007228650074  -0.004018670951
  0.085013948988   0.019921810543  -0.000001994556
  0.005288263558  -0.006195353175   0.001643938858
  0.049843829046  -0.015747597426   0.000000314446
  0.005288412939  -0.006194640211  -0.001642732089
   14    2  0.0000  0.0080  0.0000
  0.001163933807   0.000890683775  -0.002256710261
 -0.000597728800  -0.000257561873   0.000852110704
  0.029694404800   0.075900782067   0.071258944888
  0.029693974051   0.075900864524  -0.071259918277
  0.001163910790   0.000890560207   0.002256418297
 -0.000597711132  -0.000257599808  -0.000852373109
 -0.000472298881  -0.000860033298   0.002251765093
  0.000965441539  -0.001143227819  -0.000531008530
 -0.000417522588  -0.000202430292  -0.000000135835
  0.000128219082  -0.000055066073  -0.000000140795
 -0.000472316130  -0.000859988857  -0.002251947692
  0.000965453046  -0.001143243961   0.000530800195
  0.016838365753  -0.000811472648  -0.001417954418
 -0.087091465455  -0.341722668903   0.000002547587
  0.016838412511  -0.000811950699   0.001417331354
 -0.000129382910   0.026401702051  -0.015641453659
  0.000713342321   0.002152650028  -0.000000497274
 -0.000129744359   0.026402065899   0.015642698425
 -0.003395050776   0.051353597619  -0.000000033225
 -0.006199176367   0.000901597879   0.002333001158
  0.007536361915   0.086429055825  -0.000000286186
 -0.006199422215   0.000901684357  -0.002333158440
   14    3  0.0000  0.0000  0.0080
 -0.001891698146  -0.002674818330   0.003954889254
 -0.001257429931  -0.000305285229   0.000106356939
  0.047402714246   0.067036023443   0.168614525826
 -0.047398304134  -0.067030513215   0.168604188266
  0.001886367041   0.002681463458   0.003954887917
  0.001252744022   0.000306422027   0.000109175947
  0.000128619748  -0.001286231985   0.000106381558
 -0.001893474830  -0.002673415319   0.003954320421
 -0.000001878584   0.000001610776   0.000021911517
  0.000000213722   0.000000302786   0.000022031159
 -0.000131535805   0.001283526384   0.000109392539
  0.001896752997   0.002674433189   0.003955188095
 -0.028230297800  -0.001207756617   0.001787214272
 -0.000003151839  -0.000018795323  -0.512200639618
  0.028231041242   0.001214993669   0.001782534128
  0.008269176515  -0.027017035400   0.001784826511
 -0.000000942824   0.000000112057   0.001136809141
 -0.008267280198   0.027020597574   0.001781551889
 -0.000003198577   0.000004996653   0.076475608162
  0.000336963084   0.000481344101  -0.001264249678
  0.000006256052  -0.000026491772   0.076469998676
 -0.000331656003  -0.000465482926  -0.001266902920
   15    1  0.0080  0.0000  0.0000
  0.000184910365   0.000150702565  -0.001954402429
  0.000498782749   0.001288128195  -0.002924421544
  0.005190463644  -0.000344071820  -0.000148065436
 -0.000683446458   0.000058758971   0.000957781742
  0.224586588167   0.004085598929  -0.007078432317
  0.064852567399   0.029706632669  -0.051456977854
 -0.000062979146  -0.000052834316  -0.000166191151
 -0.000062776991   0.000169075626  -0.000038017541
  0.000182845263   0.001615224546  -0.001108638550
  0.000498648915   0.001884642801  -0.002578776525
 -0.000683735398  -0.000860413673   0.000426658425
  0.005191199607   0.000298200088   0.000221519310
 -0.005639116408  -0.006711930310  -0.003924026471
  0.020513066117   0.016861126869   0.028212718368
 -0.476000331033  -0.025644579185   0.044414935826
  0.001653327121  -0.000362192869   0.000629547849
 -0.005644080203   0.006753571198   0.003848855865
  0.020510568231  -0.032865940365  -0.000497705010
  0.074450353460   0.004936947961  -0.000519843530
 -0.000364987812   0.000793568156  -0.001363487041
 -0.003619542940   0.000245659131  -0.000402202771
  0.074447675352  -0.002005875168  -0.004550829215
   15    2  0.0000  0.0080  0.0000
  0.000109171675   0.000211732589  -0.000274492548
  0.001092846070   0.000942999136  -0.003917926819
 -0.001067327148  -0.000984888870  -0.000610222165
 -0.000003688362   0.000247332875   0.000637892256
  0.001478586621   0.035687805331  -0.003049608745
  0.032310966463   0.075590068464  -0.072187040047
  0.000244038868  -0.000032891869   0.000379713713
 -0.000134572567   0.000078618677  -0.000174571905
 -0.001234384783  -0.000423731443   0.001348575289
  0.000519153779  -0.001342821424  -0.001009860224
  0.002070327513  -0.000022777519  -0.000318977813
  0.002576896857  -0.001753379629  -0.000269027912
 -0.006727892968  -0.011618110718  -0.005866815673
  0.009515636534  -0.000788934414   0.001196328714
 -0.025622837059  -0.273841796087   0.095732563684
 -0.000370525391   0.001378458893  -0.000426203722
 -0.000040339097   0.026148245186  -0.015898932751
 -0.018707439595   0.002271532427  -0.000367924251
  0.016589636228   0.054400982551   0.014245859455
 -0.000326429724   0.006140300165   0.006093585297
  0.001376080028   0.006975118549   0.004652617460
 -0.013647903943   0.080736137130  -0.019915531292
   15    3  0.0000  0.0000  0.0080
  0.001345145250   0.000982452229  -0.001034707999
 -0.001233190832  -0.002324248539   0.001523530303
 -0.002361491450  -0.000706796987  -0.001244420413
 -0.002393522735  -0.000469549482  -0.000204618506
 -0.002568935107  -0.003045801687   0.039197529976
 -0.055986252401  -0.072216119137   0.158954398979
  0.000012362724  -0.000111674480  -0.000025319727
 -0.000206247358   0.000309419049  -0.000140183967
  0.000571705776   0.000089723482  -0.000400106134
 -0.001563328591  -0.002611524704   0.003796224263
 -0.001194986455   0.000793446466   0.000065550101
 -0.000258544992  -0.000164189014  -0.000477665447
  0.003910758196   0.005900138684   0.038795230483
  0.016122861179   0.001453641375   0.001782257222
  0.044405526774   0.095717224242  -0.384424016756
  0.000635856840  -0.000454107315   0.001920898345
  0.007778533258  -0.027693634925   0.000968665802
 -0.000173339908  -0.000584971202  -0.001311395861
  0.006196722284  -0.004660221848   0.083917279957
  0.000561880906   0.006060019445  -0.000840421465
 -0.002342226722   0.004664447486   0.001585129763
 -0.011259286634  -0.000927673138   0.057596161079
   16    1  0.0080  0.0000  0.0000
 -0.001899904212   0.000079602365   0.000335619455
 -0.000481396286   0.002149725974   0.000454227453
  0.000117547863   0.000284039044  -0.000274944599
  0.000136578477  -0.002851495139   0.000529459869
  0.000045585084  -0.000090610947   0.000161168495
 -0.000103842019   0.000233306023  -0.000402063553
  0.054909585025   0.028791237097   0.050907765501
  0.054910375575  -0.058486326008   0.000519086852
 -0.001900508211  -0.000330311824   0.000097717771
 -0.000481977599  -0.001468586736  -0.001634173378
  0.000135641760   0.000966973670   0.002733535383
  0.000118204183   0.000096216338  -0.000383874889
  0.020502452120  -0.018679150209   0.000184320683
 -0.006725230410  -0.000128792206   0.008275117672
  0.001648769614  -0.000343237932   0.000600665788
 -0.280144946089   0.043583402475  -0.075491190056
  0.020499247813   0.009181490152   0.016268597704
 -0.006720793067  -0.007100436917   0.004246808929
  0.005283332189   0.004528742020  -0.004545544488
  0.085021461947  -0.009969423777   0.017264295279
  0.049847748480   0.007878904610  -0.013649791519
  0.005282067764   0.001674731928  -0.006196804353
   16    2  0.0000  0.0080  0.0000
 -0.002214969788   0.005329051597  -0.000120673628
 -0.000785212703  -0.000222094979  -0.000291487634
  0.000343080885  -0.000561876161  -0.001111299573
 -0.002130357800   0.004062890234   0.000340055199
  0.000205954159  -0.000032417264   0.000093547638
 -0.000066961233   0.000004130752   0.000030939663
  0.026194484412   0.085528326890   0.072570926769
 -0.055925740579   0.205348266185   0.007684142675
  0.001041981945   0.001051935003   0.002766411728
  0.001380493256   0.000245316745   0.000595601254
  0.001157801654   0.001297445261   0.004074860316
  0.000124924352   0.000281579561   0.001940118767
 -0.032852803958   0.002288051332   0.000572738499
  0.007226665744   0.026387167853  -0.027002375248
 -0.000353332478   0.001395559053  -0.000439027643
  0.043606427511  -0.469601493452  -0.073815544269
  0.016014219143  -0.000001959447   0.001661603092
 -0.007093189515  -0.010505244742   0.005701242813
  0.003399380713  -0.001945830549  -0.001171779265
  0.001696895744   0.070206592381   0.010896665094
 -0.003785977170   0.078942842109  -0.004260625272
  0.002816235707   0.000501761640  -0.000716040976
   16    3  0.0000  0.0000  0.0080
  0.000072856055   0.000295807401  -0.000481085919
 -0.001140938591   0.000859327740   0.000062554543
 -0.000348967044   0.002410854720  -0.000203694653
 -0.000115224597   0.002462792456  -0.001248688988
 -0.000360042162   0.000088474752  -0.000147272353
  0.000111236996   0.000023981054  -0.000034933620
  0.049419999255   0.076843391451   0.158953236768
  0.002019739764   0.003435656881   0.039206032966
  0.001940159339   0.002342487535   0.003790086393
  0.000108277239  -0.000572778635  -0.000406432713
  0.001784708278   0.001936177725   0.001509317904
 -0.000473208496  -0.001603454969  -0.001041041698
  0.000495007592   0.000346180140  -0.001297329914
  0.004023134996  -0.015670419660   0.001790542217
  0.000628559116  -0.000459383475   0.001901396498
 -0.075472210805  -0.073782909767  -0.384428269356
  0.028702820076   0.001901704530   0.000966842144
 -0.004264456027  -0.005667587062   0.038772803626
 -0.005177596732   0.000663278489   0.001594806254
 -0.002905304536   0.010950670425   0.057647261224
  0.006494689939  -0.004252037135   0.083955503155
 -0.005543239656  -0.002552214593  -0.000861634478
   17    1  0.0080  0.0000  0.0000
  0.000188017823  -0.001768753193  -0.000846853988
  0.000500251034  -0.003177721798  -0.000346866340
 -0.000062111766  -0.000116444558  -0.000127383936
 -0.000061694160  -0.000117488404   0.000127460120
  0.000188322431  -0.001768576339   0.000847641579
  0.000500568897  -0.003177577053   0.000347867677
  0.005191802269   0.000044434087  -0.000373044171
 -0.000684228335   0.000801951307   0.000529087512
  0.224591967044  -0.008166134214   0.000000048080
  0.064853155938  -0.059413397181  -0.000000046967
  0.005191430259   0.000043856715   0.000373471926
 -0.000684030383   0.000802025520  -0.000529385838
 -0.005635422035  -0.000054590554  -0.007785616661
  0.001645832391   0.000715336905  -0.000001086823
 -0.005634100142  -0.000055621084   0.007786927011
  0.020504134584   0.016013127197   0.028689684064
 -0.475986298170   0.051313193786   0.000008134649
  0.020498933614   0.016008951177  -0.028698778907
 -0.000369717596  -0.001599135515   0.000001062904
  0.074445211397  -0.002926103132   0.003991711886
 -0.003625054995  -0.000474847694  -0.000012690987
  0.074443029901  -0.002926485977  -0.003981342790
   17    2  0.0000  0.0080  0.0000
  0.001112611130  -0.001026038514   0.000262276551
 -0.001615991933   0.004081285941  -0.000517744805
 -0.000115922596  -0.000143422491  -0.000181756870
 -0.000115905088  -0.000143389937   0.000180258151
  0.001112595149  -0.001026007079  -0.000263778549
 -0.001616040305   0.004081376121   0.000516207326
 -0.001519841999  -0.000609658192  -0.000500442580
 -0.002078542617  -0.000152127938  -0.000712267116
 -0.002964738049   0.040972900396  -0.000000601606
 -0.064652509779   0.200676577262  -0.000000014850
 -0.001519796093  -0.000609665317   0.000498903913
 -0.002078509084  -0.000152134201   0.000710777813
  0.006762025351   0.026140629978   0.027691873958
  0.000723414877   0.002161173155  -0.000000641339
  0.006761660464   0.026141379721  -0.027692085902
  0.009185782812  -0.000005772113   0.001889660986
  0.051333958823  -0.439651438445   0.000013869108
  0.009185872946  -0.000005807294  -0.001891145188
  0.000648775454  -0.004372709232  -0.000000707229
 -0.002902316271   0.072378511453   0.005667589613
 -0.002744590866  -0.001114576914  -0.000000735996
 -0.002901992325   0.072378913641  -0.005669495389
   17    3  0.0000  0.0000  0.0080
  0.000778967494  -0.000996225545   0.000199994357
  0.000333159411  -0.002117118073  -0.001624114630
  0.000220346187   0.000307576644   0.000079871540
 -0.000217331148  -0.000311176735   0.000082220761
 -0.000776285332   0.000986186029   0.000204088708
 -0.000332751725   0.002111872474  -0.001620748333
 -0.002102238970  -0.000393840937  -0.001623357757
 -0.001193877519   0.000401603385   0.000201313997
  0.000005137457  -0.000006057631   0.033937057302
 -0.000002681169  -0.000002750777   0.033939021642
  0.002107107239   0.000387520823  -0.001621624052
  0.001193126508  -0.000403843741   0.000202824375
 -0.003855825152   0.015913507434   0.000977681246
  0.000001801104   0.000000852075   0.001125643980
  0.003856323489  -0.015935948634   0.000981396156
  0.016294849586   0.001669929579   0.000981003076
 -0.000007459214   0.000005004797  -0.218592855489
 -0.016304581146  -0.001676675085   0.000981315299
 -0.000003370736  -0.000012404792   0.009643879834
  0.017471668385   0.024742541966   0.065966036666
 -0.000003454391  -0.000003011750   0.009641757008
 -0.017462630356  -0.024667541504   0.065937594312
   18    1  0.0080  0.0000  0.0000
  0.000059039104  -0.000100362943  -0.000159741170
 -0.000095260169   0.000231103514   0.000400477248
  0.000139152134  -0.002860044372  -0.000527537780
  0.000121516611   0.000279544047   0.000280600411
 -0.001893254994   0.000082068891  -0.000324679254
 -0.000472381768   0.002147873691  -0.000449792622
  0.000143267285   0.000965059074  -0.002738520141
  0.000116180030   0.000095714162   0.000383924400
 -0.001889206042  -0.000328209133  -0.000107135370
 -0.000478585084  -0.001466580002   0.001625294239
  0.054901066153   0.028794640305  -0.050903306216
  0.054909023420  -0.058486800102  -0.000512843241
  0.001669176690  -0.000380507267  -0.000657732454
 -0.006749212058  -0.000154530401  -0.008253665408
  0.020526784806  -0.018692208103  -0.000144115505
 -0.006743282907  -0.007090390035  -0.004266855897
  0.020516239491   0.009222768991  -0.016269711357
 -0.280170096664   0.043593379435   0.075480978554
  0.005320799553   0.004480267917   0.004587135819
  0.005307037256   0.001688881238   0.006149916596
  0.049806194149   0.007879899999   0.013678030401
  0.084955803003  -0.009901568904  -0.017270721252
   18    2  0.0000  0.0080  0.0000
  0.000215730844  -0.000035853837  -0.000091714148
 -0.000057715151   0.000001204983  -0.000027932576
 -0.002125088480   0.004062307157  -0.000340043243
  0.000349442890  -0.000567439011   0.001115321280
 -0.002197442420   0.005320067388   0.000126732509
 -0.000779403104  -0.000229570757   0.000302966713
  0.001165197364   0.001296071746  -0.004063310314
  0.000132601861   0.000275796315  -0.001933484970
  0.001049360825   0.001056461806  -0.002767097109
  0.001384914265   0.000243762550  -0.000589542601
  0.026185064032   0.085521339363  -0.072577633453
 -0.055925520387   0.205344414197  -0.007679535560
 -0.000344174732   0.001378985039   0.000433253215
  0.007224081118   0.026397217731   0.026991403476
 -0.032838326446   0.002244135868  -0.000560510580
 -0.007109471642  -0.010519582048  -0.005677310063
  0.016015661049   0.000030132792  -0.001674626067
  0.043549589192  -0.469559343106   0.073784108069
  0.003419882586  -0.001973088607   0.001163383009
  0.002816691221   0.000509334985   0.000718875968
 -0.003789253994   0.078961941013   0.004231655562
  0.001658179109   0.070241704434  -0.010884959117
   18    3  0.0000  0.0000  0.0080
  0.000361626964  -0.000094394784  -0.000141872846
 -0.000110881494  -0.000030346982  -0.000030053332
  0.000116912012  -0.002468114230  -0.001248913782
  0.000351887586  -0.002420179013  -0.000205463009
 -0.000068967957  -0.000299724297  -0.000479148490
  0.001145724295  -0.000865337008   0.000065687493
 -0.001783636498  -0.001939268815   0.001519527876
  0.000475116633   0.001594815130  -0.001038115278
 -0.001945711731  -0.002347297769   0.003796658100
 -0.000107023765   0.000565026348  -0.000400283185
 -0.049425874221  -0.076856877445   0.158954377870
 -0.002014984885  -0.003439420929   0.039197980420
 -0.000629665668   0.000439564150   0.001916558554
 -0.004007401043   0.015653503956   0.001775157704
 -0.000487881404  -0.000349012704  -0.001306159651
  0.004250327581   0.005667230377   0.038768920863
 -0.028699545831  -0.001895677601   0.000987619317
  0.075451345280   0.073794066317  -0.384391773695
  0.005189703981  -0.000666909164   0.001588287160
  0.005532579113   0.002563182203  -0.000840977856
 -0.006493684639   0.004300896622   0.083909395090
  0.002900035691  -0.010905724361   0.057602590676
   19    1  0.0080  0.0000  0.0000
  0.009680378035   0.014312110481  -0.023118595284
 -0.002890805866  -0.003900449700   0.006371335706
  0.015639986543   0.001303965144   0.002338333925
  0.015639870980   0.001304646866  -0.002335819240
  0.009680734311   0.014312226428   0.023120891285
 -0.002891007390  -0.003900698788  -0.006369192447
 -0.000017368831   0.000128071337   0.000388165512
 -0.000742786620  -0.000360006742   0.000509789122
 -0.000002856820  -0.000415255671   0.000001240612
  0.000181391707   0.000057078976   0.000001498194
 -0.000017452977   0.000127049895  -0.000384222510
 -0.000741652923  -0.000360681835  -0.000505335296
  0.074389297657   0.016551834620  -0.006265162234
  0.084946657510  -0.003438256017   0.000000094332
  0.074388276716   0.016552006947   0.006266388807
  0.005273473572   0.003399938369  -0.005233029227
 -0.000361706481   0.000716115640   0.000002260131
  0.005283507189   0.003405918963   0.005215977494
 -0.287786594675  -0.032986181700  -0.000006687942
 -0.012489501898   0.001501122867   0.002850399379
  0.025323651318  -0.029813766801   0.000000483071
 -0.012485491055   0.001503210722  -0.002848813390
   19    2  0.0000  0.0080  0.0000
  0.003917112471   0.001201672680  -0.003431189630
 -0.003230509122  -0.006191621548   0.005330999897
  0.011038054347  -0.001619722563  -0.000841277995
  0.011038292329  -0.001619752407   0.000840251471
  0.003917123096   0.001201648359   0.003430318801
 -0.003230508721  -0.006191677548  -0.005332211223
 -0.000490862195   0.000036150422  -0.000656877859
 -0.000286669801   0.000113106083   0.000284033475
  0.000816804398   0.000296875687  -0.000000474004
 -0.000127152081   0.000198329303  -0.000000419112
 -0.000490860886   0.000036122817   0.000655907356
 -0.000286697980   0.000113109684  -0.000284957130
  0.004938600918   0.054351879897   0.004759548675
  0.019899437113   0.051341618687  -0.000001543512
  0.004938551970   0.054351666973  -0.004760032415
  0.004499619755  -0.001941174982   0.000647263031
 -0.001557179501  -0.004339808319  -0.000000447983
  0.004499498552  -0.001941336350  -0.000648210036
 -0.032978840116  -0.206012014146   0.000011121070
  0.001782909939   0.031255323432  -0.026875123150
 -0.030389913694   0.004103814853  -0.000000384014
  0.001783189212   0.031255788983   0.026873704287
   19    3  0.0000  0.0000  0.0080
 -0.003266663675  -0.001978392625   0.003250750526
 -0.007850819933  -0.012030991263   0.023212140493
  0.022564529820  -0.000455946814   0.000110332730
 -0.022563643011   0.000452179680   0.000112232695
  0.003259892839   0.001975008895   0.003246365960
  0.007845006934   0.012025772514   0.023208043097
  0.000036158154   0.000354485393   0.000057493658
  0.000557901337   0.000147159751  -0.000180056889
  0.000000763107   0.000000694585  -0.000209208396
 -0.000001628131   0.000004000399  -0.001181557296
 -0.000043784367  -0.000355014556   0.000062919922
 -0.000568616946  -0.000140588765  -0.000178067798
  0.000511756007  -0.014332941584   0.083885928363
  0.000011783949  -0.000006538945   0.076462248033
 -0.000503832603   0.014325291720   0.083889287112
 -0.004559614585  -0.001175572757   0.001572043786
  0.000010420859   0.000003052408   0.009696432509
  0.004545309534   0.001176909444   0.001590385522
  0.000002431093   0.000052348487  -0.299437470015
  0.002753324754  -0.026396198228   0.000520795937
 -0.000003520348  -0.000017834098  -0.010221848588
 -0.002737154787   0.026373116360   0.000530808640
   20    1  0.0080  0.0000  0.0000
  0.009663466550  -0.027179718815   0.000843573969
 -0.002892145918   0.007469722470  -0.000186390920
 -0.000019396508   0.000276761129   0.000310902792
 -0.000744719485   0.000628630884  -0.000063082833
 -0.000014164554   0.000213416158  -0.000368649662
  0.000177499828  -0.000022311564   0.000039655759
  0.015634006087   0.001366947526   0.002293882048
  0.015633759544  -0.002670072921  -0.000037072207
  0.009661861200   0.012858606610   0.023959081099
 -0.002891106190  -0.003574352246  -0.006562650478
 -0.000743921811  -0.000259792551  -0.000577032998
 -0.000019373453  -0.000408221082  -0.000083673756
  0.074432640490  -0.013656720935   0.011251433169
  0.005287509172  -0.006195847291   0.000340262502
 -0.000377014297  -0.000331278583   0.000570788934
  0.084977842805   0.001684561103  -0.002924747374
  0.074432182982  -0.002918033363   0.017453845122
  0.005288072604   0.002801437509   0.005537661763
 -0.012501814039   0.001768523564   0.002728192272
 -0.287840644940   0.016527612390  -0.028604416470
  0.025357622539   0.014873377763  -0.025759103784
 -0.012502162606  -0.003253247755  -0.000162458945
   20    2  0.0000  0.0080  0.0000
 -0.004782160772   0.005076766528   0.000262674999
 -0.005183945568   0.018751535737   0.002368121186
  0.000272238774   0.000170988632   0.000442942960
  0.000625756618  -0.000301965886  -0.000087880701
 -0.000407192086  -0.000091655391  -0.000219173633
  0.000061532159  -0.000847534831  -0.000596721812
  0.014013947855   0.000233063628   0.000613902104
 -0.025066314430  -0.000891574369   0.000884574990
  0.000856424544   0.000389439966   0.001509282675
  0.008414638448   0.012939793737   0.023088479553
 -0.000351671191   0.000072496872  -0.000161550509
  0.000207269772  -0.000081845223  -0.000422074274
 -0.001999289469   0.080683556860   0.000894073565
 -0.006202597525   0.000901633069   0.000498475961
  0.000792135663   0.006158530168   0.006078501153
 -0.009979307054   0.070248986310   0.010915930216
 -0.002918472123   0.072388427211   0.024652004637
  0.001669478986   0.000491871164   0.002566844661
  0.001481366479   0.031232241038  -0.026346148424
  0.016602216763  -0.276078697925  -0.040493478597
  0.015154052011  -0.006628978417  -0.006200473200
 -0.003260107854  -0.014817078877  -0.000248307511
   20    3  0.0000  0.0000  0.0080
  0.001761487054  -0.001195205777  -0.000633104805
 -0.006729495983   0.019737195801  -0.001758528222
 -0.000403654493  -0.000569396098  -0.000094611000
  0.000038898227   0.000056381289   0.000219352076
  0.000702224400  -0.000218009538   0.000162628484
 -0.000114006689  -0.000597288574  -0.000156224685
  0.020849677942   0.000235723717  -0.001758703522
 -0.001715329855   0.001263864443  -0.000633316004
  0.005019565645   0.002968963418   0.004055896998
  0.001124092019   0.005723395762   0.004055297592
 -0.000526494007  -0.000305415790  -0.000156258746
 -0.000441049391   0.000590689801   0.000162605617
  0.004536377727   0.019897293869   0.057622609713
  0.001647811413   0.002330855787  -0.001265615759
 -0.001378899886   0.006078717760  -0.000860474325
  0.017258124017   0.010914199904   0.057619116130
  0.004018697301   0.005686908486   0.065928030864
  0.006189377439   0.000726773307  -0.000860082014
  0.002902084280  -0.026822353132   0.000544059534
 -0.028651145509  -0.040534476920  -0.229346080897
 -0.026255242555  -0.006205096765   0.000544854674
  0.000166900905   0.000236279248   0.046608548297
   21    1  0.0080  0.0000  0.0000
  0.000212336522   0.000059216683   0.000100787809
  0.000132886089  -0.000431904140  -0.000749257325
 -0.003592293329   0.004253226201  -0.001567151696
 -0.003592256017   0.004252986415   0.001564798608
  0.000211656136   0.000059248867  -0.000103849565
  0.000132605670  -0.000431261922   0.000745846549
 -0.003592959475  -0.003482685384   0.002897938998
 -0.003592555783  -0.000769118603   0.004465117503
  0.000212568921  -0.000117742020  -0.000001776761
  0.000132358822   0.000864120774  -0.000001754824
 -0.003592330630  -0.003482579287  -0.002901209612
 -0.003592360067  -0.000769713638  -0.004467926484
 -0.003638552242   0.001374634429   0.002390333796
  0.049856268924   0.007545541640  -0.000001368877
 -0.003638295749   0.001375311830  -0.002381493494
  0.049855956896  -0.003773159703   0.006545737605
 -0.003643813930  -0.002756548474  -0.000009972622
  0.049856044812  -0.003772055551  -0.006535895803
  0.025354912698  -0.030313425075  -0.000002664001
  0.025354577372   0.015151692694  -0.026245207183
 -0.194193568438   0.000008424749   0.000010899952
  0.025356812798   0.015155789514   0.026248067426
   21    2  0.0000  0.0080  0.0000
 -0.000034527125  -0.000854659155   0.000581526348
  0.000183515441  -0.000125729699   0.000156141830
 -0.005496420323   0.017596998905   0.001916999460
 -0.005496483568   0.017597272236  -0.001916426938
 -0.000034535671  -0.000854659905  -0.000580935186
  0.000183519653  -0.000125725880  -0.000155589490
 -0.004146014964  -0.005500297970   0.007789257675
  0.009633834150   0.014450450776  -0.022937694219
  0.000054497337   0.000149631835   0.000000283125
 -0.000378985023   0.000137716661   0.000000281211
 -0.004145974052  -0.005500552091  -0.007788725672
  0.009634007649   0.014450500344   0.022938153323
  0.000236550187   0.006978814272  -0.004662975606
 -0.015771846283   0.086418951972   0.000000518343
  0.000236589993   0.006978708811   0.004663625020
  0.007892949349   0.078966847744  -0.004246942934
 -0.000501901424  -0.001117274109   0.000000288676
  0.007893344992   0.078967280375   0.004247920654
 -0.029740818011   0.004132534848   0.000000375631
  0.014855381321  -0.006623016486  -0.006196284150
  0.000087924437  -0.299500838856  -0.000006469337
  0.014855391936  -0.006622954628   0.006196672236
   21    3  0.0000  0.0000  0.0080
 -0.000055073555   0.000576687165  -0.000173989366
  0.000319799193   0.000155172172   0.000063734402
 -0.007956639729   0.021131097703   0.000110926137
  0.007949495656  -0.021113761899   0.000104720563
  0.000055357685  -0.000584380473  -0.000180113862
 -0.000320435088  -0.000158671587   0.000062964245
 -0.008730839889  -0.011418850995   0.023217698119
 -0.000768198776  -0.003754211874   0.003252810478
  0.000005727569  -0.000002142722  -0.001181638824
 -0.000000851093  -0.000001444452  -0.000207295758
  0.008720201105   0.011396295488   0.023213314896
  0.000778713341   0.003733941060   0.003247315966
  0.000405043246  -0.004685972988   0.001596330183
 -0.000005566923   0.000053830659   0.076444856128
 -0.000416318373   0.004669232227   0.001567370466
 -0.013676080469  -0.004301015026   0.083899126843
 -0.000021985142   0.000001741595   0.009688394266
  0.013712802581   0.004329631268   0.083916488879
 -0.000025681929   0.000019756815  -0.010223605862
 -0.025836716155  -0.006211080291   0.000533955156
  0.000101330296  -0.000051849225  -0.299473285244
  0.025765916449   0.006215995379   0.000519922188
   22    1  0.0080  0.0000  0.0000
 -0.000017435797   0.000212648475   0.000369246554
  0.000175049982  -0.000026276456  -0.000043882883
 -0.000751207868   0.000629441075   0.000057404735
 -0.000020947360   0.000271198274  -0.000315363884
  0.009655306834  -0.027190214649  -0.000845927410
 -0.002897199597   0.007468911070   0.000191574465
 -0.000752023041  -0.000263847311   0.000577251639
 -0.000024072618  -0.000408774354   0.000080749084
  0.009653806739   0.012861977121  -0.023969821111
 -0.002897904902  -0.003567913346   0.006564978990
  0.015641623698   0.001368919787  -0.002285527298
  0.015639080864  -0.002660250732   0.000039267107
 -0.000359486414  -0.000330843490  -0.000570310870
  0.005279192974  -0.006203929951  -0.000355335779
  0.074432389365  -0.013682090471  -0.011257313329
  0.005267342738   0.002792780648  -0.005541967153
  0.074433574311  -0.002907758802  -0.017476894150
  0.085075352684   0.001709142192   0.002949045878
 -0.012479332381   0.001759825385  -0.002725482895
 -0.012475541517  -0.003246542544   0.000169254236
  0.025377655484   0.014862194576   0.025700144627
 -0.287955224179   0.016551403503   0.028688909448
   22    2  0.0000  0.0080  0.0000
 -0.000405002763  -0.000089422818   0.000220310673
  0.000063624456  -0.000846024995   0.000597434910
  0.000627938938  -0.000300384390   0.000089764148
  0.000274772230   0.000174342952  -0.000441365187
 -0.004782565858   0.005078793458  -0.000260073077
 -0.005181443766   0.018755944938  -0.002369288874
 -0.000350494169   0.000074443004   0.000161015758
  0.000208732238  -0.000082199830   0.000421346224
  0.000864287893   0.000389016109  -0.001508855502
  0.008417881585   0.012944078204  -0.023092015837
  0.014014990843   0.000231645530  -0.000613181588
 -0.025069242880  -0.000893516186  -0.000882916725
  0.000795451006   0.006159517410  -0.006076832762
 -0.006198951038   0.000902856380  -0.000490373653
 -0.002012592143   0.080713606104  -0.000876385201
  0.001670134377   0.000494514167  -0.002568181177
 -0.002908454622   0.072373504955  -0.024674271980
 -0.009987061888   0.070221965558  -0.010910004223
  0.001482349536   0.031242624512   0.026357189782
 -0.003258212079  -0.014806863718   0.000236165071
  0.015148777914  -0.006624100198   0.006204270341
  0.016585080192  -0.276114341148   0.040476248879
   22    3  0.0000  0.0000  0.0080
 -0.000699587704   0.000209589129   0.000156683585
  0.000116674490   0.000589992571  -0.000160478532
 -0.000035848007  -0.000064218765   0.000213393382
  0.000407291107   0.000563525842  -0.000100520659
 -0.001757512568   0.001192122057  -0.000638846465
  0.006732360343  -0.019743258179  -0.001770032089
  0.000527677283   0.000296702552  -0.000164683845
  0.000443359185  -0.000597352081   0.000158184117
 -0.005014994009  -0.002980158723   0.004054792135
 -0.001124917625  -0.005737917516   0.004051514039
 -0.020850011336  -0.000244704324  -0.001768005662
  0.001719037778  -0.001274851923  -0.000643672846
  0.001371270045  -0.006086853238  -0.000853482060
 -0.001628220432  -0.002326040615  -0.001263082603
 -0.004557266308  -0.019892430988   0.057581479220
 -0.006176954398  -0.000728673824  -0.000846194771
 -0.004070156501  -0.005736938930   0.065962902749
 -0.017245392288  -0.010923113866   0.057572356778
 -0.002926012830   0.026848764710   0.000544454675
 -0.000192297945  -0.000250325812   0.046637043660
  0.026284225555   0.006209920095   0.000553978415
  0.028677276165   0.040676221827  -0.229277783224
