#  T(K)     E(eV/cell)    F(eV/cell)    Fc(eV/cell)   S(kB/cell)    Cv(kB/cell)
   10.00    7.59238418    7.59229899    0.44587303    0.09886003    0.31467786
   20.00    7.59354683    7.59193705    0.74839126    0.93402941    2.89160876
   30.00    7.59799488    7.59033723    0.99680112    2.96209440    7.61991828
   40.00    7.60678299    7.58658210    1.21007293    5.86050293   12.74579471
   50.00    7.61982492    7.58010624    1.39721632    9.21826653   17.41401916
   60.00    7.63659231    7.57064442    1.56353785   12.75481282   21.38355592
   70.00    7.65649170    7.55811962    1.71254392   16.30790963   24.70415707
   80.00    7.67902681    7.54255733    1.84672667   19.79566085   27.52833269
   90.00    7.70383851    7.52403102    1.96794946   23.18407370   30.01124165
  100.00    7.73068697    7.50263120    2.07765865   26.46461203   32.27155888
  110.00    7.75941626    7.47844995    2.17700967   29.64053420   34.38611250
  120.00    7.78992145    7.45157429    2.26694692   32.71943158   36.39826824
  130.00    7.82212461    7.42208424    2.34825677   35.70959567   38.32911495
  140.00    7.85595987    7.39005295    2.42160426   38.61851788   40.18691320
  150.00    7.89136545    7.35554763    2.48755912   41.45246474   41.97367522
  160.00    7.92828007    7.31863063    2.54661495   44.21653073   43.68917172
  170.00    7.96664216    7.27936033    2.59920353   46.91485845   45.33306615
  180.00    8.00639014    7.23779184    2.64570574   49.55088121   46.90584906
  190.00    8.04746333    7.19397757    2.68646007   52.12753014   48.40908283
  200.00    8.08980283    7.14796754    2.72176932   54.64739067   49.84529811
  210.00    8.13335224    7.09980968    2.75190598   57.11281171   51.21774918
  220.00    8.17805820    7.04954993    2.77711656   59.52597711   52.53014281
  230.00    8.22387062    6.99723243    2.79762513   61.88894966   53.78639646
  240.00    8.27074283    6.94289959    2.81363625   64.20369645   54.99044717
  250.00    8.31863150    6.88659214    2.82533743   66.47210231   56.14611381
  260.00    8.36749651    6.82834923    2.83290117   68.69597624   57.25700690
  270.00    8.41730075    6.76820849    2.83648666   70.87705388   58.32647653
  280.00    8.46800985    6.70620606    2.83624134   73.01699822   59.35758906
  290.00    8.51959198    6.64237672    2.83230206   75.11739976   60.35312411
  300.00    8.57201758    6.57675386    2.82479626   77.17977673   61.31558492
