#  T(K)     E(eV/cell)    F(eV/cell)    Fc(eV/cell)   S(kB/cell)    Cv(kB/cell)
    0.00           NaN   12.94727254           NaN           NaN           NaN
   10.00   12.94733571   12.94725472    0.66292439    0.09399220    0.34946141
   20.00   12.94861325   12.94685858    1.13948755    1.01809815    2.93159248
   30.00   12.95244144   12.94525574    1.54570982    2.77953507    5.81928551
   40.00   12.95836794   12.94201406    1.90625262    4.74444372    7.78993828
   50.00   12.96567116   12.93710344    2.23282848    6.63025095    9.07768037
   60.00   12.97391585   12.93062897    2.53233593    8.37200516   10.02224571
   70.00   12.98290971   12.92271326    2.80933327    9.97923679   10.84295284
   80.00   12.99260109   12.91346061    3.06706029   11.47976929   11.65337056
   90.00   13.00300509   12.90295092    3.30793938   12.90081554   12.50119529
  100.00   13.01416140   12.89124291    3.53385078   14.26401163   13.40006239
  110.00   13.02611432   12.87837921    3.74629656   15.58531234   14.34941842
  120.00   13.03890555   12.86439068    3.94650443   16.87623899   15.34495222
  130.00   13.05257321   12.84929969    4.13549669   18.14520700   16.38306707
  140.00   13.06715314   12.83312230    4.31413788   19.39856156   17.46215039
  150.00   13.08268063   12.81586975    4.48316865   20.64128581   18.58238814
  160.00   13.09919166   12.79754940    4.64323069   21.87744856   19.74507982
  170.00   13.11672351   12.77816537    4.79488529   23.11047168   20.95191143
  180.00   13.13531491   12.75771908    4.93862762   24.34328290   22.20436795
  190.00   13.15500560   12.73620961    5.07489769   25.57840026   23.50333174
  200.00   13.17583574   12.71363401    5.20408917   26.81797884   24.84885361
  210.00   13.19784516   12.68998763    5.32655629   28.06383839   26.24006293
  220.00   13.22107251   12.66526439    5.44261950   29.31748285   27.67517971
  230.00   13.24555457   12.63945703    5.55257009   30.58011763   29.15159560
  240.00   13.27132554   12.61255740    5.65667400   31.85266772   30.66599665
  250.00   13.29841652   12.58455665    5.75517499   33.13579752   32.21450723
  260.00   13.32685507   12.55544545    5.84829729   34.42993266   33.79283967
  270.00   13.35666496   12.52521422    5.93624789   35.73528322   35.39643903
  280.00   13.38786594   12.49385328    6.01921842   37.05186784   37.02061617
  290.00   13.42047371   12.46135299    6.09738681   38.37953798   38.66066480
