#  T(K)     E(eV/cell)    F(eV/cell)    Fc(eV/cell)   S(kB/cell)    Cv(kB/cell)
   10.00   16.71816500   16.71770395    0.98698937    0.53502524    1.22276827
   20.00   16.72115299   16.71643568    1.67397716    2.73708716    6.33089312
   30.00   16.72968936   16.71248729    2.24773124    6.65401702   13.58640277
   40.00   16.74446559   16.70469178    2.74795118   11.53882543   20.54543316
   50.00   16.76476468   16.69250352    3.19349164   16.77101690   26.36939501
   60.00   16.78960537   16.67578615    3.59545776   22.01348592   31.12898110
   70.00   16.81819238   16.65460390    3.96118745   27.11934253   35.11258278
   80.00   16.84997255   16.62910054    4.29589607   32.03872057   38.57638232
   90.00   16.88458147   16.59944138    4.60348312   36.76548044   41.70248295
  100.00   16.92178412   16.56578808    4.88697541   41.31137329   44.61239732
  110.00   16.96143107   16.52828899    5.14879095   45.69431372   47.38616199
  120.00   17.00342935   16.48707633    5.39090608   49.93326274   50.07670843
  130.00   17.04772347   16.44226635    5.61496649   54.04611781   52.71932108
  140.00   17.09428299   16.39396066    5.82236389   58.04895495   55.33764467
  150.00   17.14309425   16.34224784    6.01429058   61.95586717   57.94748280
  160.00   17.19415473   16.28720517    6.19177955   65.77905339   60.55921844
  170.00   17.24746912   16.22890017    6.35573435   69.52899966   63.17937989
  180.00   17.30304645   16.16739198    6.50695208   73.21468195   65.81167718
  190.00   17.36089800   16.10273259    6.64614109   76.84376070   68.45770977
  200.00   17.42103571   16.03496789    6.77393508   80.42275609   71.11746914
  210.00   17.48347093   15.96413859    6.89090429   83.95720167   73.78971214
  220.00   17.54821355   15.89028102    6.99756458   87.45177761   76.47225072
  230.00   17.61527124   15.81342777    7.09438488   90.91042583   79.16218588
  240.00   17.68464892   15.73360834    7.18179327   94.33644971   81.85610199
  250.00   17.75634842   15.65084963    7.26018217   97.73260074   84.55023112
  260.00   17.83036823   15.56517636    7.32991254  101.10115413   87.24059304
  270.00   17.90670334   15.47661149    7.39131757  104.44397502   89.92311425
  280.00   17.98534524   15.38517651    7.44470575  107.76257664   92.59372828
  290.00   18.06628195   15.29089176    7.49036353  111.05817148   95.24845888
  300.00   18.14949812   15.19377663    7.52855757  114.33171631   97.88348761
