#  T(K)     E(eV/cell)    F(eV/cell)    Fc(eV/cell)   S(kB/cell)    Cv(kB/cell)
   10.00    6.69813729    6.69803870    0.37190865    0.11440559    0.38036184
   20.00    6.69935788    6.69763191    0.62913452    1.00144576    2.78292167
   30.00    6.70327265    6.69604957    0.84307410    2.79399579    6.38913028
   40.00    6.71038720    6.69265733    1.02890349    5.14363426   10.07754392
   50.00    6.72051066    6.68711152    1.19383035    7.75157163   13.32494673
   60.00    6.73318587    6.67927941    1.34209987   10.42591168   15.99818813
   70.00    6.74793221    6.66915491    1.47651715   13.05952984   18.14755038
   80.00    6.76434340    6.65679867    1.59907588   15.59996384   19.88125944
   90.00    6.78210928    6.64230158    1.71126675   18.02656794   21.30851821
  100.00    6.80100622    6.62576406    1.81424681   20.33588351   22.51942036
  110.00    6.82087845    6.60728541    1.90894042   22.53299253   23.58158672
  120.00    6.84161980    6.58695868    1.99610308   24.62667928   24.54318924
  130.00    6.86315886    6.56486875    2.07636389   26.62686127   25.43756544
  140.00    6.88544816    6.54109194    2.15025486   28.54331142   26.28747536
  150.00    6.90845645    6.51569645    2.21823179   30.38508571   27.10841644
  160.00    6.93216365    6.48874305    2.28068955   32.16031924   27.91099001
  170.00    6.95655725    6.46028591    2.33797355   33.87620410   28.70250626
  180.00    6.98163006    6.43037341    2.39038850   35.53904889   29.48803944
  190.00    7.00737852    6.39904882    2.43820519   37.15436862   30.27111028
  200.00    7.03380161    6.36635097    2.48166585   38.72697996   31.05412611
  210.00    7.06090004    6.33231481    2.52098849   40.26109066   31.83866814
  220.00    7.08867555    6.29697190    2.55637029   41.76037931   32.62568453
  230.00    7.11713050    6.26035082    2.58799052   43.22806439   33.41562624
  240.00    7.14626747    6.22247758    2.61601283   44.66696381   34.20854817
  250.00    7.17608894    6.18337589    2.64058722   46.07954580   35.00418927
  260.00    7.20659703    6.14306747    2.66185168   47.46797274   35.80203899
  270.00    7.23779337    6.10157231    2.67993358   48.83413905   36.60139441
  280.00    7.26967889    6.05890887    2.69495084   50.17970410   37.40141021
  290.00    7.30225376    6.01509424    2.70701298   51.50612098   38.20114254
  300.00    7.33551731    5.97014438    2.71622192   52.81466186   38.99958728
