#  T(K)     E(eV/cell)    F(eV/cell)    Fc(eV/cell)   S(kB/cell)    Cv(kB/cell)
    0.00           NaN    0.30216060           NaN           NaN           NaN
   10.00    0.30241750    0.30204486    0.01791127    0.43242861    0.70720419
   20.00    0.30314218    0.30140616    0.02984943    1.00728143    0.91500224
   30.00    0.30395433    0.30036401    0.03953307    1.38878890    0.96110369
   40.00    0.30479079    0.29904155    0.04775262    1.66791831    0.97789351
   50.00    0.30563725    0.29750643    0.05488349    1.88707355    0.98579155
   60.00    0.30648880    0.29580034    0.06114679    2.06722797    0.99021745
   70.00    0.30734353    0.29395140    0.06668860    2.22011812    0.99346259
   80.00    0.30820119    0.29197974    0.07161278    2.35301169    0.99732976
   90.00    0.30906314    0.28990036    0.07599696    2.47081624    1.00375218
  100.00    0.30993242    0.28772465    0.07990140    2.57708908    1.01464725
  110.00    0.31081360    0.28546134    0.08337426    2.67453623    1.03156639
  120.00    0.31171231    0.28311708    0.08645487    2.76526594    1.05545093
  130.00    0.31263473    0.28069692    0.08917601    2.85092833    1.08657955
  140.00    0.31358701    0.27820465    0.09156539    2.93280510    1.12466335
  150.00    0.31457486    0.27564310    0.09364674    3.01187756    1.16901034
  160.00    0.31560331    0.27301434    0.09544063    3.08888383    1.21869671
  170.00    0.31667650    0.27031991    0.09696505    3.16436829    1.27271010
  180.00    0.31779775    0.26756095    0.09823587    3.23872400    1.33005273
  190.00    0.31896951    0.26473829    0.09926719    3.31222810    1.38980607
  200.00    0.32019351    0.26185259    0.10007164    3.38507070    1.45116441
  210.00    0.32147082    0.25890435    0.10066057    3.45737774    1.51344654
  220.00    0.32280200    0.25589401    0.10104424    3.52922869    1.57609323
  230.00    0.32418716    0.25282192    0.10123199    3.60067006    1.63865684
  240.00    0.32562606    0.24968844    0.10123235    3.67172547    1.70078717
  250.00    0.32711822    0.24649390    0.10105313    3.74240306    1.76221643
  260.00    0.32866294    0.24323861    0.10070151    3.81270088    1.82274491
  270.00    0.33025938    0.23992291    0.10018414    3.88261073    1.88222804
  280.00    0.33190659    0.23654713    0.09950714    3.95212089    1.94056527
  290.00    0.33360355    0.23311163    0.09867624    4.02121794    1.99769080
  300.00    0.33534921    0.22961678    0.09769672    4.08988810    2.05356592
