#  T(K)     E(eV/cell)    F(eV/cell)    Fc(eV/cell)   S(kB/cell)    Cv(kB/cell)
    0.00           NaN    1.62497282           NaN           NaN           NaN
   10.00    1.62703976    1.62205203    0.07561548    5.78798802    2.95814414
   20.00    1.62970833    1.61605416    0.12614387    7.92245458    3.25771377
   30.00    1.63264335    1.60860178    0.16720330    9.29963874    3.53368182
   40.00    1.63576558    1.60012120    0.20211356   10.34083240    3.69745029
   50.00    1.63899644    1.59083794    0.23245136   11.17705462    3.79308016
   60.00    1.64229335    1.58089745    0.25914532   11.87442442    3.85515003
   70.00    1.64563720    1.57040105    0.28280909   12.47248632    3.90480862
   80.00    1.64902359    1.55942242    0.30387877   12.99715157    3.95567739
   90.00    1.65245758    1.54801661    0.32268046   13.46644212    4.01638203
  100.00    1.65594996    1.53622545    0.33946726   13.89336860    4.09171817
  110.00    1.65951434    1.52408110    0.35444139   14.28752642    4.18359117
  120.00    1.66316503    1.51160856    0.36776811   14.65607526    4.29192146
  130.00    1.66691573    1.49882749    0.37958504   15.00439410    4.41543736
  140.00    1.67077876    1.48575347    0.39000855   15.33654521    4.55228444
  150.00    1.67476474    1.47239905    0.39913835   15.65561321    4.70044038
  160.00    1.67888255    1.45877445    0.40706082   15.96395569    4.85796399
  170.00    1.68313952    1.44488809    0.41385152   16.26338906    5.02312168
  180.00    1.68754155    1.43074702    0.41957711   16.55532585    5.19443274
  190.00    1.69209342    1.41635720    0.42429681   16.84087596    5.37066644
  200.00    1.69679890    1.40172374    0.42806363   17.12092098    5.55081412
  210.00    1.70166100    1.38685106    0.43092525   17.39616877    5.73405176
  220.00    1.70668210    1.37174305    0.43292480   17.66719350    5.91970152
  230.00    1.71186400    1.35640313    0.43410150   17.93446515    6.10719742
  240.00    1.71720810    1.34083438    0.43449115   18.19837145    6.29605675
  250.00    1.72271538    1.32503953    0.43412655   18.45923418    6.48585789
  260.00    1.72838649    1.30902110    0.43303791   18.71732162    6.67622385
  270.00    1.73422177    1.29278139    0.43125307   18.97285811    6.86681080
  280.00    1.74022126    1.27632250    0.42879784   19.22603143    7.05730046
  290.00    1.74638475    1.25964640    0.42569616   19.47699882    7.24739548
  300.00    1.75271178    1.24275493    0.42197035   19.72589176    7.43681693
