#  T(K)     E(eV/cell)    F(eV/cell)    Fc(eV/cell)   S(kB/cell)    Cv(kB/cell)
    0.00           NaN    1.71608870           NaN           NaN           NaN
   10.00    1.71749549    1.71326730    0.09049283    4.90658090    2.48292534
   20.00    1.71984127    1.70815758    0.15231471    6.77914020    2.85280348
   30.00    1.72234079    1.70177764    0.20331491    7.95413351    2.93297280
   40.00    1.72488298    1.69454080    0.24728750    8.80260595    2.96381565
   50.00    1.72744728    1.68665896    0.28603440    9.46651866    2.98866862
   60.00    1.73003808    1.67825850    0.32061694   10.01455635    3.02774739
   70.00    1.73267236    1.66942106    0.35173638   10.48566302    3.09028649
   80.00    1.73537095    1.66020186    0.37989116   10.90369741    3.17649161
   90.00    1.73815250    1.65063965    0.40545394   11.28375966    3.28193477
  100.00    1.74103133    1.64076263    0.42871401   11.63562874    3.40147130
  110.00    1.74401777    1.63059211    0.44990244   11.96583771    3.53119579
  120.00    1.74711954    1.62014468    0.46920812   12.27894189    3.66887732
  130.00    1.75034303    1.60943358    0.48678831   12.57827948    3.81367051
  140.00    1.75369436    1.59846952    0.50277604   12.86641856    3.96563198
  150.00    1.75717992    1.58726122    0.51728524   13.14541687    4.12528274
  160.00    1.76080660    1.57581583    0.53041463   13.41697293    4.29328786
  170.00    1.76458187    1.56413910    0.54225058   13.68251533    4.47025152
  180.00    1.76851367    1.55223570    0.55286925   13.94325744    4.65660203
  190.00    1.77261018    1.54010930    0.56233834   14.20023285    4.85254006
  200.00    1.77687966    1.52776275    0.57071842   14.45432022    5.05802801
  210.00    1.78133024    1.51519822    0.57806398   14.70626215    5.27280446
  220.00    1.78596975    1.50241728    0.58442432   14.95668076    5.49641250
  230.00    1.79080555    1.48942101    0.58984426   15.20609114    5.72823468
  240.00    1.79584438    1.47621010    0.59436471   15.45491355    5.96752948
  250.00    1.80109235    1.46278490    0.59802318   15.70348456    6.21346665
  260.00    1.80655480    1.44914550    0.60085415   15.95206735    6.46515935
  270.00    1.81223630    1.43529181    0.60288948   16.20086118    6.72169244
  280.00    1.81814061    1.42122358    0.60415864   16.45001014    6.98214637
  290.00    1.82427073    1.40694046    0.60468901   16.69961107    7.24561684
  300.00    1.83062888    1.39244204    0.60450608   16.94972078    7.51123035
