#  T(K)     E(eV/cell)    F(eV/cell)    Fc(eV/cell)   S(kB/cell)    Cv(kB/cell)
    0.00           NaN    1.19292253           NaN           NaN           NaN
   10.00    1.19512205    1.18858335    0.04953784    7.58779844    2.96501882
   20.00    1.19769214    1.18105355    0.08115633    9.65408291    2.99135912
   30.00    1.20027451    1.17217587    0.10601128   10.86897362    3.00411371
   40.00    1.20287775    1.16241820    0.12647397   11.73776635    3.04387021
   50.00    1.20553063    1.15199766    0.14367061   12.42441077    3.11792688
   60.00    1.20825698    1.14103632    0.15826451   13.00097782    3.21140506
   70.00    1.21106651    1.12961194    0.17069398   13.50336104    3.30897734
   80.00    1.21395879    1.11777913    0.18127054   13.95139757    3.40277801
   90.00    1.21692950    1.10557908    0.19022710   14.35733472    3.49105504
  100.00    1.21997432    1.09304426    0.19774446   14.72953243    3.57511802
  110.00    1.22309056    1.08020098    0.20396706   15.07413249    3.65715513
  120.00    1.22627734    1.06707090    0.20901292   15.39585636    3.73914590
  130.00    1.22953529    1.05367207    0.21298037   15.69842671    3.82250202
  140.00    1.23286597    1.04001966    0.21595252   15.98482074    3.90807099
  150.00    1.23627152    1.02612655    0.21800059   16.25744162    3.99627008
  160.00    1.23975425    1.01200372    0.21918628   16.51824385    4.08723396
  170.00    1.24331656    0.99766066    0.21956357   16.76882880    4.18093205
  180.00    1.24696074    0.98310558    0.21918006   17.01051852    4.27724721
  190.00    1.25068900    0.96834566    0.21807806   17.24441288    4.37602240
  200.00    1.25450337    0.95338721    0.21629543   17.47143385    4.47708493
  210.00    1.25840576    0.93823579    0.21386623   17.69235977    4.58025704
  220.00    1.26239790    0.92289639    0.21082126   17.90785199    4.68535919
  230.00    1.26648137    0.90737342    0.20718855   18.11847558    4.79220997
  240.00    1.27065761    0.89167087    0.20299365   18.32471566    4.90062513
  250.00    1.27492788    0.87579233    0.19826001   18.52699031    5.01041678
  260.00    1.27929329    0.85974106    0.19300919   18.72566093    5.12139327
  270.00    1.28375477    0.84352003    0.18726109   18.92104073    5.23335991
  280.00    1.28831309    0.82713194    0.18103414   19.11340158    5.34612016
  290.00    1.29296886    0.81057931    0.17434544   19.30297983    5.45947746
  300.00    1.29772249    0.79386444    0.16721093   19.48998114    5.57323709
