             0.00000             0.00180
             0.10000             0.01171
             0.20000             0.01621
             0.30000             0.01531
             0.40000             0.01261
             0.50000             0.02072
             0.60000             0.01982
             0.70000             0.03873
             0.80000             0.04684
             0.90000             0.05044
             1.00000             0.05675
             1.10000             0.04954
             1.20000             0.08557
             1.30000             0.11710
             1.40000             0.06575
             1.50000             0.08197
             1.60000             0.06485
             1.70000             0.10449
             1.80000             0.11980
             1.90000             0.12700
             2.00000             0.08197
             2.10000             0.10809
             2.20000             0.12520
             2.30000             0.05134
             2.40000             0.10809
             2.50000             0.11169
             2.60000             0.19726
             2.70000             0.15763
             2.80000             0.19636
             2.90000             0.26302
             3.00000             0.13511
             3.10000             0.03603
             3.20000             0.06936
             3.30000             0.19546
             3.40000             0.20717
             3.50000             0.21978
             3.60000             0.15583
             3.70000             0.21618
             3.80000             0.12340
             3.90000             0.05945
             4.00000             0.12070
             4.10000             0.12971
             4.20000             0.05675
             4.30000             0.12340
             4.40000             0.16213
             4.50000             0.28734
             4.60000             0.21708
             4.70000             0.17654
             4.80000             0.27022
             4.90000             0.09908
             5.00000             0.10268
             5.10000             0.00540
             5.20000             0.00000
             5.30000             0.00000
             5.40000             0.00000
             5.50000             0.00000
             5.60000             0.00000
             5.70000             0.10809
             5.80000             0.07656
             5.90000             0.18465
             6.00000             0.17114
             6.10000             0.16844
             6.20000             0.04504
             6.30000             0.04143
             6.40000             0.04143
             6.50000             0.04053
             6.60000             0.04053
             6.70000             0.05404
             6.80000             0.02702
             6.90000             0.03063
             7.00000             0.05134
             7.10000             0.00000
             7.20000             0.00000
             7.30000             0.00000
             7.40000             0.00000
             7.50000             0.00000
             7.60000             0.00000
             7.70000             0.00000
             7.80000             0.00000
             7.90000             0.00000
             8.00000             0.00000
             8.10000             0.00000
             8.20000             0.00000
             8.30000             0.00000
             8.40000             0.00000
             8.50000             0.00000
             8.60000             0.00000
             8.70000             0.00000
             8.80000             0.00000
             8.90000             0.00000
             9.00000             0.00000
             9.10000             0.00000
             9.20000             0.00000
             9.30000             0.00000
             9.40000             0.00000
             9.50000             0.00000
             9.60000             0.00000
             9.70000             0.00000
             9.80000             0.00000
             9.90000             0.00000
            10.00000             0.00000
            10.10000             0.00000
            10.20000             0.00000
            10.30000             0.00000
            10.40000             0.00000
            10.50000             0.00000
            10.60000             0.00000
            10.70000             0.00000
            10.80000             0.00000
            10.90000             0.00000
            11.00000             0.00000
            11.10000             0.00000
            11.20000             0.00000
            11.30000             0.00000
            11.40000             0.00000
            11.50000             0.00000
            11.60000             0.00000
            11.70000             0.00000
            11.80000             0.00000
            11.90000             0.00000
            12.00000             0.00000
            12.10000             0.00000
            12.20000             0.00000
            12.30000             0.00000
            12.40000             0.00000
            12.50000             0.00000
            12.60000             0.00000
            12.70000             0.00000
            12.80000             0.00000
            12.90000             0.05224
            13.00000             0.07476
            13.10000             0.07926
            13.20000             0.06846
            13.30000             0.11890
            13.40000             0.06846
            13.50000             0.05404
            13.60000             0.05314
            13.70000             0.07386
            13.80000             0.08017
            13.90000             0.17294
            14.00000             0.12070
            14.10000             0.06395
            14.20000             0.00000
            14.30000             0.00000
            14.40000             0.00000
            14.50000             0.00000
            14.60000             0.00000
            14.70000             0.00000
            14.80000             0.00000
            14.90000             0.00000
            15.00000             0.00000
            15.10000             0.00000
            15.20000             0.00000
            15.30000             0.00000
            15.40000             0.00000
            15.50000             0.00000
            15.60000             0.00000
            15.70000             0.00000
            15.80000             0.00000
            15.90000             0.00000
            16.00000             0.00000
            16.10000             0.00000
            16.20000             0.00000
            16.30000             0.00000
            16.40000             0.00000
            16.50000             0.00000
            16.60000             0.00000
            16.70000             0.00000
            16.80000             0.00000
            16.90000             0.00000
            17.00000             0.00000
            17.10000             0.00000
            17.20000             0.17654
            17.30000             0.50351
            17.40000             0.40083
            17.50000             0.00000
            17.60000             0.00000
            17.70000             0.00000
            17.80000             0.00000
            17.90000             0.00000
            18.00000             0.00000
            18.10000             0.00000
            18.20000             0.02882
            18.30000             0.22248
            18.40000             0.38462
            18.50000             0.22338
            18.60000             0.10268
            18.70000             0.11890
            18.80000             0.00000
            18.90000             0.00000
            19.00000             0.00000
            19.10000             0.00000
            19.20000             0.00000
            19.30000             0.00000
            19.40000             0.00000
            19.50000             0.00000
            19.60000             0.00000
            19.70000             0.00000
            19.80000             0.00000
            19.90000             0.00000
            20.00000             0.00000
            20.10000             0.00000
            20.20000             0.00000
            20.30000             0.00000
            20.40000             0.00000
            20.50000             0.00000
            20.60000             0.00000
            20.70000             0.00000
            20.80000             0.00000
            20.90000             0.00000
            21.00000             0.00000
            21.10000             0.00000
            21.20000             0.00000
            21.30000             0.00000
            21.40000             0.00000
            21.50000             0.00000
            21.60000             0.00000
            21.70000             0.00000
            21.80000             0.00000
            21.90000             0.00000
            22.00000             0.00000
            22.10000             0.00000
            22.20000             0.00000
            22.30000             0.00000
            22.40000             0.00000
            22.50000             0.00000
            22.60000             0.00000
            22.70000             0.00000
            22.80000             0.00000
            22.90000             0.00000
            23.00000             0.00000
            23.10000             0.00000
            23.20000             0.00000
            23.30000             0.00000
            23.40000             0.00000
            23.50000             0.00000
            23.60000             0.00000
            23.70000             0.00000
            23.80000             0.00000
            23.90000             0.00000
            24.00000             0.00000
            24.10000             0.00000
            24.20000             0.00000
            24.30000             0.00000
            24.40000             0.00000
            24.50000             0.00000
            24.60000             0.00000
            24.70000             0.00000
            24.80000             0.00000
            24.90000             0.00000
