48
1 0.00060349 0.00000000 -0.00000000
   -0.58408500     -0.10177700     -0.06305100
    0.00750800      0.00209800     -0.00053300
    0.00747600     -0.00217600      0.00006100
   -0.01225200      0.00687100     -0.00355200
    0.08538000     -0.01263200      0.03349000
   -0.00109400      0.00011900      0.00100900
   -0.00106200      0.00014600     -0.00074200
    0.00078100     -0.00157700      0.00145500
   -0.02875800     -0.00772800      0.00555600
    0.00256600     -0.00084400     -0.00177700
    0.00246000      0.00097900      0.00175100
    0.01359900      0.00602800     -0.01356300
   -0.00994500      0.00188100     -0.01031200
    0.00045900      0.00012800      0.00003000
    0.00035600     -0.00011900     -0.00011800
    0.00138100     -0.00061200      0.00078400
    0.01735700     -0.00307500      0.01403000
    0.00021700      0.00042400     -0.00043800
    0.00039400     -0.00031300      0.00016700
    0.00030800     -0.00033800     -0.00093300
    0.01031600     -0.00055200      0.00572500
    0.00055100     -0.00006000     -0.00008700
    0.00070600      0.00025600     -0.00021600
    0.00114800      0.00042200     -0.00050100
    0.09981900      0.02206500     -0.01384900
   -0.00341600     -0.00054600     -0.00033900
   -0.00350400      0.00101500      0.00071700
   -0.00279700     -0.00774300      0.01229900
    0.38939600      0.10086700      0.02601200
   -0.00647100     -0.00121300      0.00012300
   -0.00675200      0.00166700      0.00005800
    0.01795600     -0.00366200      0.00674400
1 -0.00000000 0.00203922 0.00000000
   -0.10684600     -0.25577200      0.09272500
    0.00205400     -0.00009400     -0.00208400
    0.00201900     -0.00062200     -0.00006600
   -0.00665200      0.00324000     -0.00081800
   -0.01218300      0.06968400     -0.01077000
   -0.00087300      0.00041100      0.00098000
   -0.00027000      0.00012700     -0.00019400
    0.00035800     -0.00007500      0.00035100
   -0.00650400      0.00931000     -0.01821500
    0.00071800     -0.00016900     -0.00041200
    0.00061000      0.00029300      0.00040700
    0.00487400      0.00381800     -0.00383900
   -0.00912900      0.00416000     -0.00842000
    0.00002200     -0.00024600      0.00016200
    0.00010200     -0.00004300     -0.00004600
    0.00002600     -0.00053100      0.00017300
   -0.00897100      0.00361400     -0.01286300
    0.00031100      0.00007400     -0.00080800
    0.00010400     -0.00007200      0.00004600
    0.00017500     -0.00026200     -0.00032500
    0.01570400     -0.00704800      0.01783400
    0.00085000      0.00019200      0.00012400
    0.00022900      0.00010800     -0.00010600
    0.00041800      0.00014700     -0.00029000
    0.02093300      0.08621800     -0.05862500
   -0.00043300      0.00079100      0.00110300
   -0.00085900      0.00046100      0.00047100
    0.00063500     -0.00409700      0.00405200
    0.09792800      0.08882800     -0.00528400
   -0.00185100      0.00002000      0.00049100
   -0.00169000      0.00052400     -0.00012600
    0.00819000     -0.00298900      0.00437400
1 0.00000000 -0.00000000 0.00137212
   -0.06706200      0.08891500     -0.36316500
    0.00033300      0.00197800      0.00461100
   -0.00003400      0.00000600      0.00000200
    0.00376600     -0.00081000     -0.00077400
    0.03241500     -0.01120800      0.10755400
    0.00074800     -0.00048000     -0.00118200
   -0.00001700      0.00007700     -0.00003700
    0.00049500     -0.00050900      0.00036300
   -0.00238100     -0.02011500      0.03203800
    0.00050900     -0.00008800     -0.00056100
   -0.00013600      0.00004900     -0.00006500
   -0.00019000      0.00040700     -0.00321500
    0.01318300     -0.00264300      0.01479800
    0.00030700      0.00049400     -0.00044200
    0.00003200      0.00002200     -0.00003600
    0.00018400      0.00020800     -0.00001000
   -0.00617600      0.00187400     -0.01075800
   -0.00084000     -0.00002400      0.00161800
   -0.00002900      0.00008600      0.00004100
   -0.00000400      0.00002500      0.00009900
    0.00655100     -0.00236500      0.00708900
   -0.00149500      0.00007900     -0.00048500
    0.00005700      0.00006700     -0.00004400
   -0.00014800     -0.00003700      0.00013400
   -0.00616200     -0.05605200      0.13837300
   -0.00164700     -0.00048900     -0.00263300
    0.00001400      0.00030400      0.00025800
   -0.00381600     -0.00026300      0.00262900
    0.03626200     -0.00091800      0.08033300
   -0.00007100     -0.00053300     -0.00124500
    0.00002600      0.00020700      0.00019300
   -0.00467200      0.00173500     -0.00548100
5 0.00060349 0.00000000 -0.00000000
    0.08289700     -0.01218700      0.02954800
   -0.00115300     -0.00092800     -0.00078800
   -0.00124500      0.00031300     -0.00010800
    0.00094000     -0.00032800     -0.00053000
   -0.38576500     -0.02854200      0.04639700
    0.00008300      0.00066300      0.00027700
    0.00018400      0.00010900      0.00013000
    0.00008500     -0.00009000     -0.00012500
    0.00078700      0.00209800     -0.00172700
   -0.00021300      0.00022300      0.00044500
   -0.00052400     -0.00011600     -0.00040600
   -0.00083900     -0.00076100      0.00152700
    0.08061000      0.04462400     -0.06444900
    0.00011200     -0.00016400      0.00004100
   -0.00003400      0.00001800      0.00000200
   -0.00016200      0.00012100     -0.00002900
    0.13835000     -0.08303400     -0.05470900
    0.00026800     -0.00035100      0.00000400
   -0.00007100      0.00012200      0.00000500
   -0.00004800     -0.00001400      0.00009800
    0.06342600      0.07027300      0.02762100
   -0.00001300     -0.00004400     -0.00010600
   -0.00006700      0.00002400     -0.00000400
   -0.00021400     -0.00009200      0.00003200
   -0.00990200      0.00279200     -0.00335100
    0.00115800      0.00080500      0.00100400
    0.00070300      0.00014000      0.00022600
    0.00022500      0.00031200     -0.00059500
    0.02906000      0.00344100      0.02042100
    0.00120800      0.00066900      0.00021400
    0.00122600     -0.00011200     -0.00007300
   -0.00107200      0.00001500     -0.00099100
5 -0.00000000 0.00203922 0.00000000
   -0.01250300      0.06979300     -0.01037900
   -0.00008800      0.00027000      0.00052600
   -0.00022100      0.00004700     -0.00005900
    0.00176500     -0.00002300     -0.00046500
   -0.03354000     -0.41282900      0.01114500
    0.00057200      0.00027600     -0.00022600
    0.00000700      0.00008200     -0.00001100
    0.00002000     -0.00020800     -0.00004500
    0.00248500     -0.00159700     -0.00222000
    0.00008700     -0.00001100     -0.00032900
   -0.00010600      0.00005800     -0.00005000
    0.00014700      0.00028100      0.00067200
    0.04707200      0.08541600     -0.07088700
   -0.00023500     -0.00013700     -0.00018600
    0.00001800      0.00000800     -0.00003000
   -0.00013300      0.00007900     -0.00002400
   -0.08018500      0.09291300      0.03742300
   -0.00022600     -0.00003700      0.00019000
   -0.00003300      0.00008200      0.00002500
    0.00001200     -0.00011200      0.00005600
    0.07324700      0.17899500      0.05508800
   -0.00010300      0.00014900     -0.00002700
    0.00003000      0.00005900     -0.00003800
   -0.00000800     -0.00007700      0.00005100
   -0.00855700      0.00234500     -0.02060000
   -0.00075100     -0.00047200     -0.00008600
    0.00009200      0.00023900      0.00022800
   -0.00051300     -0.00015000     -0.00019100
    0.01308100     -0.01625500      0.00099800
   -0.00013400      0.00000700     -0.00029500
    0.00026300      0.00015700      0.00002000
   -0.00156300      0.00065300     -0.00027700
5 0.00000000 -0.00000000 0.00137212
    0.03008400     -0.01080100      0.10462600
   -0.00105500     -0.00097500     -0.00128200
   -0.00095100      0.00022500     -0.00014100
   -0.00114000      0.00026700      0.00026700
    0.04761600      0.01459400     -0.39311200
   -0.00021900      0.00035400      0.00027100
    0.00012900      0.00013000      0.00008700
    0.00017900     -0.00017500     -0.00012000
   -0.00253500     -0.00187800     -0.00081700
   -0.00012200      0.00024500      0.00036700
   -0.00039800     -0.00005700     -0.00032700
   -0.00004500      0.00027800     -0.00044300
   -0.07289300     -0.07589100      0.14965300
    0.00000100     -0.00007700      0.00008900
   -0.00002800      0.00001800     -0.00001900
   -0.00004600      0.00001600     -0.00004400
   -0.05490900      0.03887900      0.06255400
    0.00052500     -0.00004600      0.00006700
   -0.00005700      0.00010900     -0.00002400
   -0.00003600     -0.00006400     -0.00001200
    0.02800300      0.05374100      0.05891200
    0.00009700     -0.00002000     -0.00002100
   -0.00005200      0.00004300     -0.00003700
   -0.00004000     -0.00007300     -0.00007700
    0.01510000     -0.01531900      0.02533900
    0.00124800     -0.00005600      0.00111000
    0.00050300      0.00018100      0.00023100
    0.00048200     -0.00063700      0.00065400
    0.00743100     -0.00385800     -0.00796500
    0.00081100      0.00062000      0.00019200
    0.00091100     -0.00003500     -0.00010400
    0.00140200      0.00026200      0.00012500
9 0.00060349 0.00000000 -0.00000000
   -0.02927700     -0.00634300     -0.00260300
    0.00241100      0.00053000     -0.00046600
    0.00230800     -0.00070400     -0.00008000
    0.01388200     -0.00481900      0.00019800
    0.00096800      0.00244000     -0.00219400
   -0.00033600      0.00009200      0.00024800
   -0.00036400      0.00007600     -0.00025000
   -0.00083600     -0.00019700      0.00015600
   -0.14921200      0.02590900     -0.10551500
    0.00087800     -0.00027800     -0.00069200
    0.00070800      0.00034100      0.00050300
   -0.00249700     -0.00162900      0.00349200
   -0.00150300      0.00022100     -0.00114700
   -0.00002700      0.00000600      0.00001900
    0.00014100     -0.00002500     -0.00004400
    0.00033600      0.00006600     -0.00043100
    0.00038800      0.00016300     -0.00017400
    0.00029100      0.00020700     -0.00013400
    0.00003900     -0.00002800      0.00009600
   -0.00003400     -0.00019300      0.00018800
    0.00055500      0.00011400     -0.00035900
    0.00035900      0.00000900      0.00015500
    0.00024100      0.00012300     -0.00006900
   -0.00002500      0.00001800      0.00011800
    0.16445300     -0.02836400      0.11851300
   -0.00115100      0.00002600      0.00028600
   -0.00106200      0.00051600      0.00054800
   -0.00346500      0.00381500     -0.00450500
    0.01294600      0.00335700     -0.00180800
   -0.00218900     -0.00026300      0.00004500
   -0.00203200      0.00062900     -0.00001500
   -0.00689300      0.00418800     -0.00407600
9 -0.00000000 0.00203922 0.00000000
   -0.00806300      0.00933100     -0.02033100
   -0.00099300     -0.00024900      0.00006900
   -0.00108900      0.00027400     -0.00010300
   -0.00589000      0.00380800      0.00039100
    0.00219800     -0.00172800     -0.00164800
    0.00019500      0.00004300     -0.00017200
    0.00018200      0.00012200      0.00010800
    0.00077500      0.00021300      0.00033800
    0.02527300     -0.04059800      0.04184800
   -0.00020600      0.00012800      0.00007500
   -0.00043500     -0.00007300     -0.00031700
    0.00168800      0.00097800     -0.00185800
   -0.00000600     -0.00003400     -0.00046800
   -0.00010500      0.00000800     -0.00005200
   -0.00003100      0.00000900     -0.00001500
    0.00008800     -0.00025500     -0.00001900
    0.00026800     -0.00026200      0.00045000
   -0.00012900      0.00023400      0.00007700
   -0.00004900      0.00009800     -0.00002600
    0.00009500     -0.00009400     -0.00017500
   -0.00047300     -0.00036000     -0.00025400
   -0.00015400     -0.00003500      0.00005700
   -0.00005700      0.00002900     -0.00003600
   -0.00006800     -0.00002700     -0.00018100
   -0.01719600      0.02969700     -0.02629600
    0.00033100      0.00031800      0.00029400
    0.00057200      0.00015700      0.00018000
    0.00100100     -0.00380800      0.00238500
   -0.00512900     -0.00137600      0.00455100
    0.00089100      0.00034400     -0.00007600
    0.00106700     -0.00005300     -0.00002300
    0.00545100      0.00316100      0.00122400
9 0.00000000 -0.00000000 0.00137212
    0.00541600     -0.01816300      0.03235500
    0.00161400      0.00024900     -0.00051400
    0.00160100     -0.00048300     -0.00005900
    0.01379900     -0.00380900     -0.00312900
   -0.00160300     -0.00230400     -0.00048000
   -0.00056500      0.00031200      0.00052000
   -0.00029900      0.00005600     -0.00021900
   -0.00152500      0.00060800     -0.00035800
   -0.10531200      0.04277500     -0.14788400
    0.00069100     -0.00014400     -0.00044100
    0.00045700      0.00025200      0.00029700
   -0.00348800     -0.00182600      0.00508000
   -0.00013200     -0.00003900     -0.00019200
    0.00017000     -0.00007900      0.00001900
    0.00010300      0.00000300     -0.00005900
   -0.00069700      0.00006500     -0.00017500
    0.00079900     -0.00017800     -0.00031600
   -0.00002900      0.00004400     -0.00036100
    0.00000600      0.00002200      0.00009500
    0.00000800     -0.00024300      0.00039400
   -0.00036200      0.00012900     -0.00035100
    0.00038900      0.00015500     -0.00019700
    0.00019900      0.00010800     -0.00007500
   -0.00020100     -0.00011200      0.00036500
    0.10024700     -0.03294900      0.12158300
   -0.00075500      0.00014700      0.00026700
   -0.00072600      0.00044100      0.00043900
   -0.00445500      0.00482900     -0.00628000
    0.01012700      0.00741800     -0.00587000
   -0.00154300     -0.00008000      0.00003900
   -0.00138000      0.00047400     -0.00006900
   -0.01255500      0.00232400      0.00557700
13 0.00060349 0.00000000 -0.00000000
   -0.01049500     -0.00935300      0.01299400
    0.00042700     -0.00001600     -0.00040800
    0.00013000     -0.00005100     -0.00008300
    0.00170400     -0.00009100     -0.00025000
    0.08036600      0.04781800     -0.07153000
    0.00013700     -0.00010700      0.00000500
   -0.00001900      0.00010100     -0.00004800
   -0.00007300     -0.00001100      0.00004800
   -0.00158600     -0.00013700     -0.00018600
    0.00010500     -0.00004600     -0.00032000
    0.00000300      0.00009100     -0.00001500
    0.00047300     -0.00016000      0.00060700
   -0.08611400     -0.04992200      0.07394600
   -0.00025500      0.00003300     -0.00007500
    0.00003900      0.00000500     -0.00003500
   -0.00007300      0.00001200     -0.00005000
    0.00747200      0.00944100     -0.01239500
    0.00024000      0.00033800      0.00029300
   -0.00001500      0.00005600      0.00002000
    0.00002900     -0.00011200      0.00000400
    0.00435100      0.00300100     -0.00682000
    0.00008100      0.00010400      0.00008800
    0.00006300      0.00007400     -0.00005600
   -0.00002200     -0.00005800     -0.00000900
    0.00292300     -0.00192400      0.00439900
   -0.00022100      0.00036200      0.00059600
    0.00000400      0.00028000      0.00027500
   -0.00025200     -0.00025200     -0.00008300
    0.00035400     -0.00001200     -0.00091200
   -0.00025500      0.00012300      0.00002900
   -0.00003700      0.00020400     -0.00004000
    0.00051500      0.00020900      0.00000900
13 -0.00000000 0.00203922 0.00000000
    0.00138200      0.00400100     -0.00269800
    0.00003400     -0.00029400     -0.00054800
   -0.00006900     -0.00002000     -0.00010700
    0.00089000     -0.00056900      0.00012900
    0.04574500      0.08512900     -0.07477000
   -0.00015900     -0.00004300      0.00012500
    0.00000900      0.00011300      0.00000200
   -0.00007200     -0.00003300      0.00003200
    0.00005500     -0.00010100     -0.00015300
    0.00011600      0.00004600     -0.00002800
   -0.00010500      0.00004700     -0.00010100
    0.00001000     -0.00030500      0.00001600
   -0.04995300     -0.08947400      0.08273100
    0.00000900      0.00008500     -0.00001800
    0.00001900      0.00000200     -0.00002700
   -0.00002600      0.00001300     -0.00003700
   -0.00604100     -0.00857300      0.01153200
    0.00004500      0.00012200     -0.00001500
   -0.00002200      0.00006500      0.00001200
   -0.00000800     -0.00009200     -0.00000200
    0.00775100      0.00888300     -0.01536000
   -0.00004000      0.00007000     -0.00004900
    0.00003200      0.00006300     -0.00004700
   -0.00005000     -0.00005900     -0.00001300
   -0.00057100     -0.00091100     -0.00166000
    0.00019000      0.00046800      0.00061900
    0.00008300      0.00026500      0.00030800
   -0.00021200     -0.00005100      0.00004600
    0.00079800      0.00003900      0.00084900
    0.00005100      0.00028700      0.00009500
    0.00014200      0.00013500     -0.00005900
   -0.00003300      0.00068900     -0.00080200
13 0.00000000 -0.00000000 0.00137212
   -0.01063700     -0.00841300      0.01455700
   -0.00018500     -0.00025300     -0.00046100
   -0.00028500      0.00004900     -0.00009900
   -0.00049300      0.00012800     -0.00006100
   -0.06332200     -0.07016000      0.14609600
   -0.00008400      0.00024500      0.00017100
    0.00003900      0.00011300      0.00002000
    0.00006500     -0.00011700      0.00000100
   -0.00112400     -0.00041600     -0.00022400
    0.00003800      0.00004700     -0.00004100
   -0.00016200      0.00003000     -0.00013200
    0.00049600     -0.00003000     -0.00019200
    0.07164600      0.08008000     -0.15999300
    0.00000500     -0.00002000      0.00001600
    0.00000900      0.00000600     -0.00002200
   -0.00000400     -0.00001500     -0.00000200
   -0.00346600     -0.00362700      0.00606700
    0.00031800      0.00003100      0.00004700
   -0.00002200      0.00007600      0.00000500
   -0.00001100     -0.00009300     -0.00001300
    0.00394900      0.00374200     -0.00906300
    0.00000500      0.00000900     -0.00000200
    0.00001900      0.00005500     -0.00004100
   -0.00004700     -0.00001800     -0.00003600
    0.00327000     -0.00168400      0.00294500
    0.00007200      0.00037900      0.00052500
    0.00017700      0.00024400      0.00027400
    0.00027800     -0.00043200      0.00041200
   -0.00019900      0.00073800     -0.00218000
    0.00014700      0.00028400      0.00005000
    0.00031000      0.00011100     -0.00004800
   -0.00080000     -0.00108800      0.00142800
17 0.00060349 0.00000000 -0.00000000
    0.01664200     -0.00902600     -0.00627300
    0.00019700      0.00026500      0.00079100
    0.00021900     -0.00011000     -0.00009500
    0.00063300     -0.00022000     -0.00008200
    0.13483100     -0.07974200     -0.05372600
    0.00027600     -0.00011300     -0.00048200
   -0.00003500      0.00010800     -0.00002800
   -0.00002200     -0.00013700      0.00005400
    0.00025300      0.00022400      0.00069900
    0.00041600     -0.00009200     -0.00009900
   -0.00007000      0.00006600     -0.00006000
    0.00004500     -0.00014200     -0.00007300
    0.00744300     -0.00596000     -0.00354600
    0.00019700      0.00004700     -0.00035800
    0.00001900      0.00000300     -0.00002000
    0.00000100      0.00000500     -0.00001400
   -0.15006900      0.08818400      0.05744000
   -0.00016400      0.00004100      0.00016000
   -0.00001400      0.00005800      0.00001700
   -0.00000600     -0.00009900     -0.00001100
   -0.00868500      0.00545800      0.00321300
   -0.00020100      0.00011000     -0.00021500
    0.00004600      0.00006200     -0.00004800
   -0.00002400     -0.00002600     -0.00002600
   -0.00120700      0.00020700     -0.00053200
    0.00047500     -0.00037000      0.00003100
   -0.00002400      0.00030300      0.00034400
   -0.00023100     -0.00012000      0.00012300
    0.00000200      0.00051600      0.00328900
   -0.00002500      0.00013100     -0.00026100
   -0.00012000      0.00019200     -0.00000900
   -0.00079500      0.00017900     -0.00020200
17 -0.00000000 0.00203922 0.00000000
   -0.00340100      0.00356800      0.00189600
    0.00020200     -0.00006600      0.00005700
    0.00021200     -0.00010500     -0.00011700
    0.00051800     -0.00021900      0.00003700
   -0.08232500      0.09343400      0.04003600
   -0.00044500     -0.00003500      0.00016600
   -0.00000200      0.00011800     -0.00002700
   -0.00000300     -0.00013900      0.00003500
    0.00016000     -0.00022100     -0.00018500
    0.00020900      0.00018000     -0.00006800
   -0.00004100      0.00007100     -0.00005900
    0.00018000     -0.00004200     -0.00022300
    0.00961300     -0.00848000     -0.00368500
    0.00021600      0.00003600      0.00002800
    0.00002800     -0.00000100     -0.00003500
   -0.00000100     -0.00000100     -0.00002800
    0.09161700     -0.10237700     -0.04556200
   -0.00006800      0.00000200     -0.00002000
   -0.00001300      0.00005200      0.00001500
    0.00000100     -0.00010500     -0.00002100
   -0.01572300      0.01307900      0.00778000
   -0.00020700      0.00017200      0.00006200
    0.00005000      0.00007000     -0.00006100
   -0.00000300     -0.00002800     -0.00003200
    0.00026900     -0.00051800     -0.00064600
   -0.00061400      0.00049400     -0.00007600
   -0.00003100      0.00031000      0.00033500
   -0.00019200     -0.00019600      0.00020200
    0.00070200      0.00040000      0.00032800
   -0.00010800      0.00017300     -0.00006600
   -0.00005000      0.00016900     -0.00003700
   -0.00075200      0.00020900     -0.00002800
17 0.00000000 -0.00000000 0.00137212
    0.01357100     -0.01304500     -0.01086400
    0.00036500      0.00076900      0.00155500
   -0.00000700     -0.00002100     -0.00005700
    0.00118400     -0.00037500      0.00003100
   -0.05355400      0.03812600      0.06207000
    0.00002300     -0.00009800      0.00011000
   -0.00000000      0.00008800     -0.00002000
   -0.00006300     -0.00005400      0.00001500
   -0.00027700      0.00039700     -0.00041100
    0.00024700     -0.00004100     -0.00046200
   -0.00005400      0.00007400     -0.00000800
   -0.00011100     -0.00021100      0.00035400
   -0.01234500      0.01150500      0.00599300
   -0.00031400      0.00001700     -0.00000200
    0.00003000      0.00000200     -0.00002800
   -0.00004100      0.00000400     -0.00003100
    0.05903800     -0.04519600     -0.06629900
   -0.00016200      0.00011300      0.00037700
   -0.00002100      0.00006300      0.00002300
    0.00000200     -0.00010000      0.00001700
   -0.00653900      0.00473900      0.00330600
   -0.00024800      0.00029300      0.00015900
    0.00004500      0.00006600     -0.00004200
   -0.00005300     -0.00003500     -0.00000900
   -0.00055700      0.00033100      0.00222600
   -0.00048900      0.00009200     -0.00068800
    0.00001900      0.00026900      0.00025600
   -0.00018500      0.00000600     -0.00022000
    0.00189500      0.00219400      0.00282000
   -0.00020000     -0.00013300     -0.00040700
    0.00011500      0.00018100      0.00007700
   -0.00131300     -0.00002300      0.00015900
21 0.00060349 0.00000000 -0.00000000
    0.00975700      0.01545200      0.00632400
    0.00050900      0.00081900      0.00141900
    0.00049900     -0.00018000     -0.00006100
    0.00149800     -0.00050000      0.00004100
    0.06376000      0.07033700      0.02789600
    0.00001100      0.00003000     -0.00008100
   -0.00007300      0.00009200     -0.00007500
   -0.00014500     -0.00015100      0.00003200
    0.00043000     -0.00054800     -0.00048200
    0.00049400     -0.00009500     -0.00053100
    0.00008500      0.00012400      0.00008400
    0.00008500     -0.00000700      0.00010300
    0.00436300      0.00762800      0.00388300
    0.00007100     -0.00001400     -0.00007600
    0.00004500     -0.00000200     -0.00003000
   -0.00001900      0.00001800     -0.00000900
   -0.00881400     -0.01568100     -0.00653100
   -0.00018300     -0.00007400      0.00022400
   -0.00000100      0.00004400      0.00003200
    0.00001000     -0.00012300      0.00001300
   -0.07151100     -0.07543700     -0.03209800
   -0.00021500      0.00014000     -0.00007800
    0.00008400      0.00007400     -0.00005300
    0.00001500     -0.00003200      0.00000800
   -0.00063900     -0.00059900     -0.00142800
    0.00044400      0.00015800     -0.00031400
   -0.00019500      0.00033200      0.00032400
   -0.00046900      0.00000100     -0.00011600
    0.00242000     -0.00249600      0.00194200
   -0.00057400     -0.00014200     -0.00047700
   -0.00037900      0.00028200      0.00006000
   -0.00136200      0.00054800      0.00005500
21 -0.00000000 0.00203922 0.00000000
   -0.00104600     -0.00698700     -0.00227300
   -0.00026900      0.00006600     -0.00007500
   -0.00045900      0.00011200     -0.00011300
   -0.00023200      0.00014900     -0.00007900
    0.06785900      0.17244100      0.05221000
   -0.00008500      0.00017200      0.00011200
    0.00006800      0.00011700      0.00000800
    0.00010900     -0.00014700     -0.00002300
    0.00002800     -0.00031300      0.00002400
    0.00004600     -0.00005800     -0.00019200
   -0.00018600      0.00001900     -0.00015800
    0.00005900     -0.00002400     -0.00015600
    0.00302500      0.00887900      0.00385900
    0.00002000      0.00000500      0.00000400
    0.00001700      0.00001800     -0.00002300
    0.00001800     -0.00001300     -0.00001800
    0.00567500      0.01286700      0.00474200
    0.00004600      0.00021500     -0.00024600
   -0.00001400      0.00008500     -0.00000600
   -0.00000300     -0.00008200     -0.00001100
   -0.07386100     -0.18989700     -0.05887000
    0.00005300     -0.00009100     -0.00004300
    0.00002500      0.00005800     -0.00004800
   -0.00002300     -0.00002200     -0.00006200
   -0.00047800      0.00019600      0.00015300
    0.00078100      0.00094400      0.00059400
    0.00026000      0.00023800      0.00026000
    0.00008600     -0.00028200      0.00032800
   -0.00201700      0.00078200      0.00028900
    0.00024200      0.00023000     -0.00002300
    0.00040600      0.00011400     -0.00002500
   -0.00014900      0.00021000     -0.00013900
21 0.00000000 -0.00000000 0.00137212
    0.00521900      0.01770600      0.00701900
   -0.00002600     -0.00021700     -0.00050000
   -0.00041200      0.00009300     -0.00008400
    0.00068200     -0.00029400      0.00008700
    0.02750800      0.05312800      0.05957100
    0.00007400      0.00007000      0.00007700
    0.00004700      0.00010100      0.00003100
   -0.00002700     -0.00002900     -0.00003400
   -0.00039900     -0.00025500     -0.00039000
   -0.00011100     -0.00007400     -0.00024800
   -0.00017600      0.00002400     -0.00013100
   -0.00007700     -0.00019800      0.00036100
   -0.00667200     -0.01518300     -0.00919600
   -0.00016800     -0.00000100      0.00000700
    0.00000700      0.00000400     -0.00001900
   -0.00005900      0.00001800     -0.00002500
    0.00330400      0.00763200      0.00339200
    0.00016600     -0.00001500      0.00021400
   -0.00003300      0.00007800      0.00001200
   -0.00001100     -0.00009000      0.00002000
   -0.03214400     -0.06029200     -0.06171900
   -0.00000300      0.00004500      0.00020100
    0.00001200      0.00004900     -0.00003300
   -0.00007700     -0.00006500      0.00000400
    0.00022600     -0.00140100     -0.00050700
    0.00036300      0.00068300      0.00098600
    0.00020300      0.00021300      0.00024500
   -0.00002000     -0.00015800     -0.00008800
    0.00316500     -0.00168100      0.00038000
    0.00019800      0.00029300      0.00006300
    0.00039500      0.00010300     -0.00002400
   -0.00115500     -0.00028400      0.00032800
25 0.00060349 0.00000000 -0.00000000
    0.09888200      0.01940200     -0.00732700
   -0.00356500     -0.00045600      0.00153300
   -0.00379900      0.00100900     -0.00019400
   -0.00249500     -0.00071700      0.00371100
   -0.00995000     -0.00867400      0.01519900
    0.00113600     -0.00060400     -0.00127000
    0.00053500      0.00013100      0.00040200
    0.00030200      0.00035900     -0.00049800
    0.16021100     -0.01595900      0.09402100
   -0.00100800      0.00040900      0.00058700
   -0.00135000     -0.00039900     -0.00095400
   -0.00334900     -0.00111000      0.00432700
    0.00300900     -0.00060200      0.00314200
   -0.00018500      0.00024800     -0.00017600
   -0.00014400      0.00004300      0.00002500
   -0.00017200      0.00016100     -0.00031800
   -0.00129100      0.00016800     -0.00060800
    0.00049300     -0.00046900      0.00046000
   -0.00018300      0.00023700     -0.00009400
   -0.00018400      0.00007300      0.00011900
   -0.00065500     -0.00055800      0.00010900
    0.00045800      0.00090600     -0.00045100
   -0.00031200     -0.00003600      0.00004400
   -0.00046000     -0.00012600     -0.00007600
   -0.28738900     -0.02951900     -0.07587800
    0.00112200      0.00032800     -0.00023000
    0.00173000     -0.00010400      0.00000900
    0.00359500      0.00009200     -0.00266800
    0.03358200      0.03999200     -0.03907800
    0.00323100      0.00069100     -0.00043900
    0.00330700     -0.00055100      0.00004200
    0.00490100     -0.00436300      0.00652900
25 -0.00000000 0.00203922 0.00000000
    0.02035700      0.08445000     -0.05639400
   -0.00086800      0.00049500      0.00068500
   -0.00097000      0.00023500     -0.00014000
    0.00782400     -0.00389200     -0.00008300
    0.00301300      0.00240900     -0.01504100
    0.00056600     -0.00063500      0.00033500
    0.00013900      0.00009300      0.00008100
   -0.00050600     -0.00003500     -0.00038300
   -0.02689600      0.02904000     -0.03164300
   -0.00009200      0.00010800     -0.00000800
   -0.00039500     -0.00005400     -0.00029000
   -0.00398100     -0.00360800      0.00500900
   -0.00164000     -0.00067600     -0.00157500
    0.00009800      0.00021600     -0.00017500
   -0.00000300      0.00001800     -0.00001200
    0.00000100      0.00019700     -0.00021800
    0.00044000     -0.00035700      0.00053700
   -0.00060900      0.00031600      0.00015200
   -0.00007400      0.00012500     -0.00000800
   -0.00012700     -0.00005100      0.00024700
   -0.00036200      0.00040800     -0.00124400
   -0.00011300      0.00078700     -0.00048200
   -0.00004600      0.00003900     -0.00001300
   -0.00027500     -0.00007200      0.00006500
   -0.02871800     -0.12665600      0.13491300
    0.00003700      0.00012400     -0.00014200
    0.00048600      0.00018200      0.00023900
   -0.00037700      0.00446900     -0.00477100
    0.04364500      0.01092900     -0.02200100
    0.00083500      0.00010700     -0.00026300
    0.00093100     -0.00000400      0.00002700
   -0.01231600      0.00129200     -0.00740200
25 0.00000000 -0.00000000 0.00137212
   -0.01506600     -0.05937900      0.14284800
    0.00030700     -0.00088600     -0.00293900
    0.00043800     -0.00017000     -0.00010600
   -0.01204600      0.00376400      0.00235500
   -0.00333600     -0.02102200      0.02580800
   -0.00073400      0.00045600      0.00088900
   -0.00003400      0.00015100     -0.00002500
    0.00087200     -0.00051800      0.00048200
    0.11179900     -0.02498800      0.11779600
    0.00006600      0.00000000     -0.00008400
    0.00011500      0.00013200      0.00007000
    0.00483600      0.00210800     -0.00657700
    0.00422800     -0.00183800      0.00273800
   -0.00037800     -0.00036400      0.00023000
    0.00001800     -0.00002600     -0.00002500
    0.00029600     -0.00016600      0.00017900
   -0.00076900     -0.00096200      0.00206200
    0.00020800      0.00046200     -0.00094500
    0.00003500      0.00000800     -0.00000800
    0.00008800     -0.00009400     -0.00044400
   -0.00161800     -0.00025100     -0.00078600
    0.00052100     -0.00029400      0.00069100
    0.00005800      0.00007400     -0.00007000
    0.00029300      0.00008700     -0.00034600
   -0.07400100      0.13799800     -0.29869100
    0.00042700      0.00065300      0.00181300
   -0.00013400      0.00028200      0.00030700
    0.00286200     -0.00523900      0.00638400
   -0.03956000     -0.02273700     -0.00417600
   -0.00055300      0.00043800      0.00068400
   -0.00026900      0.00021400     -0.00014800
    0.02103200     -0.00789100      0.01003400
29 0.00060349 0.00000000 -0.00000000
    0.41127200      0.10249800      0.03539000
   -0.00687600     -0.00196800      0.00003900
   -0.00701300      0.00194500     -0.00026000
    0.01846000     -0.00859100      0.00431000
    0.02940800      0.01256600      0.00741800
    0.00110800     -0.00011400     -0.00071600
    0.00098600      0.00011100      0.00069300
   -0.00060500      0.00110400     -0.00178300
    0.01260200     -0.00552300      0.00966900
   -0.00215500      0.00084600      0.00150800
   -0.00238000     -0.00077700     -0.00171500
   -0.00665400     -0.00590200      0.01237000
    0.00000500      0.00041100     -0.00072500
   -0.00036300     -0.00000900     -0.00012600
   -0.00026100      0.00009700      0.00006300
    0.00089400     -0.00035500      0.00040300
   -0.00041400      0.00016100      0.00150100
   -0.00011000     -0.00009200      0.00028300
   -0.00038500      0.00039900     -0.00011400
   -0.00042900      0.00027400      0.00092600
    0.00209400     -0.00253900      0.00271000
   -0.00067300      0.00021900     -0.00016600
   -0.00059200     -0.00010000      0.00012700
   -0.00102900     -0.00029800      0.00072700
    0.03355400      0.04345400     -0.04013800
    0.00316900      0.00102000      0.00090100
    0.00326000     -0.00043500     -0.00024500
    0.00508900      0.01171100     -0.02109000
   -0.48787700     -0.15413900     -0.00787100
    0.00609400      0.00152100     -0.00003000
    0.00622700     -0.00118400     -0.00001800
   -0.01640800      0.00368900     -0.00403900
29 -0.00000000 0.00203922 0.00000000
    0.10527800      0.08785500     -0.00136000
   -0.00156200     -0.00022200      0.00066600
   -0.00167600      0.00042400     -0.00015800
    0.00380800     -0.00297200      0.00176200
    0.00352700     -0.01644600     -0.00370000
    0.00046600     -0.00009400     -0.00036900
    0.00026000      0.00014000      0.00017600
   -0.00003300      0.00060700      0.00038900
    0.00332700     -0.00132900      0.00735300
   -0.00034800      0.00018500      0.00016500
   -0.00062600     -0.00013700     -0.00044600
   -0.00425000      0.00315800      0.00237400
    0.00006100      0.00010200      0.00068800
   -0.00010000      0.00009300     -0.00012900
   -0.00005300      0.00001100     -0.00000400
   -0.00030300      0.00079000     -0.00102900
    0.00056300      0.00034800      0.00224200
   -0.00007600      0.00007600      0.00034000
   -0.00008600      0.00011100     -0.00005100
   -0.00025200      0.00020100      0.00004100
   -0.00244000      0.00076500     -0.00171500
   -0.00036300      0.00009200     -0.00014300
   -0.00012700      0.00003600     -0.00002100
   -0.00066000      0.00025800     -0.00024600
    0.04062600      0.01050000     -0.02251400
    0.00044200      0.00016200      0.00002900
    0.00079400      0.00011700      0.00017300
    0.00422600      0.00114500     -0.00758000
   -0.14921100     -0.08855600      0.02542700
    0.00137000      0.00038100     -0.00025400
    0.00153100     -0.00013700      0.00002100
   -0.00411700      0.00233600     -0.00212700
29 0.00000000 -0.00000000 0.00137212
    0.02501400     -0.00573500      0.07987600
   -0.00015500     -0.00059400     -0.00123800
   -0.00019700      0.00011000      0.00013300
   -0.00638300      0.00435200     -0.00558300
    0.02083200      0.00078400     -0.00777500
   -0.00026600      0.00033000      0.00031400
   -0.00003600      0.00005800     -0.00006500
    0.00097900     -0.00037300      0.00010400
   -0.00189800      0.00457600     -0.00589400
    0.00001600      0.00004900     -0.00000700
   -0.00013000      0.00003200     -0.00012900
    0.00421900      0.00115400      0.00560700
   -0.00069600      0.00093100     -0.00222600
   -0.00011700     -0.00015500      0.00007800
    0.00001200      0.00003200     -0.00004800
    0.00000700     -0.00080500      0.00139900
    0.00335900      0.00026200      0.00287600
    0.00020600      0.00009200     -0.00034300
   -0.00000600      0.00006900      0.00011500
    0.00016900     -0.00008100      0.00016200
    0.00200600      0.00021800      0.00036800
    0.00038500      0.00001600      0.00007700
    0.00011600      0.00004800     -0.00004600
   -0.00009700     -0.00012800      0.00032300
   -0.03916100     -0.02223000     -0.00363100
    0.00032100      0.00045100      0.00098800
    0.00018700      0.00019400      0.00015900
   -0.00667700     -0.00766200      0.01031000
   -0.00586000      0.02571500     -0.08000900
    0.00002000      0.00038800      0.00025300
    0.00021600      0.00007900     -0.00014600
    0.00361300     -0.00217800      0.00399800
1 -0.00060349 -0.00000000 0.00000000
    0.60261100      0.10984400      0.06249200
   -0.00774800     -0.00222900      0.00040800
   -0.00794200      0.00223000     -0.00026000
    0.01300800     -0.00705800      0.00343400
   -0.08318600      0.01187500     -0.03050500
    0.00109900      0.00007700     -0.00089900
    0.00112500      0.00007600      0.00078600
   -0.00070600      0.00135100     -0.00142700
    0.02871100      0.00758100     -0.00574400
   -0.00245900      0.00094100      0.00164100
   -0.00266700     -0.00088700     -0.00191300
   -0.01359500     -0.00623700      0.01360800
    0.00997500     -0.00183300      0.01008000
   -0.00054400     -0.00013800     -0.00009700
   -0.00028500      0.00012100      0.00007500
   -0.00146500      0.00062300     -0.00083400
   -0.01707000      0.00274800     -0.01390300
   -0.00027800     -0.00024000      0.00045200
   -0.00039700      0.00047200     -0.00014700
   -0.00036000      0.00013800      0.00092600
   -0.01010400      0.00043000     -0.00564100
   -0.00063900      0.00019300      0.00001900
   -0.00063600     -0.00014200      0.00015400
   -0.00123700     -0.00050200      0.00046100
   -0.09911500     -0.02119100      0.01271600
    0.00341100      0.00102300      0.00068200
    0.00372300     -0.00054100     -0.00033100
    0.00276300      0.00735900     -0.01213800
   -0.41127800     -0.10986500     -0.02728200
    0.00684400      0.00167000     -0.00011900
    0.00706200     -0.00136800      0.00000800
   -0.01862300      0.00347700     -0.00670500
1 0.00000000 -0.00203922 -0.00000000
    0.10473000      0.25286000     -0.08976600
   -0.00222100     -0.00002100      0.00198200
   -0.00234500      0.00065200     -0.00012200
    0.00713600     -0.00333600      0.00064900
    0.01241300     -0.06992700      0.01128300
    0.00089200     -0.00022600     -0.00087700
    0.00035300      0.00008500      0.00021200
   -0.00027100     -0.00015100     -0.00032300
    0.00628300     -0.00943600      0.01770300
   -0.00049700      0.00023300      0.00020600
   -0.00086000     -0.00022100     -0.00061300
   -0.00473400     -0.00385200      0.00372100
    0.00925300     -0.00405000      0.00831200
   -0.00006000      0.00024000     -0.00023000
   -0.00005700      0.00004800      0.00000500
   -0.00006600      0.00051800     -0.00022100
    0.00903700     -0.00373700      0.01291100
   -0.00032300      0.00010500      0.00083000
   -0.00014400      0.00020400     -0.00001800
   -0.00017200      0.00006900      0.00031300
   -0.01561600      0.00690700     -0.01789000
   -0.00090400     -0.00007500     -0.00020200
   -0.00016500      0.00000900      0.00002400
   -0.00047300     -0.00022200      0.00022400
   -0.01900600     -0.08478600      0.05567300
    0.00039200     -0.00029700     -0.00055600
    0.00116800      0.00004300      0.00008700
   -0.00074500      0.00357600     -0.00360500
   -0.09824800     -0.08814500      0.00523200
    0.00202700      0.00036800     -0.00059300
    0.00220600     -0.00026800      0.00007000
   -0.00898400      0.00283200     -0.00442100
1 -0.00000000 0.00000000 -0.00137212
    0.05830700     -0.09376600      0.36509700
   -0.00044400     -0.00205800     -0.00472100
   -0.00024300      0.00001600     -0.00021300
   -0.00336700      0.00072500      0.00059400
   -0.02939200      0.00980100     -0.10455600
   -0.00071000      0.00067900      0.00127300
    0.00009000      0.00014300      0.00003100
   -0.00042200      0.00028300     -0.00036000
    0.00199700      0.02065500     -0.03269000
   -0.00028800      0.00016200      0.00033000
   -0.00011000      0.00003700     -0.00015400
    0.00029900     -0.00052500      0.00305500
   -0.01300200      0.00253500     -0.01468000
   -0.00034600     -0.00048900      0.00035700
    0.00000800     -0.00000700     -0.00002500
   -0.00021900     -0.00021100     -0.00004200
    0.00618300     -0.00205500      0.01075000
    0.00082400      0.00020700     -0.00162000
   -0.00001200      0.00006300     -0.00003500
    0.00000600     -0.00020000     -0.00012900
   -0.00639300      0.00233700     -0.00713400
    0.00143800      0.00006200      0.00039000
   -0.00000100      0.00005800     -0.00005600
    0.00008800     -0.00003200     -0.00022200
    0.00910800      0.06005500     -0.14279600
    0.00158900      0.00097900      0.00313200
    0.00028300      0.00022300      0.00028800
    0.00371300     -0.00023200     -0.00218200
   -0.03367600      0.00147800     -0.07993700
    0.00029200      0.00093300      0.00112300
    0.00053800      0.00005500     -0.00026800
    0.00386200     -0.00191000      0.00539800
5 -0.00060349 -0.00000000 0.00000000
   -0.08569900      0.01240800     -0.03207600
    0.00106600      0.00083300      0.00070500
    0.00098000     -0.00030200     -0.00007600
   -0.00058900      0.00027000      0.00033900
    0.38440900      0.03194900     -0.04231200
   -0.00004200     -0.00047900     -0.00017100
   -0.00009200      0.00009700     -0.00011100
   -0.00003400     -0.00013400      0.00013500
   -0.00106600     -0.00218400      0.00154800
    0.00044200     -0.00016000     -0.00065100
    0.00028100      0.00018800      0.00020800
    0.00097600      0.00066500     -0.00164200
   -0.08030900     -0.04566000      0.06560100
   -0.00014700      0.00015400     -0.00011500
    0.00007800     -0.00001500     -0.00003900
    0.00010900     -0.00012700     -0.00001400
   -0.13461700      0.07890700      0.05196400
   -0.00027700      0.00051500      0.00002500
    0.00003300      0.00001500      0.00002500
    0.00005000     -0.00017200     -0.00010500
   -0.06354300     -0.06942200     -0.02740900
   -0.00003800      0.00017500      0.00002300
    0.00012800      0.00008700     -0.00007100
    0.00015000      0.00000700     -0.00010200
    0.01012900     -0.00316100      0.00373700
   -0.00115200     -0.00031600     -0.00046100
   -0.00036600      0.00036100      0.00033200
   -0.00034600     -0.00081900      0.00103800
   -0.02905600     -0.00362400     -0.02093000
   -0.00096200     -0.00027100     -0.00031300
   -0.00064900      0.00035800      0.00002000
    0.00015200     -0.00014100      0.00089700
5 0.00000000 -0.00203922 -0.00000000
    0.01198900     -0.06985600      0.01056300
   -0.00012400     -0.00038200     -0.00064400
   -0.00016100     -0.00000300     -0.00012900
   -0.00117600     -0.00010000      0.00030800
    0.02707800      0.40637200     -0.01526500
   -0.00058300     -0.00008100      0.00029500
    0.00002800      0.00013900      0.00002300
    0.00006300     -0.00002200      0.00007300
   -0.00270700      0.00150900      0.00199700
    0.00009900      0.00008600      0.00011800
   -0.00017300      0.00002500     -0.00016700
    0.00000100     -0.00036700     -0.00078300
   -0.04792900     -0.08528900      0.07277900
    0.00017200      0.00014100      0.00010200
   -0.00000000      0.00000600     -0.00002300
    0.00008500     -0.00007700     -0.00002900
    0.08302700     -0.09374000     -0.03856600
    0.00019400      0.00021500     -0.00019400
   -0.00002300      0.00007200     -0.00001200
   -0.00002400     -0.00006200     -0.00007100
   -0.06889600     -0.17263300     -0.05180000
    0.00003500     -0.00000700     -0.00007000
    0.00000700      0.00006100     -0.00005000
   -0.00006900      0.00000400     -0.00012800
    0.00863900     -0.00278800      0.02074700
    0.00066200      0.00096000      0.00063300
    0.00016500      0.00027100      0.00031900
    0.00043900     -0.00032100      0.00062300
   -0.01215900      0.01618000     -0.00099400
    0.00026800      0.00039800      0.00017600
    0.00022600      0.00010200     -0.00007600
    0.00084500     -0.00081500      0.00024600
5 -0.00000000 0.00000000 -0.00137212
   -0.03389600      0.01128400     -0.10752600
    0.00088500      0.00088600      0.00116900
    0.00061400     -0.00019400     -0.00006000
    0.00168000     -0.00038200     -0.00043000
   -0.04112100     -0.01203900      0.39262700
    0.00023300     -0.00016600     -0.00018300
   -0.00008400      0.00009100     -0.00008600
   -0.00010000     -0.00005400      0.00014400
    0.00231200      0.00185000      0.00060000
    0.00033200     -0.00017400     -0.00059900
    0.00013800      0.00014300      0.00011100
    0.00019400     -0.00036900      0.00032000
    0.06931800      0.07208700     -0.14588700
   -0.00005100      0.00008500     -0.00016900
    0.00005700     -0.00000300     -0.00004000
    0.00000500     -0.00001500     -0.00001400
    0.05539500     -0.03963700     -0.06191800
   -0.00053200      0.00022000     -0.00005900
    0.00000600      0.00003800      0.00003300
    0.00002800     -0.00011400     -0.00001200
   -0.02797800     -0.05358500     -0.05946800
   -0.00015800      0.00015900     -0.00006900
    0.00009900      0.00008200     -0.00006100
   -0.00002800      0.00000700     -0.00000400
   -0.01512800      0.01525800     -0.02536300
   -0.00135600      0.00054500     -0.00060200
   -0.00024500      0.00033300      0.00031200
   -0.00059500      0.00015900     -0.00023800
   -0.00669000      0.00385100      0.00789400
   -0.00067400     -0.00021700     -0.00032200
   -0.00042900      0.00029500      0.00003700
   -0.00223100     -0.00042800     -0.00013600
9 -0.00060349 -0.00000000 0.00000000
    0.02832100      0.00642600      0.00188800
   -0.00267000     -0.00065500      0.00034700
   -0.00271000      0.00075300     -0.00009800
   -0.01346900      0.00477400     -0.00037300
   -0.00085500     -0.00275700      0.00251300
    0.00031900      0.00009400     -0.00020500
    0.00042000      0.00014000      0.00027300
    0.00095500     -0.00004100     -0.00011800
    0.14485100     -0.02407100      0.09880600
   -0.00069100      0.00034600      0.00049800
   -0.00098500     -0.00026900     -0.00071500
    0.00271100      0.00155700     -0.00366500
    0.00164600     -0.00010400      0.00092200
   -0.00002800     -0.00001300     -0.00009700
   -0.00011300      0.00003300      0.00000200
   -0.00039000     -0.00006800      0.00038700
   -0.00036100     -0.00034900      0.00019200
   -0.00031100     -0.00003100      0.00015800
   -0.00008700      0.00016700     -0.00007100
    0.00003300      0.00000600     -0.00020200
   -0.00051600     -0.00029800      0.00027700
   -0.00043100      0.00012100     -0.00024700
   -0.00019100     -0.00000800     -0.00001100
   -0.00003300     -0.00009400     -0.00018900
   -0.16016600      0.02597400     -0.11148600
    0.00105300      0.00045700      0.00026200
    0.00134500     -0.00001300      0.00001500
    0.00345700     -0.00433600      0.00500800
   -0.01230900     -0.00353000      0.00179900
    0.00234200      0.00066100     -0.00014800
    0.00251900     -0.00037200     -0.00003100
    0.00634200     -0.00449900      0.00430900
9 0.00000000 -0.00203922 -0.00000000
    0.00722600     -0.00942000      0.02040500
    0.00078900      0.00013500     -0.00019500
    0.00072100     -0.00024100     -0.00009600
    0.00641900     -0.00388500     -0.00050600
   -0.00210400      0.00137600      0.00206800
   -0.00020500      0.00013800      0.00024800
   -0.00013400      0.00009300     -0.00010000
   -0.00064700     -0.00044600     -0.00029100
   -0.02468200      0.03959900     -0.04143800
    0.00040200     -0.00006200     -0.00029400
    0.00016400      0.00014800      0.00009900
   -0.00151700     -0.00107400      0.00172300
    0.00009500      0.00008500      0.00031600
    0.00004900     -0.00001200     -0.00003000
    0.00005700     -0.00000300     -0.00004200
   -0.00015100      0.00025400     -0.00005000
   -0.00027300      0.00010900     -0.00042500
    0.00010600     -0.00005600     -0.00007400
   -0.00000400      0.00004100      0.00003800
   -0.00010000     -0.00009200      0.00015100
    0.00052900      0.00022400      0.00017100
    0.00009300      0.00016700     -0.00015500
    0.00010300      0.00008800     -0.00006000
    0.00000500     -0.00004500      0.00010300
    0.01645600     -0.02934400      0.02578200
   -0.00043300      0.00017700      0.00021200
   -0.00031100      0.00034800      0.00036700
   -0.00113700      0.00334300     -0.00194500
    0.00590600      0.00127300     -0.00474500
   -0.00074900      0.00004800     -0.00004500
   -0.00059500      0.00031000     -0.00003800
   -0.00607700     -0.00327600     -0.00115300
9 -0.00000000 0.00000000 -0.00137212
   -0.00586400      0.01776200     -0.03238900
   -0.00184800     -0.00037000      0.00038800
   -0.00200200      0.00052900     -0.00014100
   -0.01339100      0.00372100      0.00310900
    0.00168800      0.00192000      0.00094200
    0.00053800     -0.00012800     -0.00045100
    0.00034400      0.00016500      0.00022800
    0.00165100     -0.00085200      0.00039900
    0.09901900     -0.04055200      0.14400200
   -0.00050600      0.00021700      0.00022400
   -0.00073700     -0.00017400     -0.00052100
    0.00369400      0.00176000     -0.00526600
    0.00023400      0.00009300      0.00003500
   -0.00022900      0.00007800     -0.00010400
   -0.00008100      0.00000800      0.00000300
    0.00066900     -0.00007500      0.00011400
   -0.00079900      0.00001700      0.00034400
   -0.00000100      0.00013600      0.00035800
   -0.00006400      0.00012000     -0.00008400
   -0.00001700      0.00006100     -0.00041900
    0.00042400     -0.00026900      0.00027100
   -0.00044800     -0.00000800      0.00009200
   -0.00015700      0.00001500     -0.00002000
    0.00013800      0.00004400     -0.00044900
   -0.09451600      0.03051000     -0.11772300
    0.00063400      0.00034500      0.00024600
    0.00098900      0.00006700      0.00010600
    0.00439200     -0.00533400      0.00680000
   -0.00948300     -0.00749800      0.00568100
    0.00168500      0.00047500     -0.00016100
    0.00185400     -0.00021500      0.00000300
    0.01219000     -0.00256800     -0.00562000
13 -0.00060349 -0.00000000 0.00000000
    0.00947800      0.00902800     -0.01310600
   -0.00061300     -0.00010600      0.00027600
   -0.00047900      0.00009600     -0.00012800
   -0.00117100     -0.00004000      0.00014100
   -0.08060000     -0.04713800      0.07054800
   -0.00014200      0.00029000      0.00008500
    0.00010000      0.00011900      0.00003900
    0.00019400     -0.00023600      0.00000000
    0.00145200      0.00002300      0.00006600
    0.00010200      0.00011300      0.00009300
   -0.00026000     -0.00001300     -0.00020900
   -0.00029700      0.00007000     -0.00074300
    0.08644900      0.04894700     -0.07255700
    0.00020900     -0.00003800     -0.00001300
   -0.00000100      0.00000700     -0.00002400
    0.00004500     -0.00001500     -0.00001500
   -0.00739800     -0.00955000      0.01222600
   -0.00024900     -0.00015400     -0.00028600
   -0.00003300      0.00008000     -0.00001200
   -0.00003300     -0.00008100     -0.00003000
   -0.00428900     -0.00309400      0.00664200
   -0.00013400      0.00003100     -0.00018900
   -0.00000600      0.00005000     -0.00004700
   -0.00003700     -0.00001000     -0.00007000
   -0.00291100      0.00152600     -0.00389100
    0.00012300      0.00011900     -0.00009000
    0.00030400      0.00023600      0.00026900
    0.00008500     -0.00021700      0.00050300
    0.00046700      0.00000800      0.00066400
    0.00041500      0.00025400     -0.00015400
    0.00052300      0.00007100     -0.00003000
   -0.00129500     -0.00037800      0.00004400
13 0.00000000 -0.00203922 -0.00000000
   -0.00230000     -0.00425000      0.00248500
   -0.00024500      0.00019100      0.00042500
   -0.00030400      0.00005000     -0.00007900
   -0.00032700      0.00046600     -0.00028700
   -0.04453500     -0.08552800      0.07316900
    0.00014500      0.00023500     -0.00003400
    0.00002800      0.00010300      0.00001300
    0.00016200     -0.00019700      0.00000600
   -0.00027600      0.00002200     -0.00004300
    0.00008500      0.00002300     -0.00018600
   -0.00016000      0.00003200     -0.00010700
    0.00016900      0.00021500     -0.00013600
    0.04886400      0.08956100     -0.08100200
   -0.00005700     -0.00008600     -0.00005400
    0.00001000      0.00000800     -0.00002100
   -0.00001300     -0.00001500     -0.00001700
    0.00597800      0.00840300     -0.01137600
   -0.00005100      0.00005000      0.00003400
   -0.00002700      0.00007700      0.00000700
    0.00000300     -0.00009400     -0.00001400
   -0.00752400     -0.00890700      0.01513400
   -0.00001700      0.00006700     -0.00003800
    0.00001700      0.00005800     -0.00003900
   -0.00001400     -0.00001300     -0.00005900
    0.00073300      0.00046500      0.00205800
   -0.00032600      0.00003800     -0.00011100
    0.00016200      0.00023700      0.00025200
    0.00011900     -0.00044900      0.00040000
    0.00005400     -0.00012500     -0.00098200
    0.00005700      0.00012000     -0.00021000
    0.00030100      0.00011400      0.00000400
   -0.00070900     -0.00087500      0.00080800
13 -0.00000000 0.00000000 -0.00137212
    0.00970100      0.00832800     -0.01496800
   -0.00002500      0.00014000      0.00034900
   -0.00008400     -0.00001400     -0.00008600
    0.00110000     -0.00025500     -0.00009700
    0.06682800      0.07354100     -0.14948900
    0.00006800     -0.00005600     -0.00008500
    0.00000700      0.00010200     -0.00000500
    0.00001800     -0.00011500      0.00003800
    0.00089200      0.00034500      0.00001200
    0.00016300      0.00001800     -0.00017000
   -0.00010400      0.00004700     -0.00007400
   -0.00033300     -0.00006800      0.00008600
   -0.07486500     -0.08370300      0.16353200
   -0.00005500      0.00001200     -0.00008900
    0.00002000      0.00000000     -0.00002500
   -0.00003600      0.00000800     -0.00004600
    0.00349900      0.00348100     -0.00606000
   -0.00032700      0.00014300     -0.00002800
   -0.00002800      0.00006300      0.00001700
    0.00000500     -0.00009500      0.00000100
   -0.00402000     -0.00400900      0.00914600
   -0.00007000      0.00012100     -0.00008700
    0.00003000      0.00006100     -0.00004400
   -0.00002000     -0.00005800     -0.00003300
   -0.00316500      0.00128800     -0.00257700
   -0.00019800      0.00010700     -0.00000900
    0.00007600      0.00026400      0.00029000
   -0.00033300     -0.00005200     -0.00000200
    0.00109200     -0.00081700      0.00212400
   -0.00003100      0.00010100     -0.00016700
    0.00014800      0.00015100     -0.00000200
    0.00004800      0.00092200     -0.00145300
17 -0.00060349 -0.00000000 0.00000000
   -0.01776500      0.00897900      0.00611500
   -0.00039500     -0.00037700     -0.00089600
   -0.00059200      0.00014600     -0.00009000
   -0.00006900      0.00010300     -0.00008200
   -0.13815500      0.08349200      0.05664900
   -0.00027500      0.00029700      0.00055200
    0.00007700      0.00010600      0.00004500
    0.00010000     -0.00009800     -0.00002000
   -0.00048800     -0.00030600     -0.00089400
   -0.00021900      0.00015700     -0.00010800
   -0.00019900      0.00001100     -0.00014800
    0.00011700      0.00004700     -0.00004200
   -0.00739100      0.00607800      0.00341100
   -0.00025600     -0.00005400      0.00028100
    0.00000700      0.00000400     -0.00002700
   -0.00004500     -0.00001100     -0.00003600
    0.15354100     -0.09237100     -0.06000900
    0.00014800      0.00013900     -0.00014700
   -0.00003700      0.00008400      0.00000400
   -0.00000100     -0.00008500     -0.00000100
    0.00891800     -0.00578000     -0.00342700
    0.00013700      0.00002600      0.00012700
   -0.00000000      0.00005300     -0.00003600
   -0.00004500     -0.00005200     -0.00004500
    0.00132700     -0.00064800      0.00092900
   -0.00055700      0.00086100      0.00050600
    0.00027900      0.00019800      0.00021300
    0.00015300     -0.00036900      0.00030900
    0.00083700     -0.00062100     -0.00339100
    0.00016300      0.00026100      0.00015000
    0.00061000      0.00006200     -0.00003900
    0.00007400     -0.00033200      0.00014900
17 0.00000000 -0.00203922 -0.00000000
    0.00244100     -0.00385300     -0.00197600
   -0.00043300     -0.00004000     -0.00019300
   -0.00058900      0.00014900     -0.00008400
    0.00004100      0.00009800     -0.00020500
    0.07964500     -0.09319900     -0.03857600
    0.00039800      0.00022000     -0.00005600
    0.00009200      0.00010100      0.00003300
    0.00013000     -0.00009600     -0.00000600
   -0.00041600      0.00015900     -0.00005200
   -0.00000200     -0.00011500     -0.00016600
   -0.00022900      0.00000400     -0.00015900
   -0.00002100     -0.00005400      0.00009600
   -0.00936600      0.00844000      0.00346900
   -0.00027200     -0.00003400     -0.00008300
    0.00000500      0.00000900     -0.00002100
   -0.00003700     -0.00000300     -0.00002800
   -0.08892300      0.10160900      0.04418500
    0.00005900      0.00016200      0.00004300
   -0.00004000      0.00007900      0.00000400
   -0.00001400     -0.00009300     -0.00000700
    0.01571900     -0.01297600     -0.00769700
    0.00014100     -0.00004500     -0.00014200
    0.00000100      0.00005600     -0.00003900
   -0.00006100     -0.00003700     -0.00003900
   -0.00006800      0.00008400      0.00115600
    0.00048200      0.00001800      0.00061200
    0.00031900      0.00019200      0.00022100
    0.00014300     -0.00030400      0.00020100
    0.00016800     -0.00047800     -0.00034200
    0.00023300      0.00021500     -0.00006400
    0.00051400      0.00009000     -0.00002600
   -0.00006000     -0.00035900     -0.00006200
17 -0.00000000 0.00000000 -0.00137212
   -0.01440300      0.01270900      0.01067000
   -0.00051400     -0.00087800     -0.00168400
   -0.00032900      0.00004600     -0.00013800
   -0.00065600      0.00026400     -0.00019400
    0.05304000     -0.03789000     -0.06237000
   -0.00001400      0.00028600     -0.00001600
    0.00005200      0.00012600      0.00003000
    0.00013800     -0.00017800      0.00001300
    0.00005000     -0.00046600      0.00023600
   -0.00004300      0.00011000      0.00024000
   -0.00020600      0.00000500     -0.00019900
    0.00026500      0.00011900     -0.00047100
    0.01226100     -0.01140800     -0.00613000
    0.00026400     -0.00002200     -0.00007800
   -0.00000000      0.00000700     -0.00002200
   -0.00000500     -0.00000700     -0.00002200
   -0.05834200      0.04449100      0.06690900
    0.00014800      0.00006600     -0.00036300
   -0.00003000      0.00007900     -0.00000400
   -0.00001000     -0.00008400     -0.00003200
    0.00657900     -0.00483900     -0.00342900
    0.00019400     -0.00016000     -0.00024400
    0.00000300      0.00005400     -0.00004600
   -0.00001600     -0.00003900     -0.00006500
    0.00066200     -0.00074500     -0.00181300
    0.00040300      0.00040400      0.00121500
    0.00024900      0.00023700      0.00029800
    0.00007400     -0.00049700      0.00065000
   -0.00107300     -0.00226700     -0.00290500
    0.00036000      0.00053100      0.00029700
    0.00038400      0.00007100     -0.00013700
    0.00051300     -0.00012600     -0.00019300
21 -0.00060349 -0.00000000 0.00000000
   -0.01073700     -0.01587300     -0.00660300
   -0.00072700     -0.00093100     -0.00149400
   -0.00084400      0.00020500     -0.00012700
   -0.00092000      0.00037800     -0.00020100
   -0.06319600     -0.07172900     -0.02811800
   -0.00003100      0.00015500      0.00014100
    0.00013000      0.00011700      0.00009100
    0.00024000     -0.00008600      0.00000700
   -0.00066500      0.00046500      0.00029700
   -0.00030400      0.00015200      0.00032600
   -0.00035600     -0.00005100     -0.00028600
    0.00008200     -0.00008800     -0.00022900
   -0.00428300     -0.00760500     -0.00414800
   -0.00014400      0.00000500      0.00000000
   -0.00002600      0.00000400     -0.00001700
   -0.00002900     -0.00002700     -0.00003500
    0.00888800      0.01567800      0.00654700
    0.00012600      0.00026900     -0.00022200
   -0.00005600      0.00009400     -0.00000900
   -0.00002300     -0.00006500     -0.00002300
    0.07117000      0.07654900      0.03255500
    0.00012000     -0.00001300     -0.00000000
   -0.00004600      0.00003500     -0.00003000
   -0.00009100     -0.00005100     -0.00007500
    0.00065500      0.00018900      0.00179700
   -0.00051200      0.00029800      0.00090600
    0.00045000      0.00016600      0.00023900
    0.00041500     -0.00048500      0.00054500
   -0.00156300      0.00246800     -0.00197300
    0.00071900      0.00051800      0.00035100
    0.00091900     -0.00002700     -0.00010200
    0.00063900     -0.00071500     -0.00011000
21 0.00000000 -0.00203922 -0.00000000
    0.00011800      0.00698100      0.00232200
    0.00003300     -0.00019700     -0.00005700
    0.00002300     -0.00004400     -0.00009500
    0.00075900     -0.00025700     -0.00007200
   -0.07195900     -0.17906200     -0.05521600
    0.00010000      0.00001000     -0.00004000
   -0.00000300      0.00010600     -0.00002000
   -0.00000200     -0.00008000      0.00006100
   -0.00031900      0.00024500     -0.00029600
    0.00016200      0.00013300     -0.00002700
   -0.00006600      0.00006700     -0.00006100
    0.00013900     -0.00005800      0.00001900
   -0.00303700     -0.00888100     -0.00398600
   -0.00005700     -0.00000500     -0.00009700
    0.00002400      0.00000300     -0.00003100
   -0.00004700      0.00002200     -0.00004600
   -0.00563500     -0.01316300     -0.00483500
   -0.00004800     -0.00002500      0.00023500
   -0.00002200      0.00006100      0.00001500
    0.00000800     -0.00010000     -0.00001200
    0.07805200      0.19599600      0.06209300
   -0.00009700      0.00023400     -0.00005500
    0.00004000      0.00006800     -0.00005100
   -0.00002700     -0.00004300     -0.00001500
    0.00055000     -0.00069800      0.00037800
   -0.00088000     -0.00046800     -0.00009500
    0.00003800      0.00027700      0.00029600
   -0.00013100     -0.00020800      0.00008700
    0.00292700     -0.00086700     -0.00031700
   -0.00008200      0.00017900     -0.00010400
    0.00007500      0.00015100     -0.00003900
   -0.00063300     -0.00037600      0.00006200
21 -0.00000000 0.00000000 -0.00137212
   -0.00618500     -0.01805900     -0.00721600
   -0.00012900      0.00010900      0.00037000
    0.00001300     -0.00005000     -0.00009800
   -0.00025500      0.00022000     -0.00026700
   -0.02752900     -0.05371100     -0.05872200
   -0.00007100      0.00011300      0.00002000
    0.00000700      0.00011300     -0.00000400
    0.00010200     -0.00020300      0.00004300
    0.00019200      0.00016500      0.00021100
    0.00032100      0.00013500      0.00003200
   -0.00009500      0.00004600     -0.00008600
    0.00021700      0.00009300     -0.00046200
    0.00678000      0.01532100      0.00902000
    0.00012200     -0.00000600     -0.00007700
    0.00002400     -0.00000000     -0.00002700
    0.00001400     -0.00002600     -0.00002800
   -0.00331400     -0.00784000     -0.00335100
   -0.00017000      0.00018100     -0.00019400
   -0.00001500      0.00005800      0.00001100
    0.00000700     -0.00009900     -0.00003700
    0.03247700      0.06058300      0.06100300
   -0.00005300      0.00008000     -0.00028200
    0.00003900      0.00006400     -0.00005100
    0.00001100     -0.00001600     -0.00008000
   -0.00008200      0.00095400      0.00092900
   -0.00044100     -0.00018400     -0.00045900
    0.00005800      0.00028200      0.00030500
   -0.00009100     -0.00035200      0.00054100
   -0.00235000      0.00164100     -0.00047800
   -0.00003700      0.00010700     -0.00016700
    0.00008100      0.00014800     -0.00002900
    0.00035600      0.00013600     -0.00036900
25 -0.00060349 -0.00000000 0.00000000
   -0.10017100     -0.02049700      0.00786600
    0.00334300      0.00034100     -0.00162800
    0.00337900     -0.00098400      0.00000600
    0.00309600      0.00058400     -0.00386000
    0.01009100      0.00850000     -0.01497900
   -0.00115000      0.00076500      0.00135900
   -0.00053000      0.00008200     -0.00037200
   -0.00022800     -0.00059300      0.00052800
   -0.16451800      0.01762200     -0.10056200
    0.00119600     -0.00034900     -0.00080600
    0.00106600      0.00047200      0.00074500
    0.00356100      0.00100800     -0.00448300
   -0.00292500      0.00066700     -0.00332700
    0.00011700     -0.00024700      0.00011300
    0.00016400     -0.00004400     -0.00008000
    0.00010600     -0.00015900      0.00026100
    0.00127800     -0.00031200      0.00062900
   -0.00050600      0.00063000     -0.00045200
    0.00012600     -0.00010000      0.00011300
    0.00017000     -0.00026600     -0.00013800
    0.00073700      0.00042900     -0.00013600
   -0.00049600     -0.00076100      0.00036300
    0.00035100      0.00015300     -0.00013000
    0.00038600      0.00004900      0.00000300
    0.29236000      0.02884300      0.08145900
   -0.00125400      0.00016700      0.00075100
   -0.00154800      0.00059700      0.00055400
   -0.00363300     -0.00059100      0.00311100
   -0.03299500     -0.04074800      0.03958600
   -0.00317700     -0.00029800      0.00032200
   -0.00289300      0.00079100     -0.00010800
   -0.00550400      0.00424900     -0.00670700
25 0.00000000 -0.00203922 -0.00000000
   -0.02282900     -0.08641200      0.05958100
    0.00066500     -0.00060700     -0.00079400
    0.00059900     -0.00020400     -0.00004900
   -0.00728800      0.00376800     -0.00004100
   -0.00291400     -0.00269900      0.01555100
   -0.00057600      0.00082700     -0.00025000
   -0.00009700      0.00012300     -0.00006600
    0.00059500     -0.00020000      0.00041800
    0.02745300     -0.02993700      0.03175100
    0.00028800     -0.00004100     -0.00020400
    0.00012400      0.00013100      0.00008200
    0.00414500      0.00353300     -0.00513400
    0.00174100      0.00073300      0.00143100
   -0.00015400     -0.00021700      0.00010300
    0.00002800     -0.00001100     -0.00003600
   -0.00004700     -0.00019700      0.00016400
   -0.00046000      0.00021900     -0.00052400
    0.00060000     -0.00015000     -0.00013800
    0.00002100      0.00001500      0.00002900
    0.00011600     -0.00013600     -0.00026300
    0.00041900     -0.00052800      0.00113800
    0.00004600     -0.00065400      0.00039500
    0.00009100      0.00008100     -0.00007300
    0.00020500      0.00000000     -0.00013600
    0.02976900      0.12851200     -0.13870800
   -0.00014900      0.00037200      0.00066400
   -0.00023400      0.00032200      0.00032200
    0.00032300     -0.00497900      0.00521400
   -0.04296300     -0.01072500      0.02214400
   -0.00071200      0.00028900      0.00015200
   -0.00046400      0.00025700     -0.00008500
    0.01166000     -0.00148700      0.00736400
25 -0.00000000 0.00000000 -0.00137212
    0.01125500      0.05475500     -0.13818500
   -0.00033400      0.00083700      0.00282500
   -0.00062400      0.00017000     -0.00013800
    0.01236100     -0.00381100     -0.00249500
    0.00347100      0.02028100     -0.02496200
    0.00076700     -0.00025300     -0.00078300
    0.00013100      0.00007100      0.00000300
   -0.00083100      0.00031700     -0.00049600
   -0.11850500      0.02700000     -0.12144500
    0.00017100      0.00008700     -0.00015500
   -0.00034700     -0.00003700     -0.00029500
   -0.00471700     -0.00218300      0.00644000
   -0.00416500      0.00187800     -0.00285600
    0.00034300      0.00038000     -0.00032300
    0.00002500      0.00005100     -0.00004400
   -0.00033000      0.00017800     -0.00025800
    0.00073900      0.00081500     -0.00205600
   -0.00022900     -0.00028600      0.00093900
   -0.00008800      0.00015100      0.00000300
   -0.00011100     -0.00007500      0.00040200
    0.00161000      0.00008100      0.00068300
   -0.00057300      0.00043200     -0.00079100
   -0.00001200      0.00006600     -0.00004100
   -0.00037100     -0.00014400      0.00024800
    0.08300600     -0.13601800      0.29765200
   -0.00043800     -0.00013700     -0.00128800
    0.00049100      0.00023400      0.00019600
   -0.00295800      0.00474100     -0.00597000
    0.04036800      0.02267400      0.00387100
    0.00087700      0.00001400     -0.00079400
    0.00094800      0.00002900      0.00004000
   -0.02192900      0.00770300     -0.00992700
29 -0.00060349 -0.00000000 0.00000000
   -0.38963000     -0.09414800     -0.03426900
    0.00669900      0.00186000     -0.00015100
    0.00668200     -0.00187300      0.00009300
   -0.01801700      0.00846900     -0.00447700
   -0.02876400     -0.01261400     -0.00675400
   -0.00101800      0.00031200      0.00081900
   -0.00087300      0.00012000     -0.00064900
    0.00065100     -0.00131600      0.00184800
   -0.01282100      0.00547500     -0.00996700
    0.00236100     -0.00075300     -0.00169200
    0.00211900      0.00086300      0.00149800
    0.00679100      0.00582100     -0.01252500
    0.00006600     -0.00030600      0.00049900
    0.00032900      0.00001400      0.00006300
    0.00029900     -0.00006900     -0.00009100
   -0.00097000      0.00037800     -0.00040400
    0.00039300     -0.00029000     -0.00146900
    0.00011100      0.00028300     -0.00024100
    0.00036500     -0.00023100      0.00014300
    0.00044100     -0.00044300     -0.00091600
   -0.00200100      0.00240500     -0.00275000
    0.00061700     -0.00006700      0.00008900
    0.00065800      0.00022400     -0.00019500
    0.00094700      0.00023300     -0.00078300
   -0.03303400     -0.04327600      0.03975900
   -0.00314900     -0.00047800     -0.00031500
   -0.00288700      0.00096000      0.00075200
   -0.00536300     -0.01224100      0.02161300
    0.46497100      0.14413800      0.00684400
   -0.00582200     -0.00113200     -0.00006900
   -0.00562600      0.00148300     -0.00002200
    0.01547300     -0.00380300      0.00371700
29 0.00000000 -0.00203922 -0.00000000
   -0.10529400     -0.08895700      0.00093300
    0.00139200      0.00013200     -0.00078300
    0.00133100     -0.00039300     -0.00003000
   -0.00324400      0.00285500     -0.00191200
   -0.00357300      0.01602100      0.00400900
   -0.00048500      0.00029000      0.00046200
   -0.00022500      0.00008200     -0.00016100
    0.00011100     -0.00085500     -0.00035200
   -0.00357400      0.00129700     -0.00756600
    0.00055400     -0.00011200     -0.00038800
    0.00036400      0.00022500      0.00023900
    0.00442100     -0.00322800     -0.00251700
    0.00003200     -0.00003100     -0.00086000
    0.00004500     -0.00008700      0.00005200
    0.00007900      0.00000300     -0.00004800
    0.00023600     -0.00076100      0.00095700
   -0.00057900     -0.00049900     -0.00222300
    0.00005700      0.00010500     -0.00032600
    0.00003900      0.00003900      0.00006600
    0.00024300     -0.00038000     -0.00006500
    0.00247100     -0.00086000      0.00159700
    0.00030000      0.00005100      0.00005300
    0.00017400      0.00008900     -0.00006900
    0.00059100     -0.00032600      0.00017100
   -0.04009800     -0.01116400      0.02282300
   -0.00056000      0.00034400      0.00048700
   -0.00056100      0.00039500      0.00037100
   -0.00435800     -0.00161300      0.00807700
    0.14906300      0.08940800     -0.02515800
   -0.00126600      0.00001800      0.00013800
   -0.00109300      0.00040400     -0.00008000
    0.00340500     -0.00249000      0.00210200
29 -0.00000000 0.00000000 -0.00137212
   -0.02801500      0.00486200     -0.08046300
   -0.00002200      0.00048700      0.00111900
   -0.00014400     -0.00009000     -0.00031300
    0.00694500     -0.00445200      0.00538900
   -0.02062100     -0.00119900      0.00805800
    0.00024500     -0.00014500     -0.00021000
    0.00007200      0.00015200      0.00007800
   -0.00089300      0.00013600     -0.00008400
    0.00163800     -0.00462900      0.00564100
    0.00019400      0.00000900     -0.00021000
   -0.00012700      0.00004400     -0.00006700
   -0.00418500     -0.00133500     -0.00553400
    0.00081200     -0.00086500      0.00205300
    0.00006600      0.00014700     -0.00014500
    0.00001800     -0.00003000      0.00000300
   -0.00005300      0.00079800     -0.00144100
   -0.00333800     -0.00042900     -0.00285000
   -0.00022000      0.00007900      0.00036400
   -0.00004200      0.00006500     -0.00009000
   -0.00017300     -0.00010500     -0.00017700
   -0.00195900     -0.00033800     -0.00047400
   -0.00044700      0.00010900     -0.00015600
   -0.00006400      0.00006500     -0.00003700
    0.00003800      0.00004400     -0.00038900
    0.03948900      0.02193000      0.00434700
   -0.00044900      0.00003500     -0.00047700
    0.00004600      0.00031100      0.00041100
    0.00653900      0.00706800     -0.00978400
    0.00866400     -0.02492800      0.07978400
    0.00007400     -0.00000100     -0.00036300
    0.00021300      0.00017600      0.00009700
   -0.00430000      0.00202700     -0.00407900
