 10.          3.45761194 
 20.          3.45800508 
 30.          3.45870421 
 40.          3.45963636 
 50.          3.46078548 
 60.          3.46214286 
 70.          3.46370799 
 80.         3.4654893 
 90.          3.46750198 
 100.           3.46976476 
 110.           3.47229702 
 120.           3.47511696 
 130.           3.47824068 
 140.           3.48168192 
 150.           3.48545229 
 160.           3.48956153 
 170.           3.49401801 
 180.           3.49882901 
 190.           3.50400101 
 200.           3.50953985 
 210.           3.51545085 
 220.           3.52173884 
 230.           3.52840816 
 240.           3.53546263 
 250.           3.54290551 
 260.           3.55073946 
 270.           3.55896651 
 280.         3.567588 
 290.           3.57660462 
 300.           3.58601636 
