 10.          3.45761501 
 20.          3.45800693 
 30.          3.45870506 
 40.          3.45963633 
 50.          3.46078462 
 60.          3.46214124 
 70.          3.46370567 
 80.          3.46548634 
 90.          3.46749843 
 100.           3.46976065 
 110.           3.47229239 
 120.           3.47511183 
 130.           3.47823508 
 140.           3.48167588 
 150.          3.4854458 
 160.           3.48955463 
 170.           3.49401071 
 180.           3.49882132 
 190.           3.50399293 
 200.          3.5095314 
 210.           3.51544203 
 220.           3.52172966 
 230.           3.52839862 
 240.           3.53545274 
 250.           3.54289526 
 260.           3.55072887 
 270.           3.55895556 
 280.          3.5675767 
 290.           3.57659297 
 300.           3.58600437 
