1 0.00019740146267773314
1 0.00016314709391156146
1 0.00011879849159103181
0 7.59942591545946e-07
0 2.9792546803314126e-06
0 6.914601833103215e-06
0 0.0040642480997044525
0 0.014074683344138037
0 0.026786963077210745
0 0.04240727295985209
0 0.04842961868017237
0 0.05086709105969608
0 0.06263282077517048
0 0.06312225033476829
0 0.06693652767728506
0 0.07131925561710278
0 0.08344329086834916
0 0.0863256314051831
0 0.09803424659494535
0 0.10658726508073861
0 0.11567170151859076
0 0.11578668835220784
0 0.12051351444169252
0 0.12955601839414338
0 0.13273789457987892
0 0.13357868096989625
0 0.14223266491986325
0 0.14878358723599894
0 0.15159881951912454
0 0.15607420578799464
0 0.1598229232290032
0 0.1617889450936356
0 0.16403538096150774
0 0.16573449337127716
0 0.17915827439396464
0 0.17963763883511616
0 0.18045654077172907
0 0.18106905653355324
0 0.20801355857709006
0 0.20856693347444744
0 0.36354748317425556
0 0.3637877237565097
0 0.36532655943884834
0 0.3653587772083009
0 0.37408861205910754
0 0.3743066934023128
0 0.3743739110650845
0 0.3745075362222902
