#  T(K)     E(eV/cell)    F(eV/cell)    Fc(eV/cell)   S(kB/cell)    Cv(kB/cell)
   10.00    7.89077892    7.89065404    0.43990974    0.14491666    0.47680427
   20.00    7.89211028    7.89017438    0.75080017    1.12325440    2.78112900
   30.00    7.89558150    7.88854131    1.01299306    2.72325091    5.20528352
   40.00    7.90094080    7.88543313    1.24356170    4.49894746    7.15522440
   50.00    7.90779797    7.88079039    1.45061477    6.26816061    8.70339968
   60.00    7.91586042    7.87464970    1.63892816    7.97045981    9.97033068
   70.00    7.92492782    7.86707731    1.81165764    9.59033102   11.04932062
   80.00    7.93487042    7.85814421    1.97104613   11.12956632   12.01194715
   90.00    7.94561216    7.84791648    2.11877066   12.59671560   12.91146297
  100.00    7.95711568    7.83645171    2.25613294   14.00238684   13.78496231
  110.00    7.96936982    7.82379832    2.38417288   15.35706171   14.65674112
  120.00    7.98238017    7.80999609    2.50374041   16.67018308   15.54200054
  130.00    7.99616265    7.79507723    2.61554330   17.94988596   16.44992425
  140.00    8.01073930    7.77906749    2.72018005   19.20302365   17.38583523
  150.00    8.02613560    7.76198724    2.81816344   20.43530555   18.35255829
  160.00    8.04237870    7.74385234    2.90993771   21.65145975   19.35123356
  170.00    8.05949618    7.72467495    2.99589145   22.85538474   20.38179705
  180.00    8.07751515    7.70446419    3.07636745   24.05027941   21.44327709
  190.00    8.09646158    7.68322668    3.15167036   25.23875107   22.53399529
  200.00    8.11635974    7.66096702    3.22207270   26.42290471   23.65171949
  210.00    8.13723178    7.63768817    3.28781972   27.60441723   24.79379161
  220.00    8.15909742    7.61339182    3.34913325   28.78460000   25.95724042
  230.00    8.18197372    7.58807866    3.40621498   29.96445222   27.13888238
  240.00    8.20587494    7.56174865    3.45924901   31.14470703   28.33541163
  250.00    8.23081246    7.53440121    3.50840409   32.32587158   29.54347882
  260.00    8.25679480    7.50603539    3.55383546   33.50826218   30.75975882
  270.00    8.28382763    7.47665008    3.59568642   34.69203513   31.98100739
  280.00    8.31191387    7.44624406    3.63408965   35.87721381   33.20410716
  290.00    8.34105383    7.41481615    3.66916831   37.06371247   34.42610373
  300.00    8.37124536    7.38236527    3.70103711   38.25135701   35.64423273
