#  T(K)     E(eV/cell)    F(eV/cell)    Fc(eV/cell)   S(kB/cell)    Cv(kB/cell)
   10.00   12.93594161   12.93586397    0.66266546    0.09009153    0.34215004
   20.00   12.93723995   12.93546900    1.13896968    1.02754409    3.00663139
   30.00   12.94116725   12.93383890    1.54493302    2.83471397    5.95894039
   40.00   12.94721575   12.93053121    1.90521689    4.84037369    7.92698247
   50.00   12.95462762   12.92552493    2.23153381    6.75441051    9.19163052
   60.00   12.96295969   12.91893490    2.53078232    8.51472189   10.11144548
   70.00   12.97202088   12.91089063    2.80752073   10.13403941   10.91069370
   80.00   12.98176292   12.90150095    3.06498882   11.64244741   11.70391768
   90.00   12.99220455   12.89084869    3.30560898   13.06865262   12.53863237
  100.00   13.00338877   12.87899448    3.53126144   14.43526947   13.42793023
  110.00   13.01536265   12.86598214    3.74344828   15.75889370   14.37063850
  120.00   13.02817016   12.85184328    3.94339722   17.05146709   15.36186737
  130.00   13.04185122   12.83660073    4.13213056   18.32168112   16.39752380
  140.00   13.05644308   12.82027082    4.31051280   19.57606192   17.47558688
  150.00   13.07198212   12.80286491    4.47928464   20.81971065   18.59591321
  160.00   13.08850515   12.78439041    4.63908774   22.05677216   19.75953890
  170.00   13.10605010   12.76485146    4.79048342   23.29071620   20.96793960
  180.00   13.12465616   12.74424943    4.93396681   24.52449932   22.22243217
  190.00   13.14436342   12.72258336    5.06997795   25.76065557   23.52376425
  200.00   13.16521227   12.69985022    5.19891050   27.00134736   24.87187841
  210.00   13.18724270   12.67604532    5.32111868   28.24839593   26.26581689
  220.00   13.21049345   12.65116250    5.43692295   29.50330285   27.70372956
  230.00   13.23500132   12.62519445    5.54661461   30.76726869   29.18295172
  240.00   13.26080051   12.59813295    5.65045959   32.04121203   30.70012435
  250.00   13.28792206   12.56996910    5.74870164   33.32579004   32.25133612
  260.00   13.31639349   12.54069353    5.84156502   34.62142070   33.83227148
  270.00   13.34623843   12.51029663    5.92925668   35.92830641   35.43835419
  280.00   13.37747655   12.47876868    6.01196828   37.24645825   37.06487938
  290.00   13.41012342   12.44610002    6.08987773   38.57572048   38.70712969
  300.00   13.44419059   12.41228120    6.16315071   39.91579442   40.36047382
