    4    8   24
 12.011 16.000 14.001  1.000
    1    1  0.0080  0.0000  0.0000
 -0.491767126092  -0.101839122364  -0.049020025989
  0.174806066759   0.157031363248   0.003898519160
  0.175584763863  -0.006776361508   0.006784353266
  0.120288516918  -0.036693425146   0.014398712288
  0.005722362071   0.004756073878   0.008097758588
  0.011315527730  -0.000550639521   0.008872562160
 -0.009763307544   0.013951874472  -0.002838220895
  0.013813196294  -0.029879763059   0.009806341422
    1    2  0.0000  0.0080  0.0000
 -0.101962426114  -0.610190478910   0.029229623362
  0.157195725428   0.357781240588  -0.003078768545
 -0.004484513978   0.094878310156  -0.012741540471
 -0.038913087214   0.150209747907   0.000270002442
  0.022945426600   0.001137189501   0.007984833064
 -0.031359879947  -0.003953786666  -0.006074827441
 -0.004304640181   0.016583930490  -0.011036206825
  0.000883395407  -0.006446153067  -0.004553115586
    1    3  0.0000  0.0000  0.0080
 -0.048882150423   0.029141064743  -0.166659777002
  0.005122535345  -0.003704021511   0.061962245746
  0.039139123167  -0.014591029572   0.045648546869
  0.032335144861  -0.026776381786   0.045646526267
 -0.014872529510   0.003015063390   0.003072610693
 -0.001129478271   0.001221997295   0.003621108548
 -0.010056145907   0.011252340396   0.003094456455
 -0.001656499262   0.000440967045   0.003614282423
    2    1  0.0080  0.0000  0.0000
  0.174750291015   0.157067969761   0.005017452202
 -0.191552408375  -0.205458758339  -0.008702328019
  0.037368317020   0.046242485563   0.005600751431
 -0.019572600991   0.000649525348  -0.003357784651
  0.005332478976   0.000314349604   0.002901120164
 -0.003439223534   0.001377234458  -0.002528485067
 -0.001006634186  -0.003474941834   0.001293993282
 -0.001880219925   0.003282135439  -0.000224719341
    2    2  0.0000  0.0080  0.0000
  0.157133413422   0.357691021250  -0.003754027576
 -0.205351279997  -0.430735315455   0.006109868053
  0.033798391303   0.007734199735   0.007178709321
  0.013046910124   0.064649370343  -0.008698047279
  0.000189813243  -0.002875088736   0.000198723646
  0.002340620746   0.000813521354  -0.001215320871
 -0.003411241842   0.003452853463  -0.002622025755
  0.002253373000  -0.000730561954   0.002802120461
    2    3  0.0000  0.0000  0.0080
  0.003878055531  -0.003058750666   0.061998570802
 -0.008821155146   0.005947757417  -0.030497125342
  0.004723982120   0.008142746142  -0.015092503223
 -0.004624836916  -0.008390600867  -0.015038207223
  0.002569247412  -0.001017947207  -0.003068680461
  0.000004031476  -0.000017259619   0.002381606509
  0.002206347657  -0.001658764194  -0.003064261420
  0.000064327867   0.000052818994   0.002380600358
    3    1  0.0080  0.0000  0.0000
  0.175704721262  -0.004470575302   0.039242941042
  0.037514273131   0.033911003705   0.004803581645
 -0.479549093547   0.006998137878   0.031440857800
  0.028274237585  -0.016161439899   0.013360681101
  0.125397618605   0.097048836474  -0.073504688063
  0.111503196327  -0.116519728098  -0.014341609663
  0.002318788015   0.000484944710  -0.001033232062
 -0.001163741378  -0.001291179467   0.000031468201
    3    2  0.0000  0.0080  0.0000
 -0.006787948356   0.094782278178  -0.014594760702
  0.046264577058   0.007783054389   0.008103925272
  0.007075493640  -0.572343478213   0.121953391805
 -0.035546012362  -0.001869556868  -0.007508386005
  0.103883177892   0.198098123634  -0.115135939112
 -0.112238520069   0.270876705782   0.009147117832
 -0.000241552433  -0.002211085257   0.000361450703
 -0.002409215370   0.004883958355  -0.002326799794
    3    3  0.0000  0.0000  0.0080
  0.006810323962  -0.012731377546   0.045600424775
  0.005600634950   0.007208093924  -0.015097166126
  0.031500534275   0.121855993112  -0.087101624426
  0.013247488393  -0.007750843264  -0.002390158192
 -0.058430517731  -0.094244292738   0.056983053470
 -0.000083625274  -0.012581772482   0.004641214344
  0.001341754726  -0.000730843625  -0.000449942827
  0.000013406698  -0.001024957381  -0.002185801018
    4    1  0.0080  0.0000  0.0000
  0.120307589422  -0.039059630949   0.032354920685
 -0.019526849561   0.013003621104  -0.004676869123
  0.028285958735  -0.035500333726   0.013276859917
 -0.555481623233  -0.037307249323  -0.088575094264
 -0.001181781808  -0.002285088761  -0.000814406602
  0.004966066146   0.001174816395   0.002019825861
  0.092552844066   0.085011827724   0.062153661944
  0.330077796233   0.014962037535  -0.015738898419
    4    2  0.0000  0.0080  0.0000
 -0.036815330350   0.150220874118  -0.026824261190
  0.000631707802   0.064740232589  -0.008418940572
 -0.016159191789  -0.001878162319  -0.007744774052
 -0.037319815426  -0.497541881421  -0.087170377557
 -0.001544403982   0.001278033519   0.000695589099
  0.002281132301  -0.001221022477   0.001126471502
  0.078240083860   0.231939873566   0.120734759286
  0.010685817584   0.052462052426   0.007601533484
    4    3  0.0000  0.0000  0.0080
  0.014406345377   0.000227235693   0.045622059792
 -0.003375577837  -0.008688685502  -0.015015436114
  0.013358216411  -0.007483334801  -0.002389091959
 -0.088540841789  -0.087146163102  -0.086234276026
  0.001318429353  -0.000793934813  -0.000447655030
  0.000876032005   0.000487423184  -0.002189089894
  0.051737303826   0.097180467433   0.056047503616
  0.010220092654   0.006216991908   0.004605985616
    5    1  0.0080  0.0000  0.0000
  0.005716746988   0.022888515054  -0.014867263049
  0.005407345611   0.000195305813   0.002524280880
  0.125361705857   0.103832208937  -0.058412747161
 -0.001198422280  -0.001567737524   0.001339730605
 -0.126507616808  -0.113940346079   0.063319852201
 -0.009568557584  -0.010702129192   0.006469012400
  0.001160239889  -0.000825305620  -0.000701533371
 -0.000371441673   0.000119488611   0.000328667495
    5    2  0.0000  0.0080  0.0000
  0.004728274141   0.001118531206   0.003017093992
  0.000316944044  -0.002822179566  -0.001044939943
  0.096931647866   0.197971651361  -0.094214754014
 -0.002286657776   0.001302229155  -0.000791566765
 -0.113947355229  -0.210020405306   0.102012914081
  0.015141336550   0.012200940333  -0.009637737651
 -0.001112618178   0.000001705883  -0.000061892915
  0.000228428581   0.000247526935   0.000720883215
    5    3  0.0000  0.0000  0.0080
  0.008060619807   0.007936945449   0.003067465152
  0.002900653213   0.000202489439  -0.003047968788
 -0.073414196401  -0.115043136888   0.057037322053
 -0.000837400346   0.000697043987  -0.000427815204
  0.063324671731   0.102027073443  -0.059673010991
  0.000405407970   0.003378191122   0.002911526092
 -0.000318493892   0.000626794707  -0.000518641470
 -0.000121262083   0.000174598741   0.000651123156
    6    1  0.0080  0.0000  0.0000
  0.011245127111  -0.031367264740  -0.001165135323
 -0.003416515573   0.002345697928  -0.000043879214
  0.111575085288  -0.112062023162  -0.000054827159
  0.005001561384   0.002290705323   0.000882251734
 -0.009560070297   0.015073961322   0.000435362387
 -0.115173908824   0.124720581642  -0.000621248366
 -0.000035884221   0.000273002727  -0.000201199126
  0.000364605131  -0.001274661040   0.000768675068
    6    2  0.0000  0.0080  0.0000
 -0.000535564569  -0.003919667304   0.001226864253
  0.001324695077   0.000776345974  -0.000041869030
 -0.116464494904   0.270792843688  -0.012539301395
  0.001169892281  -0.001197992403   0.000489111252
 -0.010763244125   0.012162782040   0.003387671585
  0.124765045370  -0.278286594888   0.007775827025
  0.000351177938  -0.000068717850  -0.000004581926
  0.000152492933  -0.000258999257  -0.000293721765
    6    3  0.0000  0.0000  0.0080
  0.008824562916  -0.006015829296   0.003667937568
 -0.002561628882  -0.001226215742   0.002429667689
 -0.014259610219   0.009135299882   0.004760139033
  0.002022368847   0.001104588829  -0.002203456575
  0.006476336678  -0.009629817943   0.002868151031
 -0.000644275157   0.007795149984  -0.010780399808
 -0.000469284848  -0.000641444760   0.000613431322
  0.000611530665  -0.000521730954  -0.001355470260
    7    1  0.0080  0.0000  0.0000
 -0.009743004807  -0.004306174375  -0.010013124612
 -0.000977169852  -0.003436334762   0.002200888796
  0.002319072549  -0.000236585205   0.001364004661
  0.092500168470   0.078131185063   0.051698167746
  0.001147673885  -0.001127570836  -0.000308389724
 -0.000049435524   0.000392896289  -0.000483707546
 -0.089962345706  -0.092920448063  -0.055941065570
  0.004765040985   0.023503031889   0.011483226248
    7    2  0.0000  0.0080  0.0000
  0.013936717632   0.016553866587   0.011251960412
 -0.003497545329   0.003520656103  -0.001678957244
  0.000512524385  -0.002213514716  -0.000737261074
  0.085004183348   0.231764260768   0.097167646679
 -0.000853399581   0.000021345494   0.000634841985
  0.000281969854  -0.000049632336  -0.000639567741
 -0.092999649010  -0.247453194902  -0.105266028924
 -0.002384801298  -0.002143786998  -0.000732634093
    7    3  0.0000  0.0000  0.0080
 -0.002829851574  -0.011011927801   0.003109300520
  0.001299637384  -0.002594496467  -0.003033549922
 -0.001014363220   0.000376566024  -0.000414919081
  0.062104745291   0.120507403818   0.056068658033
 -0.000712330243  -0.000026703424  -0.000516723834
 -0.000220970756   0.000043721771   0.000654393520
 -0.055937649659  -0.105235819885  -0.058773922110
 -0.002689217223  -0.002058744035   0.002906762875
    8    1  0.0080  0.0000  0.0000
  0.013788570841   0.000930220480  -0.001687659751
 -0.001878777144   0.002222369025   0.000000998930
 -0.001127051274  -0.002419875895   0.000025454869
  0.329943951915   0.010696509327   0.010227921735
 -0.000320908265   0.000179206511  -0.000096071478
  0.000396076080   0.000166542564   0.000635493837
  0.004829845674  -0.002415982370  -0.002690861738
 -0.345631707826  -0.009358989641  -0.006415276404
    8    2  0.0000  0.0080  0.0000
 -0.029848505468  -0.006434550633   0.000454876019
  0.003219380990  -0.000758559390   0.000047396533
 -0.001282169832   0.004912348341  -0.001025428543
  0.014881421571   0.052501343161   0.006176810620
  0.000114256426   0.000225829275   0.000184799066
 -0.001251756800  -0.000290865727  -0.000510575177
  0.023476963844  -0.002196441811  -0.002104939159
 -0.009309590731  -0.047959103216  -0.003222939358
    8    3  0.0000  0.0000  0.0080
  0.009738760545  -0.004532719147   0.003675486959
 -0.000237934893   0.002814325093   0.002430978863
  0.000071108521  -0.002306806164  -0.002187854858
 -0.015750750953   0.007558586030   0.004714842740
  0.000333093634   0.000728987891   0.000616623699
  0.000772454933  -0.000274557543  -0.001347384283
  0.011492194556  -0.000743139206   0.002855839812
 -0.006418926343  -0.003244676954  -0.010758532932
