10
1  0.00082272  0.00000000  0.00000000
     0.07795255      0.01523885     -0.08394720
     0.00000840      0.00001332     -0.00003186
     0.00001263      0.00000313     -0.00001012
    -0.00000684     -0.00000299      0.00001982
     0.00001728      0.00010143      0.00004104
     0.00000101      0.00000974     -0.00000086
     0.00001550      0.00002078      0.00000183
     0.00001399     -0.00001905     -0.00000348
     0.00031898      0.00003254     -0.00007026
     0.00004865      0.00022222      0.00020717
     0.00000742     -0.00003708     -0.00000784
     0.00002104      0.00000760     -0.00000616
     0.00000733     -0.00000214      0.00000393
     0.00001494     -0.00002663     -0.00000185
     0.00000935     -0.00001171     -0.00000989
     0.00002476     -0.00001390     -0.00002424
    -0.00008174     -0.00000745      0.00008024
     0.00007124     -0.00002082     -0.00008869
     0.00000009     -0.00003335      0.00003647
     0.00000139      0.00001219     -0.00003574
    -0.00000572      0.00007950     -0.00006359
     0.00001351      0.00000601     -0.00001237
     0.00008626     -0.00000255      0.00000558
    -0.00005061      0.00000434      0.00002438
    -0.00117994     -0.00116114      0.00108589
    -0.00000851     -0.00012217     -0.00001091
    -0.00001653      0.00001909      0.00000364
     0.00000101      0.00000244     -0.00002088
    -0.00005533     -0.00006037     -0.00000082
     0.00006535      0.00000717     -0.00005288
     0.00002105      0.00004282      0.00003940
     0.00000883     -0.00002401     -0.00000590
    -0.00013082      0.00051722     -0.00050685
     0.00002334      0.00002330     -0.00006293
    -0.00003995      0.00004417      0.00002364
    -0.00000403      0.00000106     -0.00000093
     0.00003914     -0.00000366      0.00002409
    -0.00000891     -0.00000891     -0.00003333
     0.00001755      0.00003056     -0.00001893
     0.00002664     -0.00001478      0.00002285
     0.00016852      0.00000095     -0.00004025
     0.00000491      0.00003400      0.00000101
     0.00002180     -0.00000812      0.00000232
     0.00001644     -0.00002231     -0.00001656
     0.00005941     -0.00002974     -0.00000317
    -0.00000261     -0.00001840     -0.00002921
     0.00005318      0.00000253      0.00001502
    -0.00000906      0.00001086     -0.00001270
     0.00007405      0.00000581      0.00001090
    -0.00028073      0.00020608     -0.00008134
     0.00001032     -0.00000877      0.00000622
     0.00002247      0.00000082      0.00005512
    -0.00000694     -0.00002870      0.00001112
    -0.00002590      0.00001966     -0.00000789
    -0.00010049     -0.00006811     -0.00002048
    -0.00004871      0.00005716     -0.00008693
     0.00000211      0.00008317     -0.00003197
     0.00003606     -0.00004111     -0.00002117
    -0.00001095     -0.00010338     -0.00000904
     0.00007320      0.00009600      0.00002292
    -0.00001421     -0.00000971     -0.00000263
    -0.00000710     -0.00000702     -0.00000788
    -0.00000641      0.00000142     -0.00002552
     0.00057095      0.00040825     -0.00028330
    -0.00000375     -0.00000325     -0.00001720
    -0.00025853     -0.00005100      0.00017213
    -0.00000445      0.00004277      0.00000239
     0.00006809     -0.00003340      0.00001998
     0.00002779     -0.00001960     -0.00000687
    -0.00005971     -0.00008892      0.00013262
     0.00001145     -0.00000905      0.00002537
     0.00001452     -0.00001895      0.00000704
     0.00690941      0.00461206     -0.00580969
     0.00001168     -0.00002897     -0.00000043
    -0.00001584      0.00000358      0.00001706
     0.00000781      0.00001465      0.00001959
    -0.00001681     -0.00000522      0.00002690
    -0.00002420      0.00000473     -0.00000078
     0.00000803     -0.00001847      0.00000059
    -0.00000084      0.00001557     -0.00003032
    -0.00001230     -0.00001187     -0.00002833
    -0.00000159     -0.00002962     -0.00001037
    -0.00001699     -0.00000230     -0.00001946
    -0.00011718     -0.00021699      0.00002868
    -0.00004142     -0.00004778     -0.00003377
     0.00007694      0.00003442      0.00000943
     0.00000150     -0.00000274     -0.00000029
     0.00003995      0.00006708     -0.00003377
    -0.00006033      0.00014049      0.00017237
     0.00001861     -0.00000120      0.00000430
     0.00000036     -0.00002178      0.00002781
    -0.00001292     -0.00001679     -0.00002189
    -0.00000546     -0.00001010     -0.00007701
    -0.00001692      0.00002905      0.00000532
     0.00001890     -0.00001344     -0.00002226
     0.00000746      0.00012489     -0.00001174
    -0.06883253     -0.01709935      0.06634224
     0.00004876      0.00000204     -0.00006395
     0.00003717      0.00000820     -0.00005066
    -0.00000273     -0.00000758      0.00001514
    -0.00002756     -0.00000680      0.00003660
    -0.00001139      0.00001429      0.00002517
     0.00006698      0.00001851      0.00001469
    -0.00003610      0.00000645     -0.00000571
     0.00061045     -0.00215285      0.00134794
    -0.00021300      0.00003012      0.00007518
     0.00015242     -0.00003743      0.00001950
    -0.00001936     -0.00000823      0.00000273
    -0.00008712      0.00002212      0.00009600
     0.00006288      0.00006126      0.00003502
     0.00002086     -0.00004176     -0.00001439
    -0.00005648      0.00000060     -0.00008634
    -0.00058896     -0.00000287     -0.00026945
    -0.00007781     -0.00006779     -0.00007584
    -0.00007984      0.00024298     -0.00008089
    -0.00003737      0.00002897      0.00000591
     0.00007875      0.00002157     -0.00001305
     0.00000701      0.00001256      0.00000921
     0.00016339     -0.00032457      0.00022217
     0.00012213      0.00000910     -0.00011943
    -0.00246578      0.00616775      0.00227707
     0.00006454     -0.00001114     -0.00002274
    -0.00007209      0.00000450      0.00004609
    -0.00011426      0.00006570     -0.00004539
     0.00009468      0.00050748     -0.00012066
    -0.00000193      0.00002061      0.00001046
    -0.00001102     -0.00004572     -0.00001139
     0.00003274      0.00001291      0.00005934
     0.00016135     -0.00008795     -0.00000518
     0.00016959     -0.00032676      0.00023061
    -0.00002423     -0.00011572      0.00000303
    -0.00000254     -0.00011906      0.00007705
    -0.00000819      0.00007696      0.00002333
     0.00196808      0.00104247      0.00126704
    -0.00001081     -0.00000898      0.00001474
    -0.00004532      0.00004855     -0.00004153
     0.00001696     -0.00003745     -0.00004051
     0.00001968      0.00003918     -0.00002836
     0.00000236     -0.00008300     -0.00000210
    -0.00046327      0.00016893     -0.00036178
     0.00026153      0.00012613      0.00009417
     0.00001424      0.00005489      0.00001259
    -0.00000861      0.00002916      0.00000232
    -0.00006784     -0.00002877      0.00005990
    -0.02264248     -0.01480315      0.02573523
    -0.00011771      0.00013752      0.00026945
    -0.00003836      0.00000753      0.00004088
    -0.00000361     -0.00001069     -0.00001417
    -0.00003660     -0.00016312     -0.00005383
    -0.00003325     -0.00001213      0.00002153
     0.00000783      0.00000950     -0.00001369
     0.00004512      0.00005237      0.00013290
    -0.00012890     -0.00004742     -0.00005981
    -0.00002231      0.00004090     -0.00000055
    -0.00008661      0.00017296     -0.00051425
     0.00005030      0.00008270     -0.00005364
    -0.00002083      0.00000851      0.00005711
    -0.00005064     -0.00006821      0.00007235
    -0.00002893     -0.00000613      0.00003467
    -0.00001486     -0.00004574     -0.00001404
    -0.00018599     -0.00028174      0.00036147
    -0.00001540      0.00003864     -0.00001017
     0.00001310      0.00004590      0.00003793
     0.00002894      0.00006207     -0.00000689
    -0.00010224     -0.00080097     -0.00075186
    -0.00003407     -0.00005799      0.00012578
    -0.00003441     -0.00002925      0.00005730
     0.00004467     -0.00005160      0.00004183
    -0.00006905      0.00006288      0.00004840
     0.00838954      0.00742747     -0.00701765
    -0.00002710      0.00002179     -0.00000797
     0.00000918      0.00001784      0.00000837
    -0.00000154     -0.00000073      0.00000399
    -0.00003260     -0.00015001     -0.00013167
    -0.00009596      0.00016856      0.00008266
     0.00001047      0.00005558     -0.00003104
1  0.00000000  0.00000000  0.00082272
    -0.17165659     -0.17402820      0.17402819
    -0.00002432      0.00001481      0.00001300
    -0.00002231      0.00000877     -0.00000878
     0.00001216      0.00001591     -0.00003686
    -0.00007659     -0.00008310      0.00008309
     0.00001216      0.00003686     -0.00001592
    -0.00003187      0.00001134     -0.00001135
    -0.00002432     -0.00001300     -0.00001481
    -0.00014348     -0.00014232      0.00012805
     0.00006222     -0.00002017      0.00000682
     0.00002788      0.00003772     -0.00002357
    -0.00002056     -0.00001303     -0.00000918
    -0.00000111     -0.00003332     -0.00000419
    -0.00002883     -0.00008887      0.00000319
    -0.00000593      0.00000180      0.00002631
    -0.00004137     -0.00000047      0.00000616
     0.00015351     -0.00021005     -0.00021236
     0.00001827     -0.00001782     -0.00002123
    -0.00000491     -0.00000725     -0.00009007
    -0.00000353     -0.00000413      0.00002088
     0.00000123     -0.00011837      0.00006642
    -0.00001733     -0.00000134      0.00000431
    -0.00000174     -0.00007451      0.00000688
    -0.00004702     -0.00004692     -0.00008681
     0.00058140      0.00031877     -0.00019861
    -0.00004156      0.00013502      0.00010624
     0.00002765     -0.00001882     -0.00002736
     0.00002088     -0.00000342     -0.00003931
    -0.00010896      0.00007810      0.00009185
    -0.00007455      0.00000547      0.00004599
    -0.00002648     -0.00004659     -0.00004828
    -0.00002305     -0.00001142      0.00000702
     0.00003868     -0.00026951      0.00058906
     0.00004282      0.00002533     -0.00004166
     0.00010708     -0.00002153     -0.00002130
     0.00001347      0.00000558     -0.00001384
    -0.00017338     -0.00007270      0.00010805
    -0.00000388     -0.00007969     -0.00001182
    -0.00002735     -0.00001036      0.00003604
     0.00002581      0.00000869     -0.00003161
    -0.00012080     -0.00000477      0.00023645
    -0.00003317      0.00001664      0.00003752
    -0.00002106     -0.00000680     -0.00001985
    -0.00000149     -0.00000563      0.00003065
     0.00014871      0.00017414     -0.00006316
    -0.00001283      0.00000645      0.00001654
    -0.00005072     -0.00001376     -0.00002103
    -0.00001009     -0.00002965      0.00002594
    -0.00004724      0.00008659      0.00004671
     0.00015329      0.00021215      0.00020984
    -0.00001755     -0.00000453      0.00000113
    -0.00000512      0.00008985      0.00000704
    -0.00000375     -0.00002109      0.00000391
     0.00000101     -0.00006663      0.00011815
     0.00001806      0.00002101      0.00001761
    -0.00000195     -0.00000709      0.00007430
    -0.00004175     -0.00010637     -0.00013517
    -0.00002668      0.00004816      0.00004645
     0.00002069      0.00003919      0.00000327
    -0.00010915     -0.00009197     -0.00007824
    -0.00007474     -0.00004612     -0.00000562
     0.00002745      0.00002724      0.00001868
    -0.00002325     -0.00000715      0.00001128
     0.00058120      0.00019849     -0.00031892
    -0.00000135     -0.00003077      0.00000582
     0.00014886      0.00006303     -0.00017395
    -0.00003303     -0.00003765     -0.00001644
    -0.00005058      0.00002090      0.00001396
    -0.00000995     -0.00002607      0.00002985
    -0.00012066     -0.00023658      0.00000497
    -0.00001269     -0.00001666     -0.00000625
    -0.00002092      0.00001972      0.00000700
     0.00349516      0.00447506     -0.00447507
     0.00000555      0.00002864      0.00001330
    -0.00001276      0.00001456     -0.00001457
     0.00001131     -0.00002851      0.00000778
     0.00000720      0.00002295     -0.00002295
     0.00001131     -0.00000779      0.00002851
    -0.00002497     -0.00001872      0.00001871
     0.00000555     -0.00001331     -0.00002864
    -0.00000374      0.00001202      0.00007956
     0.00010723      0.00002149      0.00002140
     0.00002595      0.00003180     -0.00000882
     0.00003883     -0.00058886      0.00026938
     0.00004296      0.00004185     -0.00002546
    -0.00002721     -0.00003584      0.00001023
     0.00001361      0.00001403     -0.00000571
    -0.00017324     -0.00010785      0.00007257
     0.00006202     -0.00000697      0.00002005
    -0.00000612     -0.00002646     -0.00000193
    -0.00002076      0.00000903      0.00001290
    -0.00000130      0.00000405      0.00003319
    -0.00002903     -0.00000334      0.00008874
     0.00002769      0.00002343     -0.00003785
    -0.00004157     -0.00000631      0.00000035
    -0.00014368     -0.00012819      0.00014220
     0.15311440      0.15997426     -0.15997422
     0.00011298     -0.00014409      0.00003096
    -0.00003209     -0.00002765      0.00002770
     0.00000112      0.00001555     -0.00002835
     0.00028450      0.00004836     -0.00004832
     0.00000112      0.00002840     -0.00001551
    -0.00005519     -0.00002735      0.00002739
     0.00011298     -0.00003091      0.00014414
    -0.00100370      0.00089035     -0.00013699
    -0.00004930      0.00006803      0.00003737
    -0.00016910      0.00003649      0.00012495
     0.00003726      0.00000346     -0.00005053
     0.00014169     -0.00003735     -0.00003751
    -0.00006419     -0.00000609     -0.00005806
    -0.00013823     -0.00000086     -0.00001320
     0.00007749      0.00002765      0.00009803
     0.00085300     -0.00041339      0.00041384
    -0.00010215     -0.00006455     -0.00002398
    -0.00041867     -0.00004329      0.00004374
     0.00000755     -0.00002577      0.00000733
    -0.00020135     -0.00019449      0.00019494
     0.00000755     -0.00000688      0.00002622
    -0.00035881      0.00040248     -0.00040203
    -0.00010215      0.00002443      0.00006500
    -0.00059849     -0.00334538      0.00009300
     0.00011809     -0.00020074     -0.00019441
     0.00004410      0.00002859     -0.00002401
    -0.00002059     -0.00005984      0.00007478
     0.00019161      0.00016681     -0.00008914
     0.00004500     -0.00003041     -0.00001750
    -0.00000988     -0.00000942     -0.00000428
    -0.00002710     -0.00001016     -0.00000124
    -0.00002042     -0.00007468      0.00005972
     0.00019178      0.00008925     -0.00016693
     0.00011826      0.00019452      0.00020061
    -0.00000971      0.00000439      0.00000929
    -0.00002693      0.00000135      0.00001003
    -0.00059832     -0.00009290      0.00334525
     0.00004516      0.00001761      0.00003028
     0.00004427      0.00002412     -0.00002872
    -0.00006402      0.00005793      0.00000620
    -0.00016893     -0.00012508     -0.00003639
     0.00007766     -0.00009816     -0.00002754
    -0.00100353      0.00013686     -0.00089024
    -0.00004913     -0.00003750     -0.00006792
    -0.00013806      0.00001307      0.00000096
     0.00003743      0.00005040     -0.00000336
     0.00014186      0.00003738      0.00003746
     0.00751032      0.00221277     -0.01004995
     0.00006534      0.00001279      0.00010749
     0.00002078     -0.00003908     -0.00000073
     0.00002687      0.00001732      0.00008270
    -0.00007697     -0.00017286     -0.00010307
     0.00008403      0.00002022      0.00000400
    -0.00000756     -0.00002929      0.00001072
    -0.00001919     -0.00005656     -0.00017326
     0.00047972      0.00004098     -0.00004075
     0.00004027     -0.00001073     -0.00004896
     0.00073642     -0.00039181      0.00039205
    -0.00019245     -0.00003163     -0.00002703
     0.00020269      0.00036038     -0.00036014
    -0.00019245      0.00002727      0.00003186
    -0.00000706     -0.00003020      0.00003044
     0.00004027      0.00004920      0.00001097
     0.00079860      0.00080861     -0.00080838
    -0.00003320      0.00008500     -0.00005282
     0.00011442      0.00005393     -0.00005369
     0.00002446      0.00003451     -0.00004718
     0.00028776      0.00021826     -0.00021802
     0.00002446      0.00004742     -0.00003427
    -0.00000838      0.00010554     -0.00010530
    -0.00003320      0.00005306     -0.00008476
    -0.00001910      0.00017322      0.00005652
     0.00751041      0.01004991     -0.00221281
     0.00008412     -0.00000403     -0.00002026
     0.00002087      0.00000069      0.00003905
     0.00002696     -0.00008274     -0.00001736
    -0.00007689      0.00010303      0.00017282
     0.00006543     -0.00010753     -0.00001283
    -0.00000748     -0.00001076      0.00002925
97  0.00082272  0.00000000  0.00000000
    -0.06933100     -0.01888460      0.06986342
     0.00004530     -0.00017468      0.00009936
     0.00004363     -0.00002756     -0.00001421
     0.00001406     -0.00000649      0.00002592
    -0.00002253     -0.00011473      0.00014883
    -0.00001787      0.00002759      0.00000021
     0.00007070      0.00000619      0.00002599
    -0.00002100      0.00001573     -0.00000615
     0.00106595     -0.00159483     -0.00125410
    -0.00001687     -0.00017308      0.00056734
     0.00001397      0.00003230      0.00009319
     0.00000524      0.00001775      0.00001733
    -0.00006512      0.00003984     -0.00001303
     0.00010741      0.00012537     -0.00003076
     0.00004167     -0.00003280     -0.00008578
     0.00000231     -0.00000935     -0.00002941
    -0.00033986     -0.00015086     -0.00015086
     0.00010149     -0.00025216     -0.00025216
     0.00008949      0.00004828     -0.00010766
    -0.00000702     -0.00002150     -0.00001000
     0.00008949     -0.00010766      0.00004828
    -0.00000702     -0.00001000     -0.00002150
    -0.00038801      0.00003936      0.00003936
     0.00024759     -0.00013278     -0.00013278
     0.00106595     -0.00125410     -0.00159483
    -0.00001687      0.00056734     -0.00017308
    -0.00006512     -0.00001303      0.00003984
     0.00010741     -0.00003076      0.00012537
     0.00001397      0.00009319      0.00003230
     0.00000524      0.00001733      0.00001775
     0.00004167     -0.00008578     -0.00003280
     0.00000231     -0.00002941     -0.00000935
     0.00106613     -0.00159672      0.00152706
     0.00006042     -0.00007456      0.00006501
    -0.00012403     -0.00002527     -0.00007407
    -0.00001582      0.00002635      0.00002865
     0.00006125      0.00000345     -0.00007419
    -0.00005089     -0.00000457      0.00008505
    -0.00003970     -0.00002194      0.00005285
    -0.00000140      0.00003723     -0.00010988
     0.00106613      0.00152706     -0.00159672
     0.00006042      0.00006501     -0.00007456
     0.00006125     -0.00007419      0.00000345
    -0.00005089      0.00008505     -0.00000457
    -0.00012403     -0.00007407     -0.00002527
    -0.00001582      0.00002865      0.00002635
    -0.00003970      0.00005285     -0.00002194
    -0.00000140     -0.00010988      0.00003723
    -0.00040751      0.00036942      0.00036942
    -0.00087973     -0.00038350     -0.00038350
    -0.00003340      0.00001310     -0.00001842
    -0.00005308      0.00007725      0.00003720
    -0.00003340     -0.00001842      0.00001310
    -0.00005308      0.00003720      0.00007725
     0.00004067     -0.00011508     -0.00011508
     0.00070536      0.00022491      0.00022491
     0.00027286     -0.00039011      0.00037931
     0.00012506     -0.00008592     -0.00004597
     0.00001222      0.00001143     -0.00003943
    -0.00008570     -0.00006870     -0.00010962
    -0.00000536     -0.00001170      0.00001745
    -0.00000128      0.00003472      0.00001454
    -0.00007528     -0.00000662      0.00003096
    -0.00209627     -0.00287539      0.00109483
     0.00008720      0.00003460      0.00009667
     0.00001864      0.00002950     -0.00005063
    -0.00007226     -0.00008219     -0.00000519
    -0.00001985     -0.00013216      0.00001187
    -0.00003024      0.00002188     -0.00014743
     0.00021302      0.00023166      0.00026869
     0.00001337      0.00002605      0.00002131
    -0.00005380      0.00002792      0.00001276
    -0.06933100      0.06986342     -0.01888460
     0.00004530      0.00009936     -0.00017468
    -0.00002253      0.00014883     -0.00011473
    -0.00001787      0.00000021      0.00002759
     0.00004363     -0.00001421     -0.00002756
     0.00001406      0.00002592     -0.00000649
     0.00007070      0.00002599      0.00000619
    -0.00002100     -0.00000615      0.00001573
     0.00008720      0.00009667      0.00003460
     0.00001864     -0.00005063      0.00002950
    -0.00003024     -0.00014743      0.00002188
     0.00021302      0.00026869      0.00023166
    -0.00007226     -0.00000519     -0.00008219
    -0.00001985      0.00001187     -0.00013216
     0.00001337      0.00002131      0.00002605
    -0.00005380      0.00001276      0.00002792
     0.00027286      0.00037931     -0.00039011
     0.00012506     -0.00004597     -0.00008592
    -0.00000536      0.00001745     -0.00001170
    -0.00000128      0.00001454      0.00003472
     0.00001222     -0.00003943      0.00001143
    -0.00008570     -0.00010962     -0.00006870
    -0.00007528      0.00003096     -0.00000662
    -0.00209627      0.00109483     -0.00287539
     0.29251676     -0.16067700     -0.16067700
    -0.00022329      0.00041716      0.00041716
    -0.00016644      0.00004128     -0.00001213
     0.00005295      0.00011269      0.00013893
    -0.00016644     -0.00001213      0.00004128
     0.00005295      0.00013893      0.00011269
    -0.00011866     -0.00003614     -0.00003614
    -0.00008944      0.00036133      0.00036133
    -0.02360445      0.02256780     -0.00329161
    -0.00014652      0.00077411     -0.00012861
    -0.00022559      0.00041928     -0.00041825
     0.00001499      0.00001721      0.00001629
    -0.00001593     -0.00004965     -0.00003759
     0.00004865      0.00016001      0.00009399
     0.00014624      0.00005348     -0.00011391
     0.00019912      0.00016159      0.00045076
    -0.00092144      0.00084366      0.00084366
     0.00052005      0.00021075      0.00021075
     0.00016309     -0.00020490      0.00014902
     0.00001547     -0.00008390      0.00002237
     0.00016309      0.00014902     -0.00020490
     0.00001547      0.00002237     -0.00008390
    -0.00095911      0.00066827      0.00066827
    -0.00017731     -0.00001562     -0.00001562
    -0.02360445     -0.00329161      0.02256780
    -0.00014652     -0.00012861      0.00077411
    -0.00001593     -0.00003759     -0.00004965
     0.00004865      0.00009399      0.00016001
    -0.00022559     -0.00041825      0.00041928
     0.00001499      0.00001629      0.00001721
     0.00014624     -0.00011391      0.00005348
     0.00019912      0.00045076      0.00016159
    -0.00021652      0.00026171      0.00014817
    -0.00023844      0.00026308      0.00052169
    -0.00021599      0.00061809      0.00016804
    -0.00026814      0.00016343      0.00018949
    -0.00050399      0.00023716      0.00053385
    -0.00214214     -0.00552002     -0.01209523
    -0.00009031      0.00001188     -0.00002761
    -0.00016984      0.00018313     -0.00009175
    -0.00021652      0.00014817      0.00026171
    -0.00023844      0.00052169      0.00026308
    -0.00050399      0.00053385      0.00023716
    -0.00214214     -0.01209523     -0.00552002
    -0.00021599      0.00016804      0.00061809
    -0.00026814      0.00018949      0.00016343
    -0.00009031     -0.00002761      0.00001188
    -0.00016984     -0.00009175      0.00018313
    -0.08458174      0.05341492      0.05341492
     0.00015789     -0.00045049     -0.00045049
    -0.00003368      0.00000552     -0.00012600
    -0.00000650     -0.00011022      0.00010056
    -0.00003368     -0.00012600      0.00000552
    -0.00000650      0.00010056     -0.00011022
    -0.00005816     -0.00009292     -0.00009292
     0.00002004     -0.00018116     -0.00018116
    -0.00009286     -0.00047638      0.00017422
     0.00002217     -0.00009641      0.00012061
     0.00247548      0.00503059      0.00835507
     0.00039083     -0.00059382     -0.00043163
     0.00018035     -0.00013485      0.00002147
    -0.00006405     -0.00045376     -0.00046630
     0.00012200     -0.00000714     -0.00007353
    -0.00003401     -0.00013760     -0.00006342
    -0.00009286      0.00017422     -0.00047638
     0.00002217      0.00012061     -0.00009641
     0.00018035      0.00002147     -0.00013485
    -0.00006405     -0.00046630     -0.00045376
     0.00247548      0.00835507      0.00503059
     0.00039083     -0.00043163     -0.00059382
     0.00012200     -0.00007353     -0.00000714
    -0.00003401     -0.00006342     -0.00013760
     0.00058883     -0.00034012     -0.00034012
    -0.02093882      0.04291767      0.04291767
    -0.00000968     -0.00006738     -0.00009925
     0.00036990     -0.00039070      0.00012868
    -0.00000968     -0.00009925     -0.00006738
     0.00036990      0.00012868     -0.00039070
     0.00065905     -0.00005218     -0.00005218
     0.00023267     -0.00003177     -0.00003177
97  0.00000000  0.00000000  0.00082272
     0.15797557      0.17412436     -0.17412436
    -0.00004616      0.00003022      0.00004107
    -0.00009643      0.00000957     -0.00000958
     0.00002272      0.00001235     -0.00001227
     0.00007402      0.00017750     -0.00017751
     0.00002272      0.00001226     -0.00001235
    -0.00007266     -0.00001942      0.00001941
    -0.00004616     -0.00004107     -0.00003023
    -0.00250779      0.00207916     -0.00177021
    -0.00032440     -0.00008584     -0.00029776
    -0.00011090     -0.00007415      0.00008566
    -0.00003804     -0.00000055      0.00002476
     0.00007014      0.00008003     -0.00001709
    -0.00009482     -0.00010841      0.00001440
    -0.00018297     -0.00001112     -0.00005392
     0.00003760     -0.00000931      0.00003492
     0.00059034     -0.00026289      0.00001523
    -0.00006816      0.00007212      0.00006466
    -0.00000586     -0.00002484      0.00020496
     0.00002449      0.00002842     -0.00002417
    -0.00003542     -0.00001941     -0.00000492
     0.00000961      0.00001454      0.00000895
    -0.00016315      0.00003477      0.00014492
     0.00007435      0.00033138      0.00017007
     0.00343380      0.00411801     -0.00328028
     0.00007627      0.00011115     -0.00012048
    -0.00000138      0.00004233     -0.00007800
    -0.00002728     -0.00002159     -0.00000136
     0.00018239     -0.00028891     -0.00002653
     0.00004134     -0.00002548     -0.00002136
     0.00001241      0.00008764     -0.00003407
     0.00003691      0.00002528      0.00002708
    -0.00142836      0.00138909     -0.00003215
    -0.00007148     -0.00009301      0.00007667
    -0.00013339     -0.00001591     -0.00012945
     0.00003259      0.00000566     -0.00005559
     0.00000695      0.00015163     -0.00000951
    -0.00006213     -0.00002238      0.00003482
     0.00004032     -0.00005440      0.00000235
     0.00002249      0.00002310      0.00003214
     0.00011304     -0.00119360      0.00041584
     0.00008801     -0.00015484      0.00009670
    -0.00000101      0.00008494     -0.00011942
     0.00002344     -0.00002659      0.00008008
     0.00025661      0.00016575      0.00006639
    -0.00003234      0.00004910      0.00000236
     0.00002382     -0.00003445     -0.00005020
     0.00000587     -0.00006938     -0.00003019
     0.00007413     -0.00017029     -0.00033159
     0.00059012     -0.00001544      0.00026268
     0.00000940     -0.00000916     -0.00001475
    -0.00000608     -0.00020518      0.00002462
     0.00002427      0.00002395     -0.00002864
    -0.00003564      0.00000471      0.00001920
    -0.00006838     -0.00006488     -0.00007234
    -0.00016337     -0.00014513     -0.00003499
     0.00007608      0.00012036     -0.00011129
     0.00001221      0.00003394     -0.00008779
    -0.00002748      0.00000123      0.00002144
     0.00018219      0.00002640      0.00028876
     0.00004114      0.00002123      0.00002533
    -0.00000158      0.00007787     -0.00004247
     0.00003672     -0.00002720     -0.00002542
     0.00343361      0.00328016     -0.00411816
     0.00002359     -0.00008021      0.00002678
     0.00025675     -0.00006652     -0.00016555
     0.00008815     -0.00009683      0.00015504
     0.00002396      0.00005007      0.00003465
     0.00000601      0.00003006      0.00006958
     0.00011319     -0.00041597      0.00119379
    -0.00003220     -0.00000249     -0.00004891
    -0.00000086      0.00011929     -0.00008474
    -0.01326003      0.07940944     -0.07940945
     0.00003104     -0.00012115      0.00013948
    -0.00001515     -0.00009854      0.00009854
    -0.00001163      0.00000853     -0.00001789
     0.00001019     -0.00001379      0.00001378
    -0.00001163      0.00001789     -0.00000854
    -0.00006334     -0.00003479      0.00003478
     0.00003104     -0.00013949      0.00012115
    -0.00006199     -0.00003462      0.00002225
    -0.00013325      0.00012964      0.00001578
     0.00002264     -0.00003194     -0.00002323
    -0.00142822      0.00003235     -0.00138922
    -0.00007134     -0.00007647      0.00009288
     0.00004046     -0.00000216      0.00005428
     0.00003273      0.00005578     -0.00000579
     0.00000709      0.00000971     -0.00015176
    -0.00032460      0.00029761      0.00008571
    -0.00018316      0.00005377      0.00001099
    -0.00003824     -0.00002490      0.00000042
     0.00006994      0.00001695     -0.00008016
    -0.00009502     -0.00001455      0.00010829
    -0.00011109     -0.00008580      0.00007402
     0.00003741     -0.00003506      0.00000918
    -0.00250799      0.00177006     -0.00207929
    -0.29383242     -0.37841547      0.37841551
     0.00015522      0.00017664     -0.00024833
     0.00010368     -0.00000142      0.00000146
    -0.00005986     -0.00003160      0.00000736
     0.00021299      0.00005013     -0.00005009
    -0.00005986     -0.00000732      0.00003164
     0.00011495      0.00000780     -0.00000776
     0.00015522      0.00024838     -0.00017659
    -0.00468752      0.00325772      0.01016810
     0.00031413     -0.00033801     -0.00002823
     0.00039360     -0.00005950      0.00032068
     0.00003935      0.00005551      0.00003446
     0.00031153      0.00023262     -0.00010710
     0.00018516     -0.00004100      0.00009463
     0.00007728      0.00011140      0.00013298
     0.00009419      0.00013317     -0.00002909
     0.00094200      0.00085161     -0.00085117
    -0.00016797     -0.00012545     -0.00005946
    -0.00036423      0.00026725     -0.00026680
    -0.00001071     -0.00003473      0.00002722
     0.00002692     -0.00007128      0.00007173
    -0.00001071     -0.00002677      0.00003518
     0.00092957      0.00068715     -0.00068670
    -0.00016797      0.00005991      0.00012590
     0.03003291     -0.01895550     -0.03077859
     0.00005313      0.00031856      0.00014899
    -0.00012708      0.00005430     -0.00000784
    -0.00001001     -0.00005475      0.00013466
     0.00006459      0.00060651     -0.00012180
     0.00003631     -0.00008040     -0.00007053
     0.00003982      0.00014879     -0.00002071
     0.00021098      0.00013872     -0.00007098
    -0.00000985     -0.00013455      0.00005463
     0.00006476      0.00012190     -0.00060663
     0.00005330     -0.00014889     -0.00031868
     0.00003999      0.00002082     -0.00014892
     0.00021114      0.00007108     -0.00013885
     0.03003308      0.03077870      0.01895537
     0.00003648      0.00007064      0.00008027
    -0.00012692      0.00000794     -0.00005443
     0.00018533     -0.00009476      0.00004111
     0.00039377     -0.00032080      0.00005961
     0.00009436      0.00002896     -0.00013307
    -0.00468735     -0.01016823     -0.00325761
     0.00031430      0.00002811      0.00033811
     0.00007745     -0.00013310     -0.00011129
     0.00003952     -0.00003458     -0.00005540
     0.00031170      0.00010697     -0.00023251
     0.05082090      0.05155485     -0.05785614
    -0.00042016      0.00036981      0.00004228
    -0.00009871      0.00020359     -0.00019121
     0.00004253      0.00001367     -0.00012811
    -0.00024126     -0.00007101     -0.00007407
    -0.00003000     -0.00005980      0.00002365
    -0.00008070      0.00010877     -0.00004050
    -0.00028999     -0.00024298      0.00009050
     0.00013109      0.00002728     -0.00002705
    -0.00003365     -0.00003594     -0.00007794
    -0.00206044      0.00063370     -0.00063346
     0.00018611      0.00021630      0.00017827
    -0.00026506     -0.00038196      0.00038219
     0.00018611     -0.00017803     -0.00021606
    -0.00004046      0.00005229     -0.00005205
    -0.00003365      0.00007818      0.00003618
     0.00011462     -0.00053725      0.00053749
     0.00004453     -0.00018878      0.00006536
    -0.00005506     -0.00058326      0.00058350
    -0.00053962      0.00004075      0.00014948
    -0.00274487     -0.00258687      0.00258710
    -0.00053962     -0.00014925     -0.00004051
    -0.00019605      0.00010328     -0.00010305
     0.00004453     -0.00006512      0.00018902
    -0.00028990     -0.00009054      0.00024294
     0.05082099      0.05785610     -0.05155489
    -0.00002992     -0.00002369      0.00005976
    -0.00009862      0.00019117     -0.00020363
     0.00004262      0.00012807     -0.00001371
    -0.00024118      0.00007404      0.00007097
    -0.00042007     -0.00004231     -0.00036985
    -0.00008061      0.00004046     -0.00010881
145  0.00082272  0.00000000  0.00000000
    -0.01200179      0.00889979      0.01175474
    -0.00017795      0.00029425      0.00004877
    -0.00002035      0.00001200      0.00004868
     0.00001237      0.00002551     -0.00003468
    -0.00006093     -0.00019523     -0.00004988
    -0.00002605     -0.00000831      0.00002486
     0.00002705     -0.00000843      0.00002271
    -0.00004433     -0.00003368      0.00012617
    -0.02135592      0.02014654     -0.02164650
     0.00008724      0.00010515     -0.00011909
     0.00002126      0.00013314     -0.00014281
    -0.00005021      0.00003463      0.00001546
    -0.00000311      0.00002867     -0.00004033
    -0.00002389     -0.00006039     -0.00000896
     0.00002033      0.00000687     -0.00001871
    -0.00001776      0.00004910      0.00002866
    -0.00007924      0.00040800      0.00040800
    -0.00012329      0.00022310      0.00022310
     0.00000156     -0.00000614     -0.00019154
    -0.00001628      0.00001641      0.00004908
     0.00000156     -0.00019154     -0.00000614
    -0.00001628      0.00004908      0.00001641
     0.00059101      0.00028268      0.00028268
    -0.00007338     -0.00007527     -0.00007527
    -0.02135592     -0.02164650      0.02014654
     0.00008724     -0.00011909      0.00010515
    -0.00000311     -0.00004033      0.00002867
    -0.00002389     -0.00000896     -0.00006039
     0.00002126     -0.00014281      0.00013314
    -0.00005021      0.00001546      0.00003463
     0.00002033     -0.00001871      0.00000687
    -0.00001776      0.00002866      0.00004910
     0.00660765     -0.00595015      0.00539731
     0.00002578      0.00000662     -0.00002635
     0.00008099      0.00007987      0.00001370
     0.00003926      0.00000573     -0.00004582
     0.00003042     -0.00002545      0.00001602
     0.00000828      0.00004802      0.00002234
     0.00003267      0.00003287     -0.00000325
    -0.00000722     -0.00001899      0.00011294
     0.00660765      0.00539731     -0.00595015
     0.00002578     -0.00002635      0.00000662
     0.00003042      0.00001602     -0.00002545
     0.00000828      0.00002234      0.00004802
     0.00008099      0.00001370      0.00007987
     0.00003926     -0.00004582      0.00000573
     0.00003267     -0.00000325      0.00003287
    -0.00000722      0.00011294     -0.00001899
     0.00048931      0.00015138      0.00015138
    -0.00000738      0.00000525      0.00000525
     0.00003527      0.00011446      0.00001530
     0.00005388      0.00004467     -0.00004729
     0.00003527      0.00001530      0.00011446
     0.00005388     -0.00004729      0.00004467
     0.00004684      0.00008862      0.00008862
    -0.00004460      0.00011320      0.00011320
     0.00025622      0.00018575      0.00033982
    -0.00005216     -0.00000023     -0.00001500
     0.00001352     -0.00002163      0.00010113
    -0.00000247     -0.00000190      0.00003239
     0.00002745     -0.00003503      0.00000499
    -0.00003291      0.00003157     -0.00000518
    -0.00003331     -0.00000349      0.00005840
     0.00086072      0.00010056     -0.00067843
    -0.00011511      0.00002195     -0.00004762
     0.00008916     -0.00001375      0.00015542
    -0.00011881      0.00012562     -0.00022570
    -0.00001271      0.00006482     -0.00001848
     0.00008172      0.00000077      0.00005111
    -0.00015881      0.00009057     -0.00050283
    -0.00000242     -0.00003359     -0.00001411
     0.00000628      0.00002613      0.00003461
    -0.01200179      0.01175474      0.00889979
    -0.00017795      0.00004877      0.00029425
    -0.00006093     -0.00004988     -0.00019523
    -0.00002605      0.00002486     -0.00000831
    -0.00002035      0.00004868      0.00001200
     0.00001237     -0.00003468      0.00002551
     0.00002705      0.00002271     -0.00000843
    -0.00004433      0.00012617     -0.00003368
    -0.00011511     -0.00004762      0.00002195
     0.00008916      0.00015542     -0.00001375
     0.00008172      0.00005111      0.00000077
    -0.00015881     -0.00050283      0.00009057
    -0.00011881     -0.00022570      0.00012562
    -0.00001271     -0.00001848      0.00006482
    -0.00000242     -0.00001411     -0.00003359
     0.00000628      0.00003461      0.00002613
     0.00025622      0.00033982      0.00018575
    -0.00005216     -0.00001500     -0.00000023
     0.00002745      0.00000499     -0.00003503
    -0.00003291     -0.00000518      0.00003157
     0.00001352      0.00010113     -0.00002163
    -0.00000247      0.00003239     -0.00000190
    -0.00003331      0.00005840     -0.00000349
     0.00086072     -0.00067843      0.00010056
    -0.05466237      0.05866444      0.05866444
     0.00083361     -0.00014502     -0.00014502
     0.00009159      0.00001055     -0.00000478
    -0.00008670     -0.00008348     -0.00000827
     0.00009159     -0.00000478      0.00001055
    -0.00008670     -0.00000827     -0.00008348
     0.00015058      0.00001018      0.00001018
     0.00014637     -0.00011371     -0.00011371
    -0.07005919      0.05111075      0.03874680
    -0.00032291     -0.00035302     -0.00018493
    -0.00029168     -0.00041868      0.00003287
     0.00004668     -0.00011302      0.00004242
    -0.00007347      0.00001850      0.00020028
    -0.00015029     -0.00009040      0.00000267
    -0.00007318      0.00011684     -0.00001417
     0.00003034     -0.00029588     -0.00030817
     0.00001550     -0.00053719     -0.00053719
    -0.00073466     -0.00026258     -0.00026258
     0.00009669      0.00023177      0.00008844
    -0.00015402     -0.00004713     -0.00009231
     0.00009669      0.00008844      0.00023177
    -0.00015402     -0.00009231     -0.00004713
    -0.00084724     -0.00081224     -0.00081224
     0.00018542      0.00011000      0.00011000
    -0.07005919      0.03874680      0.05111075
    -0.00032291     -0.00018493     -0.00035302
    -0.00007347      0.00020028      0.00001850
    -0.00015029      0.00000267     -0.00009040
    -0.00029168      0.00003287     -0.00041868
     0.00004668      0.00004242     -0.00011302
    -0.00007318     -0.00001417      0.00011684
     0.00003034     -0.00030817     -0.00029588
     0.00010813     -0.00016369      0.00000263
     0.00003385     -0.00008908     -0.00069559
     0.00013447      0.00012179     -0.00015954
     0.00008254      0.00012424     -0.00003499
     0.00057363     -0.00025716     -0.00064701
    -0.00681090     -0.00240849      0.00645514
     0.00004746     -0.00010850     -0.00000981
     0.00000066     -0.00012020     -0.00008428
     0.00010813      0.00000263     -0.00016369
     0.00003385     -0.00069559     -0.00008908
     0.00057363     -0.00064701     -0.00025716
    -0.00681090      0.00645514     -0.00240849
     0.00013447     -0.00015954      0.00012179
     0.00008254     -0.00003499      0.00012424
     0.00004746     -0.00000981     -0.00010850
     0.00000066     -0.00008428     -0.00012020
     0.23437153     -0.18529492     -0.18529492
    -0.00020632      0.00001676      0.00001676
     0.00000438      0.00022605      0.00002204
     0.00004163      0.00002156     -0.00023749
     0.00000438      0.00002204      0.00022605
     0.00004163     -0.00023749      0.00002156
     0.00030201      0.00002206      0.00002206
     0.00041247      0.00007700      0.00007700
    -0.00010745      0.00045377     -0.00034386
     0.00001162      0.00015587     -0.00009636
     0.00793669     -0.01213611     -0.00648250
    -0.00040673      0.00057279      0.00056245
    -0.00011037     -0.00011008      0.00005663
     0.00020628      0.00045380     -0.00002361
    -0.00015914     -0.00016111      0.00006247
     0.00004711     -0.00000053      0.00005888
    -0.00010745     -0.00034386      0.00045377
     0.00001162     -0.00009636      0.00015587
    -0.00011037      0.00005663     -0.00011008
     0.00020628     -0.00002361      0.00045380
     0.00793669     -0.00648250     -0.01213611
    -0.00040673      0.00056245      0.00057279
    -0.00015914      0.00006247     -0.00016111
     0.00004711      0.00005888     -0.00000053
    -0.00064135      0.00062821      0.00062821
     0.01081724      0.03319677      0.03319677
     0.00004279     -0.00002098      0.00008922
    -0.00023558      0.00043554     -0.00005234
     0.00004279      0.00008922     -0.00002098
    -0.00023558     -0.00005234      0.00043554
     0.00000586      0.00028986      0.00028986
    -0.00010698      0.00002648      0.00002648
1  -0.00082272  0.00000000  0.00000000
    -0.07798898     -0.01432062      0.08402942
    -0.00000522     -0.00001594      0.00003305
    -0.00000809     -0.00000341      0.00001050
     0.00001053      0.00000251     -0.00001906
    -0.00001303     -0.00010043     -0.00004055
     0.00000262     -0.00000987      0.00000115
    -0.00001204     -0.00002104     -0.00000103
    -0.00000981      0.00001880      0.00000446
    -0.00031000     -0.00003223      0.00007281
    -0.00004569     -0.00022050     -0.00021045
    -0.00000693      0.00003909      0.00000534
    -0.00002130     -0.00000376      0.00000511
    -0.00000702      0.00000373     -0.00000464
    -0.00001465      0.00003150      0.00000286
    -0.00000974      0.00001409      0.00000946
    -0.00002407      0.00001840      0.00002414
     0.00007678      0.00000245     -0.00008473
    -0.00007422      0.00002116      0.00008802
    -0.00000259      0.00003343     -0.00003632
    -0.00000512     -0.00001246      0.00003523
     0.00000144     -0.00008146      0.00006277
    -0.00001683     -0.00000594      0.00001184
    -0.00009117      0.00000160     -0.00000535
     0.00004628     -0.00000782     -0.00002773
     0.00116456      0.00116251     -0.00106726
     0.00000698      0.00012235      0.00001614
     0.00001740     -0.00001969      0.00000036
    -0.00000062     -0.00000306      0.00002534
     0.00005687      0.00006343      0.00000241
    -0.00006480     -0.00000843      0.00005666
    -0.00002131     -0.00004422     -0.00003667
    -0.00000832      0.00002295      0.00000917
     0.00012186     -0.00050776      0.00050524
    -0.00002319     -0.00001752      0.00006327
     0.00004197     -0.00004026     -0.00002228
     0.00000386      0.00000281      0.00000105
    -0.00004014      0.00000788     -0.00002359
     0.00000829      0.00001247      0.00003375
    -0.00001675     -0.00002760      0.00002012
    -0.00002645      0.00001863     -0.00002253
    -0.00017156      0.00000342      0.00004341
    -0.00000387     -0.00003422      0.00000125
    -0.00002314      0.00000697      0.00000127
    -0.00001632      0.00002200      0.00002056
    -0.00006143      0.00002969      0.00000486
     0.00000187      0.00001933      0.00003274
    -0.00005383     -0.00000079     -0.00001234
     0.00000787     -0.00001063      0.00001550
    -0.00007665     -0.00000225     -0.00000552
     0.00027990     -0.00020401      0.00008538
    -0.00001396      0.00000870     -0.00000641
    -0.00002853     -0.00000254     -0.00005623
     0.00000292      0.00002868     -0.00001076
     0.00002090     -0.00002089      0.00000912
     0.00009899      0.00006982      0.00002236
     0.00004491     -0.00005635      0.00008579
    -0.00000186     -0.00008822      0.00003199
    -0.00003831      0.00003806      0.00002272
     0.00001224      0.00009810      0.00001015
    -0.00007180     -0.00009918     -0.00003047
     0.00001365      0.00000474      0.00000352
     0.00000727      0.00000297      0.00000835
     0.00000690     -0.00000473      0.00002653
    -0.00056359     -0.00041059      0.00027821
     0.00000205     -0.00000125      0.00001664
     0.00025486      0.00004954     -0.00016876
     0.00000393     -0.00004648     -0.00000342
    -0.00006816      0.00002886     -0.00002086
    -0.00002741      0.00001702      0.00000637
     0.00005748      0.00008178     -0.00013022
    -0.00001158      0.00000502     -0.00002602
    -0.00001534      0.00001478     -0.00000613
    -0.00685924     -0.00449229      0.00577282
    -0.00000889      0.00002886     -0.00000220
     0.00001861     -0.00000268     -0.00001820
    -0.00000354     -0.00001427     -0.00002053
     0.00001766      0.00000545     -0.00002531
     0.00002821     -0.00000233      0.00000101
    -0.00000544      0.00001960     -0.00000177
     0.00000463     -0.00001421      0.00002949
     0.00000918      0.00001131      0.00002676
     0.00000406      0.00003097      0.00000569
     0.00001696      0.00000233      0.00001630
     0.00012114      0.00021053     -0.00002197
     0.00004206      0.00004699      0.00002594
    -0.00007303     -0.00003440     -0.00001501
    -0.00000112      0.00000286     -0.00000370
    -0.00004097     -0.00006564      0.00002985
     0.00006277     -0.00013999     -0.00017789
    -0.00001966     -0.00000021     -0.00000511
    -0.00000042      0.00002237     -0.00003142
     0.00001210      0.00001798      0.00001880
     0.00000558      0.00001095      0.00007070
     0.00001541     -0.00002882     -0.00000798
    -0.00001830      0.00001374      0.00001846
    -0.00000961     -0.00012387      0.00001051
     0.06933667      0.01595218     -0.06689673
    -0.00005688      0.00000130      0.00006413
    -0.00004575     -0.00000742      0.00004873
    -0.00000401      0.00000771     -0.00001429
     0.00002215      0.00000211     -0.00003537
     0.00000513     -0.00001362     -0.00002484
    -0.00007296     -0.00001777     -0.00001497
     0.00003350     -0.00000504      0.00000742
    -0.00065843      0.00216321     -0.00134943
     0.00021643     -0.00004061     -0.00008265
    -0.00015269      0.00002712     -0.00002009
     0.00001908      0.00000224     -0.00000337
     0.00008517     -0.00002708     -0.00009676
    -0.00006198     -0.00006538     -0.00003819
    -0.00002477      0.00003741      0.00001641
     0.00005616     -0.00000646      0.00008856
     0.00061910      0.00000573      0.00028570
     0.00008540      0.00006409      0.00007278
     0.00008172     -0.00024761      0.00008010
     0.00004405     -0.00003005     -0.00000632
    -0.00006885     -0.00001623      0.00000895
    -0.00000099     -0.00001259     -0.00000877
    -0.00015909      0.00032217     -0.00021585
    -0.00011994     -0.00000946      0.00012350
     0.00240875     -0.00618330     -0.00223591
    -0.00007163      0.00000084      0.00001594
     0.00007229     -0.00000186     -0.00005141
     0.00011321     -0.00006528      0.00003740
    -0.00008801     -0.00052759      0.00012106
     0.00000274     -0.00002111     -0.00001642
     0.00000942      0.00004496      0.00000447
    -0.00003424     -0.00000971     -0.00006252
    -0.00016164      0.00009569      0.00000388
    -0.00017359      0.00033612     -0.00020990
     0.00002578      0.00012062     -0.00000003
     0.00000429      0.00012447     -0.00007388
     0.00000832     -0.00006829     -0.00002469
    -0.00198443     -0.00103272     -0.00123430
     0.00001051      0.00001509     -0.00001440
     0.00004724     -0.00004337      0.00003827
    -0.00001650      0.00004059      0.00004441
    -0.00002187     -0.00004005      0.00003888
     0.00000269      0.00008289      0.00001220
     0.00046416     -0.00018086      0.00034472
    -0.00025210     -0.00012298     -0.00008557
    -0.00001572     -0.00005220     -0.00000938
     0.00000792     -0.00002747      0.00000413
     0.00006741      0.00002453     -0.00005150
     0.02222513      0.01474968     -0.02528124
     0.00011899     -0.00012953     -0.00026673
     0.00003834     -0.00000593     -0.00003566
     0.00000653      0.00001071      0.00001567
     0.00003487      0.00016715      0.00005834
     0.00003583      0.00001223     -0.00002040
    -0.00000660     -0.00001001      0.00001234
    -0.00004246     -0.00004911     -0.00013055
     0.00012780      0.00005470      0.00005364
     0.00002197     -0.00004012     -0.00000008
     0.00009503     -0.00016651      0.00052196
    -0.00005579     -0.00007874      0.00005589
     0.00003051     -0.00000456     -0.00006884
     0.00004070      0.00006519     -0.00007290
     0.00002791      0.00001079     -0.00003726
     0.00001411      0.00004546      0.00001240
     0.00018803      0.00030994     -0.00038173
     0.00001174     -0.00003649      0.00001607
    -0.00002055     -0.00004905     -0.00003974
    -0.00003428     -0.00006643      0.00000280
     0.00011416      0.00081241      0.00075220
     0.00003403      0.00006411     -0.00012051
     0.00003227      0.00002621     -0.00005272
    -0.00004618      0.00004964     -0.00004048
     0.00006939     -0.00006436     -0.00005116
    -0.00839000     -0.00729501      0.00698375
     0.00002981     -0.00002379      0.00000780
    -0.00000764     -0.00002118     -0.00000937
     0.00000281      0.00000206     -0.00000609
     0.00003797      0.00014517      0.00012440
     0.00009241     -0.00017086     -0.00008789
    -0.00000798     -0.00005707      0.00002971
1  0.00000000  0.00000000  -0.00082272
     0.18197123      0.18464032     -0.18464033
     0.00002644     -0.00001796     -0.00001116
     0.00002563     -0.00000895      0.00000894
    -0.00000871     -0.00001693      0.00003685
     0.00007380      0.00007514     -0.00007515
    -0.00000871     -0.00003685      0.00001693
     0.00003460     -0.00001253      0.00001252
     0.00002644      0.00001115      0.00001796
     0.00014004      0.00014495     -0.00012731
    -0.00005900      0.00002981      0.00000579
    -0.00003274     -0.00003806      0.00002095
     0.00002017      0.00001687      0.00000864
    -0.00000020      0.00003554      0.00000268
     0.00003323      0.00009633     -0.00000464
     0.00000730      0.00000309     -0.00002568
     0.00004322      0.00000548     -0.00000583
    -0.00016212      0.00020064      0.00019741
    -0.00001415      0.00001844      0.00002410
     0.00000203      0.00000199      0.00008744
     0.00000020      0.00000296     -0.00002111
    -0.00000694      0.00012076     -0.00006653
     0.00001368      0.00000085     -0.00000513
     0.00000754      0.00007304     -0.00000740
     0.00003390      0.00004135      0.00008590
    -0.00057463     -0.00030762      0.00019212
     0.00003840     -0.00013453     -0.00009774
    -0.00002713      0.00001823      0.00003093
    -0.00002105      0.00000262      0.00004557
     0.00011193     -0.00007096     -0.00009165
     0.00007501     -0.00000768     -0.00004189
     0.00002910      0.00004092      0.00005248
     0.00002453      0.00001018     -0.00000295
    -0.00003643      0.00026428     -0.00058638
    -0.00004032     -0.00002137      0.00003804
    -0.00010457      0.00002582      0.00002484
    -0.00001403     -0.00000148      0.00001428
     0.00017282      0.00007580     -0.00010940
     0.00000212      0.00008316      0.00001365
     0.00003018      0.00000898     -0.00003051
    -0.00002712     -0.00000556      0.00003277
     0.00010690     -0.00000142     -0.00023869
     0.00003326     -0.00001716     -0.00003366
     0.00002229      0.00000590      0.00002454
    -0.00000122      0.00000309     -0.00002468
    -0.00014892     -0.00016449      0.00006600
     0.00001178     -0.00000499     -0.00001252
     0.00005324      0.00001834      0.00002255
     0.00000938      0.00003095     -0.00002347
     0.00003369     -0.00008611     -0.00004156
    -0.00016233     -0.00019762     -0.00020086
     0.00001346      0.00000492     -0.00000106
     0.00000181     -0.00008765     -0.00000220
    -0.00000002      0.00002090     -0.00000317
    -0.00000715      0.00006632     -0.00012098
    -0.00001437     -0.00002432     -0.00001865
     0.00000732      0.00000719     -0.00007326
     0.00003820      0.00009761      0.00013438
     0.00002891     -0.00005261     -0.00004106
    -0.00002125     -0.00004569     -0.00000277
     0.00011174      0.00009153      0.00007082
     0.00007481      0.00004177      0.00000753
    -0.00002733     -0.00003105     -0.00001838
     0.00002433      0.00000282     -0.00001033
    -0.00057483     -0.00019224      0.00030748
    -0.00000107      0.00002455     -0.00000289
    -0.00014878     -0.00006613      0.00016469
     0.00003340      0.00003353      0.00001735
     0.00005338     -0.00002268     -0.00001814
     0.00000952      0.00002334     -0.00003076
     0.00010704      0.00023857      0.00000162
     0.00001192      0.00001239      0.00000518
     0.00002243     -0.00002467     -0.00000570
    -0.00342022     -0.00445083      0.00445082
    -0.00000196     -0.00002876     -0.00001695
     0.00001579     -0.00001403      0.00001402
    -0.00000805      0.00002906     -0.00000791
     0.00000209     -0.00002230      0.00002230
    -0.00000805      0.00000790     -0.00002906
     0.00002891      0.00001922     -0.00001923
    -0.00000196      0.00001694      0.00002875
     0.00000227     -0.00001346     -0.00008329
    -0.00010442     -0.00002465     -0.00002595
    -0.00002697     -0.00003258      0.00000543
    -0.00003628      0.00058658     -0.00026441
    -0.00004018     -0.00003785      0.00002124
     0.00003032      0.00003071     -0.00000911
    -0.00001388     -0.00001408      0.00000135
     0.00017296      0.00010959     -0.00007593
    -0.00005919     -0.00000594     -0.00002994
     0.00000710      0.00002554     -0.00000322
     0.00001998     -0.00000879     -0.00001700
    -0.00000039     -0.00000283     -0.00003567
     0.00003303      0.00000449     -0.00009646
    -0.00003293     -0.00002110      0.00003794
     0.00004302      0.00000568     -0.00000560
     0.00013985      0.00012717     -0.00014507
    -0.16374337     -0.17074450      0.17074455
    -0.00012187      0.00014858     -0.00002752
     0.00002227      0.00002763     -0.00002759
    -0.00000818     -0.00001450      0.00002803
    -0.00029410     -0.00006416      0.00006420
    -0.00000818     -0.00002799      0.00001455
     0.00004846      0.00003107     -0.00003103
    -0.00012187      0.00002756     -0.00014854
     0.00101109     -0.00088119      0.00014088
     0.00004679     -0.00007179     -0.00004924
     0.00016746     -0.00004668     -0.00013084
    -0.00003712     -0.00000893      0.00005067
    -0.00014840      0.00001497      0.00004802
     0.00006795      0.00000163      0.00004890
     0.00013449     -0.00000342      0.00000489
    -0.00008156     -0.00003043     -0.00009612
    -0.00082604      0.00040175     -0.00040131
     0.00009995      0.00006743      0.00002570
     0.00040917      0.00004326     -0.00004281
    -0.00000203      0.00002303     -0.00000686
     0.00022106      0.00020260     -0.00020215
    -0.00000203      0.00000731     -0.00002258
     0.00033287     -0.00039756      0.00039801
     0.00009995     -0.00002525     -0.00006698
     0.00058668      0.00329154     -0.00006348
    -0.00011267      0.00018112      0.00018128
    -0.00004238     -0.00002602      0.00001771
     0.00002668      0.00005914     -0.00008234
    -0.00016013     -0.00016421      0.00007453
    -0.00004499      0.00002894      0.00001056
     0.00000335      0.00000492     -0.00000526
     0.00002912      0.00001629     -0.00000354
     0.00002684      0.00008245     -0.00005927
    -0.00015997     -0.00007442      0.00016408
    -0.00011250     -0.00018117     -0.00018125
     0.00000352      0.00000537     -0.00000505
     0.00002929      0.00000364     -0.00001642
     0.00058685      0.00006359     -0.00329166
    -0.00004482     -0.00001045     -0.00002907
    -0.00004221     -0.00001760      0.00002589
     0.00006812     -0.00004902     -0.00000153
     0.00016763      0.00013072      0.00004679
    -0.00008140      0.00009599      0.00003053
     0.00101126     -0.00014101      0.00088130
     0.00004696      0.00004911      0.00007189
     0.00013466     -0.00000502      0.00000353
    -0.00003695     -0.00005079      0.00000903
    -0.00014824     -0.00004815     -0.00001487
    -0.00741807     -0.00214456      0.00990877
    -0.00005619     -0.00001832     -0.00010802
    -0.00001787      0.00003474      0.00000661
    -0.00002710     -0.00001896     -0.00007892
     0.00006303      0.00016508      0.00011826
    -0.00008320     -0.00001884     -0.00000127
     0.00000908      0.00002881     -0.00001388
     0.00002602      0.00005696      0.00017171
    -0.00047032     -0.00004644      0.00004668
    -0.00004495      0.00000846      0.00004676
    -0.00075531      0.00039563     -0.00039540
     0.00019091      0.00003751      0.00003505
    -0.00017881     -0.00034182      0.00034205
     0.00019091     -0.00003481     -0.00003727
     0.00001295      0.00003467     -0.00003443
    -0.00004495     -0.00004652     -0.00000823
    -0.00079377     -0.00076556      0.00076580
     0.00003166     -0.00008292      0.00005066
    -0.00009136     -0.00007059      0.00007082
    -0.00003134     -0.00004650      0.00003241
    -0.00025994     -0.00021336      0.00021360
    -0.00003134     -0.00003217      0.00004674
     0.00000238     -0.00011070      0.00011093
     0.00003166     -0.00005042      0.00008316
     0.00002611     -0.00017175     -0.00005700
    -0.00741798     -0.00990880      0.00214452
    -0.00008311      0.00000123      0.00001881
    -0.00001778     -0.00000664     -0.00003478
    -0.00002701      0.00007888      0.00001892
     0.00006312     -0.00011829     -0.00016511
    -0.00005610      0.00010798      0.00001828
     0.00000917      0.00001384     -0.00002885
97  -0.00082272  0.00000000  0.00000000
     0.06882933      0.02028572     -0.06948532
    -0.00003568      0.00017652     -0.00009941
    -0.00003933      0.00002859      0.00001336
    -0.00001025      0.00000492     -0.00002272
     0.00002722      0.00011827     -0.00014715
     0.00002162     -0.00002812      0.00000103
    -0.00006932     -0.00000872     -0.00002514
     0.00002379     -0.00001786      0.00000427
    -0.00116056      0.00165253      0.00125076
     0.00002610      0.00017688     -0.00058515
    -0.00001864     -0.00003065     -0.00010046
    -0.00000269     -0.00001440     -0.00001707
     0.00006593     -0.00003839      0.00001326
    -0.00010736     -0.00012263      0.00003105
    -0.00004584      0.00003452      0.00008268
     0.00000023      0.00001487      0.00002924
     0.00032075      0.00015598      0.00015598
    -0.00010586      0.00025173      0.00025173
    -0.00008930     -0.00006089      0.00010797
     0.00000268      0.00002255      0.00000915
    -0.00008930      0.00010797     -0.00006089
     0.00000268      0.00000915      0.00002255
     0.00037583     -0.00003365     -0.00003365
    -0.00024254      0.00012267      0.00012267
    -0.00116056      0.00125076      0.00165253
     0.00002610     -0.00058515      0.00017688
     0.00006593      0.00001326     -0.00003839
    -0.00010736      0.00003105     -0.00012263
    -0.00001864     -0.00010046     -0.00003065
    -0.00000269     -0.00001707     -0.00001440
    -0.00004584      0.00008268      0.00003452
     0.00000023      0.00002924      0.00001487
    -0.00104368      0.00155403     -0.00149652
    -0.00006192      0.00007770     -0.00006980
     0.00012175      0.00002572      0.00007360
     0.00001467     -0.00002206     -0.00002839
    -0.00005288      0.00000364      0.00006899
     0.00004892      0.00001503     -0.00008939
     0.00004039      0.00002704     -0.00004969
    -0.00000155     -0.00003445      0.00011320
    -0.00104368     -0.00149652      0.00155403
    -0.00006192     -0.00006980      0.00007770
    -0.00005288      0.00006899      0.00000364
     0.00004892     -0.00008939      0.00001503
     0.00012175      0.00007360      0.00002572
     0.00001467     -0.00002839     -0.00002206
     0.00004039     -0.00004969      0.00002704
    -0.00000155      0.00011320     -0.00003445
     0.00040464     -0.00036481     -0.00036481
     0.00087606      0.00039427      0.00039427
     0.00003031     -0.00001465      0.00001836
     0.00004661     -0.00007255     -0.00003216
     0.00003031      0.00001836     -0.00001465
     0.00004661     -0.00003216     -0.00007255
    -0.00004706      0.00011436      0.00011436
    -0.00070145     -0.00021802     -0.00021802
    -0.00026942      0.00038084     -0.00036821
    -0.00012797      0.00008221      0.00004826
    -0.00001719     -0.00000918      0.00003738
     0.00008614      0.00006583      0.00011124
     0.00000657      0.00000710     -0.00001573
     0.00000132     -0.00003789     -0.00001493
     0.00006974     -0.00000575     -0.00003436
     0.00204896      0.00280750     -0.00106805
    -0.00008895     -0.00004694     -0.00009700
    -0.00001685     -0.00002856      0.00005697
     0.00006870      0.00007295      0.00001061
     0.00001908      0.00012837     -0.00001328
     0.00003511     -0.00002846      0.00014802
    -0.00022114     -0.00022891     -0.00027616
    -0.00001526     -0.00003100     -0.00002154
     0.00005733     -0.00003396     -0.00000767
     0.06882933     -0.06948532      0.02028572
    -0.00003568     -0.00009941      0.00017652
     0.00002722     -0.00014715      0.00011827
     0.00002162      0.00000103     -0.00002812
    -0.00003933      0.00001336      0.00002859
    -0.00001025     -0.00002272      0.00000492
    -0.00006932     -0.00002514     -0.00000872
     0.00002379      0.00000427     -0.00001786
    -0.00008895     -0.00009700     -0.00004694
    -0.00001685      0.00005697     -0.00002856
     0.00003511      0.00014802     -0.00002846
    -0.00022114     -0.00027616     -0.00022891
     0.00006870      0.00001061      0.00007295
     0.00001908     -0.00001328      0.00012837
    -0.00001526     -0.00002154     -0.00003100
     0.00005733     -0.00000767     -0.00003396
    -0.00026942     -0.00036821      0.00038084
    -0.00012797      0.00004826      0.00008221
     0.00000657     -0.00001573      0.00000710
     0.00000132     -0.00001493     -0.00003789
    -0.00001719      0.00003738     -0.00000918
     0.00008614      0.00011124      0.00006583
     0.00006974     -0.00003436     -0.00000575
     0.00204896     -0.00106805      0.00280750
    -0.28361057      0.15246988      0.15246988
     0.00021904     -0.00042006     -0.00042006
     0.00015723     -0.00004428      0.00001153
    -0.00005890     -0.00011273     -0.00013566
     0.00015723      0.00001153     -0.00004428
    -0.00005890     -0.00013566     -0.00011273
     0.00011944      0.00003921      0.00003921
     0.00009206     -0.00034545     -0.00034545
     0.02312283     -0.02196767      0.00327812
     0.00016346     -0.00079072      0.00013775
     0.00022877     -0.00043107      0.00041909
    -0.00001405     -0.00002278     -0.00001897
     0.00001707      0.00004572      0.00003337
    -0.00003999     -0.00016236     -0.00009141
    -0.00015069     -0.00006909      0.00010856
    -0.00019692     -0.00017628     -0.00043060
     0.00094099     -0.00084537     -0.00084537
    -0.00050610     -0.00018611     -0.00018611
    -0.00016761      0.00020228     -0.00013899
    -0.00000978      0.00008377     -0.00002104
    -0.00016761     -0.00013899      0.00020228
    -0.00000978     -0.00002104      0.00008377
     0.00090824     -0.00067444     -0.00067444
     0.00018628     -0.00001692     -0.00001692
     0.02312283      0.00327812     -0.02196767
     0.00016346      0.00013775     -0.00079072
     0.00001707      0.00003337      0.00004572
    -0.00003999     -0.00009141     -0.00016236
     0.00022877      0.00041909     -0.00043107
    -0.00001405     -0.00001897     -0.00002278
    -0.00015069      0.00010856     -0.00006909
    -0.00019692     -0.00043060     -0.00017628
     0.00021710     -0.00025999     -0.00013607
     0.00022077     -0.00025030     -0.00052021
     0.00022553     -0.00060956     -0.00017635
     0.00028492     -0.00015913     -0.00017595
     0.00050029     -0.00022379     -0.00053951
     0.00226009      0.00538778      0.01197740
     0.00009357     -0.00000829      0.00003121
     0.00017016     -0.00017718      0.00008736
     0.00021710     -0.00013607     -0.00025999
     0.00022077     -0.00052021     -0.00025030
     0.00050029     -0.00053951     -0.00022379
     0.00226009      0.01197740      0.00538778
     0.00022553     -0.00017635     -0.00060956
     0.00028492     -0.00017595     -0.00015913
     0.00009357      0.00003121     -0.00000829
     0.00017016      0.00008736     -0.00017718
     0.07806283     -0.04694756     -0.04694756
    -0.00019398      0.00047466      0.00047466
     0.00003607     -0.00000532      0.00013018
     0.00000581      0.00010703     -0.00008940
     0.00003607      0.00013018     -0.00000532
     0.00000581     -0.00008940      0.00010703
     0.00006328      0.00009384      0.00009384
    -0.00000853      0.00018763      0.00018763
     0.00013581      0.00044326     -0.00015202
    -0.00002103      0.00009337     -0.00012580
    -0.00230458     -0.00513899     -0.00821923
    -0.00042422      0.00062551      0.00046212
    -0.00017006      0.00014610     -0.00004624
     0.00005154      0.00044090      0.00044079
    -0.00012307      0.00000973      0.00007064
     0.00003458      0.00014472      0.00006048
     0.00013581     -0.00015202      0.00044326
    -0.00002103     -0.00012580      0.00009337
    -0.00017006     -0.00004624      0.00014610
     0.00005154      0.00044079      0.00044090
    -0.00230458     -0.00821923     -0.00513899
    -0.00042422      0.00046212      0.00062551
    -0.00012307      0.00007064      0.00000973
     0.00003458      0.00006048      0.00014472
    -0.00054974      0.00032379      0.00032379
     0.02012988     -0.04334449     -0.04334449
     0.00000470      0.00007171      0.00009232
    -0.00036210      0.00038857     -0.00012377
     0.00000470      0.00009232      0.00007171
    -0.00036210     -0.00012377      0.00038857
    -0.00067338      0.00005213      0.00005213
    -0.00022824      0.00002466      0.00002466
97  0.00000000  0.00000000  -0.00082272
    -0.14664396     -0.16271063      0.16271063
     0.00004876     -0.00002902     -0.00003969
     0.00010139     -0.00000684      0.00000684
    -0.00001829     -0.00001382      0.00001633
    -0.00005629     -0.00015901      0.00015900
    -0.00001829     -0.00001633      0.00001381
     0.00007403      0.00001758     -0.00001759
     0.00004876      0.00003968      0.00002901
     0.00248466     -0.00208760      0.00178252
     0.00032719      0.00009056      0.00032090
     0.00010253      0.00007532     -0.00008778
     0.00003858      0.00000565     -0.00002606
    -0.00006696     -0.00007854      0.00001450
     0.00009961      0.00011245     -0.00001339
     0.00018021      0.00001691      0.00005236
    -0.00003304      0.00001706     -0.00003445
    -0.00061687      0.00025488     -0.00003164
     0.00007926     -0.00007310     -0.00006444
     0.00000558      0.00001641     -0.00020845
    -0.00002623     -0.00002574      0.00002351
     0.00003192      0.00002891     -0.00000583
    -0.00001305     -0.00001559     -0.00000861
     0.00015838     -0.00004579     -0.00014425
    -0.00008661     -0.00032797     -0.00015943
    -0.00348193     -0.00410183      0.00332524
    -0.00007577     -0.00010225      0.00012396
     0.00000204     -0.00004497      0.00008642
     0.00002246      0.00002127      0.00000521
    -0.00017033      0.00029889      0.00002151
    -0.00003925      0.00002660      0.00002335
    -0.00001006     -0.00009268      0.00003867
    -0.00003537     -0.00002944     -0.00002252
     0.00142646     -0.00141913      0.00004969
     0.00008237      0.00010128     -0.00008366
     0.00014609      0.00001747      0.00014035
    -0.00003384     -0.00000084      0.00005933
     0.00000357     -0.00015600      0.00000196
     0.00006538      0.00003390     -0.00003381
    -0.00003245      0.00005516      0.00000637
    -0.00002380     -0.00001821     -0.00003229
    -0.00019734      0.00120318     -0.00038595
    -0.00008462      0.00015587     -0.00009518
     0.00000578     -0.00009037      0.00012630
    -0.00002776      0.00002275     -0.00007744
    -0.00023363     -0.00014472     -0.00007578
     0.00003221     -0.00005157      0.00000025
    -0.00002238      0.00003896      0.00005215
    -0.00001290      0.00006754      0.00003250
    -0.00008683      0.00015921      0.00032776
    -0.00061709      0.00003143     -0.00025509
    -0.00001327      0.00000840      0.00001537
     0.00000536      0.00020824     -0.00001662
    -0.00002645     -0.00002373      0.00002552
     0.00003170      0.00000562     -0.00002912
     0.00007904      0.00006423      0.00007289
     0.00015816      0.00014404      0.00004558
    -0.00007596     -0.00012409      0.00010210
    -0.00001025     -0.00003880      0.00009253
     0.00002226     -0.00000533     -0.00002141
    -0.00017052     -0.00002164     -0.00029904
    -0.00003945     -0.00002347     -0.00002675
     0.00000185     -0.00008654      0.00004483
    -0.00003557      0.00002240      0.00002930
    -0.00348213     -0.00332536      0.00410168
    -0.00002762      0.00007731     -0.00002255
    -0.00023348      0.00007566      0.00014491
    -0.00008448      0.00009505     -0.00015568
    -0.00002224     -0.00005228     -0.00003877
    -0.00001276     -0.00003263     -0.00006735
    -0.00019720      0.00038582     -0.00120299
     0.00003236     -0.00000038      0.00005177
     0.00000592     -0.00012643      0.00009056
     0.01486658     -0.07873151      0.07873150
    -0.00002765      0.00012450     -0.00014175
     0.00001584      0.00009375     -0.00009376
     0.00001419     -0.00000705      0.00001783
    -0.00002157     -0.00000162      0.00000162
     0.00001419     -0.00001784      0.00000704
     0.00007006      0.00003841     -0.00003842
    -0.00002765      0.00014175     -0.00012451
     0.00006552      0.00003401     -0.00003403
     0.00014623     -0.00014015     -0.00001760
    -0.00002366      0.00003248      0.00001808
     0.00142660     -0.00004949      0.00141900
     0.00008251      0.00008386     -0.00010141
    -0.00003231     -0.00000617     -0.00005529
    -0.00003370     -0.00005914      0.00000072
     0.00000371     -0.00000177      0.00015587
     0.00032700     -0.00032105     -0.00009069
     0.00018001     -0.00005251     -0.00001704
     0.00003839      0.00002591     -0.00000578
    -0.00006716     -0.00001465      0.00007841
     0.00009941      0.00001325     -0.00011257
     0.00010233      0.00008763     -0.00007545
    -0.00003323      0.00003431     -0.00001718
     0.00248447     -0.00178266      0.00208747
     0.28231408      0.36619755     -0.36619751
    -0.00015658     -0.00018086      0.00023931
    -0.00011052      0.00000905     -0.00000901
     0.00005199      0.00003326     -0.00000829
    -0.00022009     -0.00004917      0.00004921
     0.00005199      0.00000834     -0.00003322
    -0.00012301     -0.00000630      0.00000634
    -0.00015658     -0.00023926      0.00018090
     0.00468130     -0.00334021     -0.01017024
    -0.00032029      0.00031329      0.00002506
    -0.00038495      0.00003805     -0.00032346
    -0.00004177     -0.00005913     -0.00003277
    -0.00031155     -0.00023566      0.00010505
    -0.00018830      0.00002500     -0.00010745
    -0.00008799     -0.00011185     -0.00015057
    -0.00009680     -0.00013653      0.00003910
    -0.00092144     -0.00083816      0.00083861
     0.00016332      0.00013236      0.00007812
     0.00036183     -0.00027878      0.00027923
     0.00001453      0.00003197     -0.00003045
    -0.00003739      0.00007694     -0.00007649
     0.00001453      0.00003090     -0.00003152
    -0.00093824     -0.00065551      0.00065596
     0.00016332     -0.00007768     -0.00013191
    -0.03046160      0.01888828      0.03125728
    -0.00006455     -0.00034406     -0.00016501
     0.00012263     -0.00004979      0.00000490
     0.00001806      0.00004843     -0.00013111
    -0.00006864     -0.00062811      0.00011820
    -0.00003725      0.00008120      0.00006395
    -0.00005083     -0.00015589      0.00000246
    -0.00020569     -0.00012093      0.00007550
     0.00001822      0.00013121     -0.00004856
    -0.00006847     -0.00011809      0.00062798
    -0.00006438      0.00016512      0.00034393
    -0.00005067     -0.00000236      0.00015576
    -0.00020552     -0.00007540      0.00012081
    -0.03046144     -0.03125718     -0.01888841
    -0.00003708     -0.00006384     -0.00008133
     0.00012280     -0.00000479      0.00004966
    -0.00018813      0.00010732     -0.00002489
    -0.00038478      0.00032333     -0.00003794
    -0.00009664     -0.00003923      0.00013664
     0.00468147      0.01017012      0.00334031
    -0.00032013     -0.00002519     -0.00031318
    -0.00008782      0.00015044      0.00011196
    -0.00004161      0.00003264      0.00005924
    -0.00031138     -0.00010518      0.00023577
    -0.05095719     -0.05047889      0.05812352
     0.00042135     -0.00036397     -0.00004400
     0.00009930     -0.00019866      0.00019318
    -0.00003996     -0.00001626      0.00013154
     0.00022210      0.00006770      0.00008677
     0.00002574      0.00006221     -0.00002440
     0.00008881     -0.00010833      0.00004635
     0.00029341      0.00023986     -0.00009733
    -0.00012861     -0.00005877      0.00005900
     0.00002960      0.00002938      0.00007698
     0.00206401     -0.00062825      0.00062849
    -0.00018599     -0.00019413     -0.00016132
     0.00030281      0.00040105     -0.00040081
    -0.00018599      0.00016155      0.00019437
     0.00004693     -0.00003358      0.00003382
     0.00002960     -0.00007674     -0.00002914
    -0.00008431      0.00062046     -0.00062023
    -0.00004400      0.00018473     -0.00006617
     0.00007788      0.00054931     -0.00054907
     0.00053244     -0.00005725     -0.00018965
     0.00268725      0.00255515     -0.00255491
     0.00053244      0.00018988      0.00005749
     0.00020653     -0.00010988      0.00011012
    -0.00004400      0.00006641     -0.00018449
     0.00029349      0.00009729     -0.00023990
    -0.05095710     -0.05812356      0.05047885
     0.00002583      0.00002436     -0.00006224
     0.00009939     -0.00019321      0.00019862
    -0.00003988     -0.00013158      0.00001622
     0.00022218     -0.00008681     -0.00006774
     0.00042144      0.00004396      0.00036393
     0.00008890     -0.00004639      0.00010829
145  -0.00082272  0.00000000  0.00000000
     0.01241508     -0.00900154     -0.01226217
     0.00018126     -0.00028828     -0.00004952
     0.00002626     -0.00001133     -0.00004804
    -0.00000962     -0.00002590      0.00003586
     0.00006454      0.00020016      0.00005113
     0.00003084      0.00000974     -0.00002305
    -0.00001855      0.00001060     -0.00002099
     0.00005014      0.00003442     -0.00012475
     0.02101592     -0.01981545      0.02145198
    -0.00009543     -0.00009465      0.00015324
    -0.00001969     -0.00012981      0.00014149
     0.00005250     -0.00003084     -0.00001732
     0.00000202     -0.00002218      0.00004347
     0.00002223      0.00006532      0.00001081
    -0.00002398     -0.00000252      0.00001792
     0.00001987     -0.00004346     -0.00002730
     0.00008475     -0.00040401     -0.00040401
     0.00012222     -0.00021653     -0.00021653
    -0.00000193      0.00000066      0.00018898
     0.00001200     -0.00001751     -0.00005036
    -0.00000193      0.00018898      0.00000066
     0.00001200     -0.00005036     -0.00001751
    -0.00060386     -0.00027288     -0.00027288
     0.00007219      0.00007304      0.00007304
     0.02101592      0.02145198     -0.01981545
    -0.00009543      0.00015324     -0.00009465
     0.00000202      0.00004347     -0.00002218
     0.00002223      0.00001081      0.00006532
    -0.00001969      0.00014149     -0.00012981
     0.00005250     -0.00001732     -0.00003084
    -0.00002398      0.00001792     -0.00000252
     0.00001987     -0.00002730     -0.00004346
    -0.00654617      0.00592683     -0.00526955
    -0.00002022     -0.00000226      0.00002427
    -0.00008821     -0.00008265     -0.00001179
    -0.00004098      0.00000076      0.00004810
    -0.00003121      0.00003209     -0.00001140
    -0.00000931     -0.00004524     -0.00002196
    -0.00003266     -0.00002764      0.00000437
     0.00000636      0.00002272     -0.00010841
    -0.00654617     -0.00526955      0.00592683
    -0.00002022      0.00002427     -0.00000226
    -0.00003121     -0.00001140      0.00003209
    -0.00000931     -0.00002196     -0.00004524
    -0.00008821     -0.00001179     -0.00008265
    -0.00004098      0.00004810      0.00000076
    -0.00003266      0.00000437     -0.00002764
     0.00000636     -0.00010841      0.00002272
    -0.00047166     -0.00014662     -0.00014662
    -0.00002413     -0.00000774     -0.00000774
    -0.00003769     -0.00011796     -0.00001567
    -0.00005879     -0.00004548      0.00005009
    -0.00003769     -0.00001567     -0.00011796
    -0.00005879      0.00005009     -0.00004548
    -0.00005213     -0.00008373     -0.00008373
     0.00006252     -0.00009796     -0.00009796
    -0.00027695     -0.00018820     -0.00034483
     0.00005061     -0.00000212      0.00001384
    -0.00001990      0.00001218     -0.00010502
    -0.00000231     -0.00000184     -0.00002324
    -0.00002726      0.00003073     -0.00000575
     0.00003311     -0.00003515      0.00000626
     0.00003498     -0.00000877     -0.00006090
    -0.00086450     -0.00011583      0.00071416
     0.00012004     -0.00002957      0.00004831
    -0.00008901      0.00001373     -0.00015344
     0.00012037     -0.00013108      0.00022883
     0.00001404     -0.00007087      0.00001914
    -0.00008472     -0.00001170     -0.00004816
     0.00014708     -0.00009123      0.00050017
     0.00000088      0.00002882      0.00001535
    -0.00000479     -0.00003056     -0.00003141
     0.01241508     -0.01226217     -0.00900154
     0.00018126     -0.00004952     -0.00028828
     0.00006454      0.00005113      0.00020016
     0.00003084     -0.00002305      0.00000974
     0.00002626     -0.00004804     -0.00001133
    -0.00000962      0.00003586     -0.00002590
    -0.00001855     -0.00002099      0.00001060
     0.00005014     -0.00012475      0.00003442
     0.00012004      0.00004831     -0.00002957
    -0.00008901     -0.00015344      0.00001373
    -0.00008472     -0.00004816     -0.00001170
     0.00014708      0.00050017     -0.00009123
     0.00012037      0.00022883     -0.00013108
     0.00001404      0.00001914     -0.00007087
     0.00000088      0.00001535      0.00002882
    -0.00000479     -0.00003141     -0.00003056
    -0.00027695     -0.00034483     -0.00018820
     0.00005061      0.00001384     -0.00000212
    -0.00002726     -0.00000575      0.00003073
     0.00003311      0.00000626     -0.00003515
    -0.00001990     -0.00010502      0.00001218
    -0.00000231     -0.00002324     -0.00000184
     0.00003498     -0.00006090     -0.00000877
    -0.00086450      0.00071416     -0.00011583
     0.06121490     -0.06509671     -0.06509671
    -0.00082982      0.00012490      0.00012490
    -0.00009900     -0.00000944      0.00000043
     0.00007856      0.00008014      0.00000822
    -0.00009900      0.00000043     -0.00000944
     0.00007856      0.00000822      0.00008014
    -0.00014950     -0.00001377     -0.00001377
    -0.00014198      0.00012493      0.00012493
     0.06930519     -0.05066005     -0.03991354
     0.00033777      0.00036091      0.00020525
     0.00027709      0.00042384     -0.00004576
    -0.00004716      0.00010344     -0.00004219
     0.00007059     -0.00003290     -0.00019268
     0.00014732      0.00007940     -0.00000384
     0.00007981     -0.00012631      0.00000946
    -0.00002765      0.00028775      0.00030485
     0.00001293      0.00052927      0.00052927
     0.00074015      0.00025800      0.00025800
    -0.00009683     -0.00023435     -0.00008177
     0.00015610      0.00005301      0.00009104
    -0.00009683     -0.00008177     -0.00023435
     0.00015610      0.00009104      0.00005301
     0.00077525      0.00080205      0.00080205
    -0.00018670     -0.00011807     -0.00011807
     0.06930519     -0.03991354     -0.05066005
     0.00033777      0.00020525      0.00036091
     0.00007059     -0.00019268     -0.00003290
     0.00014732     -0.00000384      0.00007940
     0.00027709     -0.00004576      0.00042384
    -0.00004716     -0.00004219      0.00010344
     0.00007981      0.00000946     -0.00012631
    -0.00002765      0.00030485      0.00028775
    -0.00010723      0.00018742      0.00000036
    -0.00005461      0.00010486      0.00070956
    -0.00014650     -0.00010740      0.00015224
    -0.00007614     -0.00011954      0.00003728
    -0.00057325      0.00024873      0.00062838
     0.00688846      0.00237262     -0.00658726
    -0.00004462      0.00010993      0.00001720
    -0.00000128      0.00012483      0.00007482
    -0.00010723      0.00000036      0.00018742
    -0.00005461      0.00070956      0.00010486
    -0.00057325      0.00062838      0.00024873
     0.00688846     -0.00658726      0.00237262
    -0.00014650      0.00015224     -0.00010740
    -0.00007614      0.00003728     -0.00011954
    -0.00004462      0.00001720      0.00010993
    -0.00000128      0.00007482      0.00012483
    -0.23993603      0.19316669      0.19316669
     0.00020349     -0.00002763     -0.00002763
    -0.00000448     -0.00023780     -0.00002319
    -0.00003536     -0.00001962      0.00024341
    -0.00000448     -0.00002319     -0.00023780
    -0.00003536      0.00024341     -0.00001962
    -0.00029713     -0.00001999     -0.00001999
    -0.00039779     -0.00006657     -0.00006657
     0.00014063     -0.00047844      0.00035645
    -0.00001135     -0.00014849      0.00008888
    -0.00766381      0.01213774      0.00680185
     0.00038107     -0.00056779     -0.00056086
     0.00010156      0.00011061     -0.00004749
    -0.00021386     -0.00047802      0.00000873
     0.00015908      0.00016081     -0.00006797
    -0.00004604      0.00000217     -0.00006482
     0.00014063      0.00035645     -0.00047844
    -0.00001135      0.00008888     -0.00014849
     0.00010156     -0.00004749      0.00011061
    -0.00021386      0.00000873     -0.00047802
    -0.00766381      0.00680185      0.01213774
     0.00038107     -0.00056086     -0.00056779
     0.00015908     -0.00006797      0.00016081
    -0.00004604     -0.00006482      0.00000217
     0.00067733     -0.00062378     -0.00062378
    -0.01114691     -0.03374333     -0.03374333
    -0.00005075      0.00002827     -0.00009723
     0.00024811     -0.00044335      0.00006236
    -0.00005075     -0.00009723      0.00002827
     0.00024811      0.00006236     -0.00044335
    -0.00001074     -0.00029410     -0.00029410
     0.00010737     -0.00003057     -0.00003057
