#  T(K)     E(eV/cell)    F(eV/cell)    Fc(eV/cell)   S(kB/cell)    Cv(kB/cell)
   10.00    7.03163503    7.03159507    0.38809367    0.04637014    0.16101548
   20.00    7.03229421    7.03140113    0.66150350    0.51818677    1.65543742
   30.00    7.03477388    7.03050651    0.89162664    1.65068164    4.14639569
   40.00    7.03940764    7.02844291    1.09363933    3.18099006    6.55277392
   50.00    7.04595465    7.02498030    1.27474928    4.86791414    8.57539810
   60.00    7.05408156    7.02004580    1.43920175    6.58277099   10.23230366
   70.00    7.06351073    7.01364424    1.58980186    8.26675745   11.61375370
   80.00    7.07404425    7.00581376    1.72854330    9.89721433   12.80874069
   90.00    7.08555265    6.99660355    1.85691678   11.46894589   13.88585487
  100.00    7.09795599    6.98606345    1.97607937   12.98451100   14.89202765
  110.00    7.11120699    6.97423962    2.08695544   14.44936960   15.85695518
  120.00    7.12527842    6.96117311    2.19030048   15.86959523   16.79840596
  130.00    7.14015490    6.94689990    2.28674361   17.25090348   17.72664044
  140.00    7.15582780    6.93145130    2.37681684   18.59832312   18.64754227
  150.00    7.17229242    6.91485461    2.46097597   19.91615712   19.56461152
  160.00    7.18954651    6.89713371    2.53961589   21.20805680   20.48012098
  170.00    7.20758947    6.87830956    2.61308200   22.47712595   21.39572180
  180.00    7.22642195    6.85840068    2.68167901   23.72601950   22.31271796
  190.00    7.24604564    6.83742345    2.74567771   24.95702500   23.23216057
  200.00    7.26646299    6.81539239    2.80532036   26.17212555   24.15485705
  210.00    7.28767707    6.79232046    2.86082494   27.37304691   25.08135072
  220.00    7.30969129    6.76821921    2.91238864   28.56129265   26.01190009
  230.00    7.33250915    6.74309899    2.96019074   29.73817074   26.94647089
  240.00    7.35613398    6.71696909    3.00439489   30.90481454   27.88474419
  250.00    7.38056876    6.68983790    3.04515108   32.06220013   28.82613940
  260.00    7.40581584    6.66171304    3.08259731   33.21116133   29.76984835
  270.00    7.43187680    6.63260144    3.11686095   34.35240341   30.71487654
  280.00    7.45875228    6.60250950    3.14805994   35.48651575   31.66008742
  290.00    7.48644193    6.57144315    3.17630376   36.61398396   32.60424668
  300.00    7.51494429    6.53940793    3.20169436   37.73520131   33.54606410
