 10.          2.27944845 
 20.          2.27944951 
 30.          2.27948095 
 40.          2.27963319 
 50.          2.27998181 
 60.          2.28054907 
 70.          2.28133037 
 80.          2.28231904 
 90.          2.28351581 
 100.           2.28492931 
 110.           2.28657379 
 120.           2.28846631 
 130.           2.29062465 
 140.           2.29306578 
 150.         2.295805 
 160.           2.29885553 
 170.           2.30222836 
 180.           2.30593225 
 190.           2.30997397 
 200.           2.31435841 
 210.           2.31908884 
 220.           2.32416711 
 230.           2.32959383 
 240.           2.33536859 
 250.           2.34149003 
 260.           2.34795604 
 270.           2.35476384 
 280.          2.3619101 
 290.           2.36939097 
 300.           2.37720221 
