1 0.0005185688602870475
1 1.0588441580087416e-05
1 5.0085733532261375e-06
0 1.6946899698010242e-05
0 0.0003324662505421541
0 0.0004064183715931588
0 0.0170309787466961
0 0.01990418915839361
0 0.046481558935153745
0 0.047646032707063087
0 0.06338619230265193
0 0.06501787569137053
0 0.06718492067918873
0 0.06779956610193223
0 0.08173544636400568
0 0.08733222808299991
0 0.08934655548638823
0 0.0902481714873116
0 0.09833955265297138
0 0.11408649482115978
0 0.11749045698385682
0 0.11904977868408868
0 0.1281595908933154
0 0.13838086800495905
0 0.1496696274864184
0 0.1627758543454279
0 0.16972524803410716
0 0.1726497073523494
0 0.17945162799243736
0 0.1987374259353171
0 0.20580099640789487
0 0.20958381989495284
0 0.3891230827247397
0 0.39354890207901405
0 0.43068313213131576
0 0.4377711782558539
