            -0.45000             0.00000
            -0.35000             0.00000
            -0.25000             0.00000
            -0.15000             0.00000
            -0.05000             0.00000
             0.05000             0.00007
             0.15000             0.00052
             0.25000             0.00132
             0.35000             0.00270
             0.45000             0.00472
             0.55000             0.00775
             0.65000             0.01302
             0.75000             0.01622
             0.85000             0.01940
             0.95000             0.02537
             1.05000             0.04182
             1.15000             0.06285
             1.25000             0.07605
             1.35000             0.06950
             1.45000             0.06107
             1.55000             0.06585
             1.65000             0.09107
             1.75000             0.08115
             1.85000             0.07017
             1.95000             0.05170
             2.05000             0.07777
             2.15000             0.12992
             2.25000             0.11672
             2.35000             0.09767
             2.45000             0.08740
             2.55000             0.09515
             2.65000             0.11310
             2.75000             0.12530
             2.85000             0.11107
             2.95000             0.10280
             3.05000             0.12735
             3.15000             0.12525
             3.25000             0.12440
             3.35000             0.11145
             3.45000             0.13790
             3.55000             0.09655
             3.65000             0.10470
             3.75000             0.09950
             3.85000             0.10920
             3.95000             0.11992
             4.05000             0.12760
             4.15000             0.13815
             4.25000             0.13790
             4.35000             0.15027
             4.45000             0.17034
             4.55000             0.08045
             4.65000             0.08492
             4.75000             0.03395
             4.85000             0.08512
             4.95000             0.04967
             5.05000             0.01542
             5.15000             0.00065
             5.25000             0.00000
             5.35000             0.00000
             5.45000             0.00000
             5.55000             0.00000
             5.65000             0.00000
             5.75000             0.00000
             5.85000             0.00000
             5.95000             0.00000
             6.05000             0.00000
             6.15000             0.00000
             6.25000             0.00000
             6.35000             0.00000
             6.45000             0.00000
             6.55000             0.00000
             6.65000             0.00000
             6.75000             0.00000
             6.85000             0.00000
             6.95000             0.00000
             7.05000             0.00000
             7.15000             0.00000
             7.25000             0.00000
             7.35000             0.00000
             7.45000             0.00000
             7.55000             0.00000
             7.65000             0.00000
             7.75000             0.00000
             7.85000             0.00000
             7.95000             0.00000
             8.05000             0.00000
             8.15000             0.00000
             8.25000             0.00000
             8.35000             0.00000
             8.45000             0.00000
             8.55000             0.00000
             8.65000             0.00000
             8.75000             0.00000
             8.85000             0.00000
             8.95000             0.00000
             9.05000             0.00000
             9.15000             0.00000
             9.25000             0.00000
             9.35000             0.00000
             9.45000             0.00000
             9.55000             0.00000
             9.65000             0.00000
             9.75000             0.00000
             9.85000             0.00000
             9.95000             0.00000
            10.05000             0.00000
            10.15000             0.00000
            10.25000             0.00000
            10.35000             0.00000
            10.45000             0.00000
            10.55000             0.00000
            10.65000             0.00000
            10.75000             0.00000
            10.85000             0.00000
            10.95000             0.00000
            11.05000             0.00000
            11.15000             0.00000
            11.25000             0.00000
            11.35000             0.00000
            11.45000             0.00000
            11.55000             0.00000
            11.65000             0.00000
            11.75000             0.00000
            11.85000             0.00000
            11.95000             0.00000
            12.05000             0.00000
            12.15000             0.00000
            12.25000             0.00000
            12.35000             0.00000
            12.45000             0.00000
            12.55000             0.00000
            12.65000             0.00000
            12.75000             0.00000
            12.85000             0.00000
            12.95000             0.00000
            13.05000             0.00000
            13.15000             0.00000
            13.25000             0.00000
            13.35000             0.00000
            13.45000             0.00000
            13.55000             0.00000
            13.65000             0.00000
            13.75000             0.00000
            13.85000             0.00000
            13.95000             0.00000
            14.05000             0.00000
            14.15000             0.00000
            14.25000             0.00000
            14.35000             0.00000
            14.45000             0.00000
            14.55000             0.00000
            14.65000             0.00000
            14.75000             0.00000
            14.85000             0.00000
            14.95000             0.00000
            15.05000             0.00000
            15.15000             0.00000
            15.25000             0.00000
            15.35000             0.00000
            15.45000             0.00000
            15.55000             0.00000
            15.65000             0.00000
            15.75000             0.00000
            15.85000             0.00000
            15.95000             0.00000
            16.05000             0.00000
            16.15000             0.00000
            16.25000             0.00000
            16.35000             0.00000
            16.45000             0.00000
            16.55000             0.00000
            16.65000             0.00000
            16.75000             0.00000
            16.85000             0.00000
            16.95000             0.00000
            17.05000             0.00000
            17.15000             0.00000
            17.25000             0.00000
            17.35000             0.00000
            17.45000             0.00000
            17.55000             0.00000
            17.65000             0.00000
            17.75000             0.00000
            17.85000             0.00000
            17.95000             0.00000
            18.05000             0.33749
            18.15000             0.03145
            18.25000             0.30604
            18.35000             0.00000
            18.45000             0.00000
            18.55000             0.00000
            18.65000             0.00000
            18.75000             0.00000
            18.85000             0.00000
            18.95000             0.00000
            19.05000             0.00000
            19.15000             0.33749
            19.25000             0.33749
            19.35000             0.00000
            19.45000             0.00000
            19.55000             0.00000
            19.65000             0.00000
            19.75000             0.00000
            19.85000             0.00000
            19.95000             0.00000
            20.05000             0.00000
            20.15000             0.00000
            20.25000             0.00000
            20.35000             0.00000
            20.45000             0.00000
            20.55000             0.00000
            20.65000             0.00000
            20.75000             0.00000
            20.85000             0.00000
            20.95000             0.00000
            21.05000             0.00000
            21.15000             0.00000
            21.25000             0.00000
            21.35000             0.00000
            21.45000             0.00000
            21.55000             0.00000
            21.65000             0.00000
            21.75000             0.00000
            21.85000             0.00000
            21.95000             0.00000
            22.05000             0.00000
            22.15000             0.00000
            22.25000             0.01045
            22.35000             0.06492
            22.45000             0.08410
            22.55000             0.09265
            22.65000             0.08462
            22.75000             0.00075
            22.85000             0.09920
            22.95000             0.06337
            23.05000             0.06772
            23.15000             0.08682
            23.25000             0.02037
            23.35000             0.00000
            23.45000             0.00000
            23.55000             0.00000
            23.65000             0.00000
            23.75000             0.00000
            23.85000             0.00000
            23.95000             0.00000
            24.05000             0.00000
            24.15000             0.01972
            24.25000             0.09590
            24.35000             0.05830
            24.45000             0.12315
            24.55000             0.07767
            24.65000             0.10962
            24.75000             0.04557
            24.85000             0.06222
            24.95000             0.07582
            25.05000             0.00700
            25.15000             0.00000
            25.25000             0.00000
            25.35000             0.00000
            25.45000             0.00000
            25.55000             0.00000
            25.65000             0.00000
            25.75000             0.00000
            25.85000             0.01672
            25.95000             0.28259
            26.05000             0.11630
            26.15000             0.06102
            26.25000             0.07942
            26.35000             0.16209
            26.45000             0.17154
            26.55000             0.13915
            26.65000             0.11602
            26.75000             0.10792
            26.85000             0.09330
            26.95000             0.00387
            27.05000             0.00000
            27.15000             0.00000
            27.25000             0.26544
            27.35000             0.34454
            27.45000             0.18789
            27.55000             0.13660
            27.65000             0.07800
            27.75000             0.07440
            27.85000             0.09055
            27.95000             0.12155
            28.05000             0.05100
            28.15000             0.00000
            28.25000             0.00000
            28.35000             0.00000
            28.45000             0.00000
            28.55000             0.00000
            28.65000             0.00000
            28.75000             0.00000
            28.85000             0.00000
            28.95000             0.00000
            29.05000             0.00000
            29.15000             0.00000
            29.25000             0.00000
            29.35000             0.00000
            29.45000             0.00000
            29.55000             0.00000
            29.65000             0.12725
            29.75000             0.19332
            29.85000             0.12257
            29.95000             0.10720
