#  T(K)     E(eV/cell)    F(eV/cell)    Fc(eV/cell)   S(kB/cell)    Cv(kB/cell)
    0.00           NaN    4.14110304           NaN           NaN           NaN
   10.00    4.14115615    4.14108275    0.23767997    0.08516918    0.23024271
   20.00    4.14184316    4.14083525    0.40368378    0.58480927    1.58032134
   30.00    4.14409026    4.13991906    0.54263387    1.61348002    3.66268119
   40.00    4.14810373    4.13796962    0.66401524    2.94001974    5.58861730
   50.00    4.15359831    4.13482718    0.77233263    4.35657373    7.09302180
   60.00    4.16022043    4.13046711    0.87023926    5.75451401    8.22305473
   70.00    4.16769523    4.12492765    0.95948832    7.08991638    9.09000822
   80.00    4.17583837    4.11826935    1.04132584    8.35070802    9.78712076
   90.00    4.18453269    4.11055645    1.11668350    9.53837149   10.37755267
  100.00    4.19370485    4.10184936    1.18628445   10.65932208   10.90138323
  110.00    4.20330926    4.09220231    1.25070641   11.72122532   11.38415130
  120.00    4.21331831    4.08166290    1.31042157   12.73156933   11.84286909
  130.00    4.22371674    4.07027258    1.36582310   13.69719058   12.28955028
  140.00    4.23449819    4.05806720    1.41724352   14.62417285   12.73309497
  150.00    4.24566300    4.04507770    1.46496769   15.51787664   13.18025109
  160.00    4.25721657    4.03133070    1.50924240   16.38300452   13.63610880
  170.00    4.26916809    4.01684899    1.55028355   17.22366935   14.10438072
  180.00    4.28152945    4.00165209    1.58828156   18.04345614   14.58759456
  190.00    4.29431421    3.98575661    1.62340568   18.84547657   15.08725464
  200.00    4.30753690    3.96917667    1.65580730   19.63241758   15.60399361
  210.00    4.32121222    3.95192425    1.68562268   20.40658532   16.13771896
  220.00    4.33535458    3.93400949    1.71297506   21.16994556   16.68775294
  230.00    4.34997755    3.91544096    1.73797648   21.92416112   17.25296261
  240.00    4.36509360    3.89622592    1.76072921   22.67062667   17.83187732
  250.00    4.38071383    3.87637054    1.78132701   23.41050082   18.42279192
  260.00    4.39684778    3.85588007    1.79985612   24.14473582   19.02385501
  270.00    4.41350337    3.83475904    1.81639614   24.87410457   19.63314261
  280.00    4.43068686    3.81301134    1.83102079   25.59922524   20.24871805
  290.00    4.44840283    3.79064044    1.84379849   26.32058339   20.86867939
