    3   14   42
  1.000 12.011 16.000
    1    1  0.0080  0.0000  0.0000
 -0.321229257489  -0.103089951343   0.009212490683
 -0.000000279218   0.000035921863  -0.000004965118
  0.000047013842   0.000132123002   0.000011702494
 -0.000084834365   0.000113730686   0.000025532421
 -0.000015731916  -0.000343815030   0.000107547257
 -0.000178973937  -0.000390934959  -0.000038437278
  0.000222862676  -0.000313908046   0.000155267580
 -0.002261251076   0.000754393916  -0.000453457157
  0.001089326800   0.007666063048   0.000867939744
  0.000058842653   0.000149711738   0.000108430695
  0.002221199548  -0.004479613962  -0.000602090435
  0.320154426390   0.099866692405  -0.009296604533
 -0.000035523504  -0.000061659440  -0.000054877351
  0.000012179595  -0.000038753877  -0.000038479004
    1    2  0.0000  0.0080  0.0000
 -0.103022846640  -0.075451370149  -0.001994450007
  0.000014007931   0.000070045955  -0.000018998967
  0.000050012445   0.000076758122   0.000086170690
 -0.000124875077   0.000470168235  -0.000005771658
  0.000038359617  -0.000128744406   0.000225090553
 -0.000328828312  -0.000254877457  -0.000150870406
  0.001418388291  -0.000009130938   0.000120867454
 -0.002033829244   0.004860546661   0.001105409399
  0.042929159947   0.017285773869  -0.000331531692
  0.000235580914   0.000312020743   0.000309003497
 -0.004011177639  -0.005301362017  -0.001214282903
  0.065060209148   0.058449272321   0.002054863642
 -0.000191923413  -0.000225523422  -0.000126671208
 -0.000032237967  -0.000153577516  -0.000058828393
    1    3  0.0000  0.0000  0.0080
  0.009207144399  -0.001984658160  -0.010484588429
 -0.000014922166  -0.000011387797   0.000001765892
 -0.000014756206  -0.000062847890   0.000031310218
 -0.000005831566   0.000078054267   0.000005617713
 -0.000647570853  -0.000214023701  -0.000124263561
  0.000442298132  -0.000207651533  -0.000211429203
  0.000379622516   0.000055915008  -0.000557653109
 -0.000862601273   0.001599562041  -0.002766713389
  0.006571440244   0.002696632019  -0.002727345453
  0.000015190607  -0.000064476048  -0.000231508710
 -0.000472829109  -0.001265545648   0.004180446749
 -0.014668294901  -0.000881224927   0.012622966539
  0.000116193064   0.000111905452   0.000212194789
 -0.000045082889   0.000149746917   0.000049199956
    2    1  0.0080  0.0000  0.0000
 -0.000014624332   0.000004717899  -0.000005356540
 -0.043473117326   0.038287457861  -0.096038867545
 -0.000075206514   0.000338914622   0.000397859521
 -0.000296289179   0.000325961416  -0.000547186978
 -0.000003021492  -0.000105820085  -0.000041527005
  0.000028135157   0.000021237456  -0.000010484480
 -0.003138904667  -0.001756956297  -0.000540698835
 -0.000284962607   0.000071460579   0.000570513892
 -0.000163908524   0.000024260071   0.000100647122
  0.000243934773  -0.005209906789   0.006991714114
  0.000210411089  -0.000080592877   0.000030002198
  0.000003248029  -0.000126227332  -0.000108462462
  0.003566955554   0.002749907213  -0.001012049482
  0.043397350039  -0.034544413738   0.090213896480
    2    2  0.0000  0.0080  0.0000
  0.000020174584   0.000069199630  -0.000013775782
  0.038307178600  -0.075213406274   0.095332114286
  0.000261335990  -0.000249471460   0.000263051488
 -0.000215506007  -0.000123343034   0.000050780505
  0.000056435973   0.000469111074   0.000120001969
 -0.000091239569   0.000076494057  -0.000009664663
 -0.000319420282   0.004870453262   0.002298015126
 -0.000608168138  -0.000007776266  -0.001278845743
 -0.000365883153   0.000309645968  -0.000106175688
 -0.014908941752   0.017280998101  -0.040261313048
  0.000194149350  -0.000222648028   0.000140299571
  0.000074708522  -0.000151211288   0.000015444091
  0.002579517733  -0.005306254286   0.003324789963
 -0.024984341851   0.058198208545  -0.059874722075
    2    3  0.0000  0.0000  0.0080
  0.000002348920  -0.000036476789   0.000007768541
 -0.096113722615   0.095418799494  -0.288400983624
 -0.000072440841   0.000289983599  -0.000317985427
  0.000212896540   0.000245885197   0.000151372087
 -0.000003084336  -0.000077906852  -0.000079872623
  0.000021732319  -0.000144478456   0.000047469254
 -0.000120654558  -0.000140168677  -0.001888579290
  0.000353325367   0.000319563531  -0.000048795568
  0.000194347436  -0.000162614478  -0.000016535375
  0.001223182428  -0.006212921810  -0.001786945889
 -0.000135826531   0.000096923315  -0.000024499395
 -0.000033826574   0.000094026781   0.000045845704
 -0.001112241998   0.003719021126   0.002798852492
  0.095583964443  -0.093409635982   0.289512889113
    3    1  0.0080  0.0000  0.0000
  0.000045054346   0.000034027780  -0.000019682001
 -0.000064814754   0.000249755193  -0.000084026218
 -0.103452930937   0.045232317266   0.088991351411
  0.013779418866  -0.007939706576  -0.017791902377
  0.000013566602  -0.000333358531  -0.000033097132
 -0.000300719665   0.000496238382   0.000565399051
  0.094228915415  -0.041080208420  -0.082566615078
 -0.000542657158  -0.000774656577   0.001144187887
 -0.000046799788   0.000779262164   0.000615698040
 -0.006312500730   0.003191215170   0.007039497973
  0.000408829686   0.000560715055  -0.000033737243
 -0.000044822347  -0.000514968987  -0.000134374073
  0.001986384518  -0.000057627236   0.002157840393
  0.000303075945   0.000156995318   0.000149459367
    3    2  0.0000  0.0080  0.0000
  0.000130655912   0.000069461172  -0.000063126350
  0.000349341395  -0.000256473936   0.000296754491
  0.045220015075  -0.069857590286  -0.056004156292
  0.004129430508  -0.003069650397  -0.006231488575
 -0.000172131590  -0.000770537452  -0.000263860094
  0.000525902789   0.004648420669  -0.000727435712
 -0.040538831567   0.062777990492   0.050425132814
 -0.013628026885   0.010556399447   0.019265873351
 -0.002356367761   0.000439048899   0.000917275447
  0.008089879441  -0.003859714347  -0.004556465459
  0.001075826484  -0.000960337366  -0.000574099122
  0.000291212879  -0.000554879266  -0.000137962914
 -0.001974523230  -0.000380364528  -0.001491681929
 -0.001142383450   0.001218226899  -0.000854759656
    3    3  0.0000  0.0000  0.0080
  0.000011811515   0.000084088972   0.000034485380
  0.000396167843   0.000268851581  -0.000323390878
  0.088986333552  -0.056035760716  -0.155966412499
  0.001507684566  -0.001877242962  -0.003583581565
  0.000181739075   0.000370374526  -0.000238065337
 -0.000153391535  -0.000763569518  -0.000459493855
 -0.081817978265   0.050795445501   0.142216581273
  0.001639584127   0.000228240940  -0.001788644401
 -0.001371168824   0.000813476898   0.000091602179
 -0.014012283575   0.009947832141   0.018775505604
  0.000128425175  -0.001158863792  -0.000141546538
  0.000316470336  -0.000342231434  -0.000066537407
  0.003279548555  -0.001982383582   0.002849992407
  0.000907057454  -0.000348258556  -0.001400494361
    4    1  0.0080  0.0000  0.0000
 -0.000078245231  -0.000125666521   0.000003834577
 -0.000281166382  -0.000207134045   0.000213574109
  0.013774310962   0.004140891041   0.001494056002
 -0.218098408244  -0.064078356010  -0.028556520974
 -0.000342070162   0.000297856116  -0.000192258227
 -0.000142745318   0.000310277601   0.000048794682
  0.199042822474   0.058579493837   0.024387505531
 -0.001562273146  -0.000512659537  -0.000381681722
  0.000370758391  -0.001197672750  -0.000207697181
  0.008811480827   0.003363500165   0.002671099044
 -0.000297755873   0.000943451465   0.000145209406
 -0.000127763387   0.000218919863   0.000074897735
 -0.000324504190  -0.001228368072   0.000201090215
 -0.000744440724  -0.000504533155   0.000098096802
    4    2  0.0000  0.0080  0.0000
  0.000112503413   0.000465340452   0.000086804854
  0.000343679313  -0.000129201112   0.000266654525
 -0.007927770731  -0.003071029330  -0.001872652808
 -0.064040513072  -0.062025807435  -0.007689700951
 -0.000000017020  -0.001212807974  -0.000296530265
 -0.000214833736  -0.000779443050   0.000446739139
  0.056483005652   0.055035985379   0.006585887201
  0.023932068707   0.009589884095   0.002612948943
 -0.002622202683   0.003995902590   0.000208782185
 -0.009064893004  -0.003651776135   0.001686801862
  0.000176295393  -0.000630654292   0.000103323366
  0.001742212485   0.001060294600   0.000048363746
  0.000704109279  -0.000051993846  -0.001198888229
  0.000376356005   0.001405306058  -0.000988533568
    4    3  0.0000  0.0000  0.0080
  0.000018624554  -0.000008606863   0.000014414239
 -0.000553007071   0.000049055741   0.000152392877
 -0.017776470485  -0.006240718080  -0.003574984557
 -0.028529312028  -0.007714567885  -0.040858279727
 -0.000364664459  -0.000096949720  -0.000141301587
  0.000245459338   0.000065158980  -0.000075084589
  0.027556356486   0.008185938820   0.036781244475
 -0.000690252863   0.000212574203   0.000445578166
 -0.000458790024  -0.000214459353  -0.000216899536
  0.024414558938   0.008788936155   0.004177562063
 -0.000052654624  -0.000504020376  -0.000144918003
 -0.000094372504  -0.000227655506  -0.000063024794
 -0.002403888736  -0.001717275900   0.003538814655
 -0.001311586524  -0.000577410215  -0.000035513683
    5    1  0.0080  0.0000  0.0000
 -0.000021354287   0.000030327442  -0.000651833448
 -0.000000119920   0.000054750264  -0.000012026268
  0.000012133490  -0.000165319503   0.000184626021
 -0.000357461430  -0.000016006809  -0.000367970403
 -0.082022224658   0.029823708001  -0.080141562970
 -0.006808569475   0.004360810320  -0.010009128479
 -0.000125876776  -0.000019782269  -0.001233578666
  0.074387440857  -0.028367266523   0.074865951576
  0.013741724614  -0.009368411444   0.022552531164
 -0.000364477367   0.000610188736  -0.000189736222
  0.002327180962   0.002041768543  -0.003404885064
 -0.000532158268   0.000724322695  -0.001385076250
 -0.000141917198   0.000144581476  -0.000094713259
 -0.000094320543   0.000146329071  -0.000112597732
    5    2  0.0000  0.0080  0.0000
 -0.000355662689  -0.000126539595  -0.000224973885
 -0.000111976756   0.000465881197  -0.000070620961
 -0.000334648872  -0.000776671390   0.000363595555
  0.000280929318  -0.001208762611  -0.000103406289
  0.029807542624  -0.061890297227   0.057022056500
  0.004556684034  -0.003063426836   0.006757834999
 -0.010921253272   0.009586830158  -0.021467676593
 -0.026147203245   0.054890002687  -0.050334892243
  0.001624117996  -0.003624334670   0.009089571151
  0.000748285895   0.004012123080   0.002534591665
  0.000893598029  -0.000062916064  -0.001100495321
  0.000757955651   0.001367386595  -0.000714259339
 -0.000149807824  -0.000626116774  -0.000142703214
 -0.000648560890   0.001056841451  -0.001608622025
    5    3  0.0000  0.0000  0.0080
  0.000111010520   0.000214029488  -0.000114034005
 -0.000032107226   0.000117179553  -0.000074490302
 -0.000013745486  -0.000264602399  -0.000231791457
 -0.000191578547  -0.000310150142  -0.000133184925
 -0.080175922514   0.057026354814  -0.177031025494
  0.009303148390  -0.006064095512   0.016984984577
 -0.000903619447   0.000557211116  -0.000923707825
  0.071677817117  -0.051756395705   0.161553258781
  0.000815315854  -0.000030850011  -0.000759468751
  0.000068829201   0.001043848636   0.000511320066
 -0.000816526275   0.000541351951   0.000884449951
  0.000016794754   0.000278875133  -0.000250192645
  0.000086320253  -0.001065088113  -0.000303329229
  0.000054263405  -0.000287668809  -0.000112788742
    6    1  0.0080  0.0000  0.0000
 -0.000179555428  -0.000339659767   0.000450758327
  0.000034412736  -0.000092980102   0.000023629052
 -0.000303223361   0.000530429916  -0.000143730820
 -0.000159262635  -0.000223972217   0.000257508312
 -0.006805423392   0.004562173158   0.009294822853
 -0.090514094980   0.036396128743   0.084065095669
 -0.000694244015   0.000063028305   0.001687300327
  0.081798009199  -0.032981269481  -0.077154376559
  0.013294944255  -0.010387133855  -0.021434609843
 -0.000177991605  -0.001029549174  -0.001318985619
  0.004581910973   0.001867833576   0.002308956107
 -0.000836281817   0.000247285359   0.001342590023
 -0.000043246042   0.000890359762   0.000302523533
  0.000004046114   0.000497325776   0.000318518638
    6    2  0.0000  0.0080  0.0000
 -0.000396602744  -0.000255035029  -0.000210635737
  0.000014698807   0.000072152582  -0.000133424596
  0.000490940910   0.004647855370  -0.000742427425
  0.000301640137  -0.000766469105   0.000079198516
  0.004364297083  -0.003072511224  -0.006053188478
  0.036369025010  -0.069874520212  -0.062128869228
 -0.013190611050   0.010550106356   0.019573395430
 -0.032884807431   0.062796122455   0.055675842281
  0.001427477413  -0.003846159189  -0.009206675180
 -0.000020761472   0.000446280869   0.002540126724
  0.002125242077  -0.000379773841   0.001334652882
  0.001198776483   0.001200315245   0.000776007202
  0.000168889042  -0.000968148978  -0.001192832345
  0.000031795734  -0.000550215299  -0.000311170044
    6    3  0.0000  0.0000  0.0080
 -0.000042156382  -0.000139913502  -0.000200073205
 -0.000020464019  -0.000006521881   0.000045969686
  0.000561329086  -0.000742623593  -0.000453634571
  0.000026150087   0.000441232938  -0.000064860921
 -0.010017568426   0.006760122184   0.017002269778
  0.084095213036  -0.062167968336  -0.168950051211
  0.001212315049   0.000800637533  -0.001636725641
 -0.077876881138   0.056385485556   0.154631122332
 -0.000427460891   0.000602150164  -0.000833254467
  0.000659436852  -0.000441756898   0.000217022955
  0.001244121889  -0.000651264326   0.000286609961
  0.000607958564  -0.000258837517  -0.000252167862
  0.000128764872  -0.000931326835   0.000310892331
 -0.000150758579   0.000350584515  -0.000103119165
    7    1  0.0080  0.0000  0.0000
  0.000203245472   0.001417259976   0.000382260692
 -0.003148159374  -0.000315880238  -0.000136720253
  0.094270914476  -0.040515232294  -0.081805173091
  0.199079760043   0.056547351913   0.027506202150
 -0.000170451437  -0.010941157897  -0.000902744444
 -0.000712432635  -0.013193684889   0.001196659118
 -0.405651226500  -0.005424260119   0.027926433022
  0.059792408144  -0.001985999256  -0.002946899972
 -0.000330407168   0.025003469885  -0.000239913166
  0.070937444392  -0.007945309876   0.011074110669
 -0.000652541631   0.000881246980   0.000654576545
  0.004647043065   0.002734709318   0.000116147907
 -0.014350046044   0.000336513622   0.011167567964
 -0.003915550804  -0.006599027126   0.006007492858
    7    2  0.0000  0.0080  0.0000
 -0.000343849011  -0.000013138578   0.000046700602
 -0.001740466133   0.004837804194  -0.000132561920
 -0.041073999115   0.062827631557   0.050792719998
  0.058587367092   0.055013856133   0.008174478340
 -0.000069204779   0.009605849905   0.000543757809
  0.000046231025   0.010574395231   0.000811387113
 -0.005475858609  -0.366794299284  -0.031474154606
 -0.000732125581   0.127577328923   0.002346780892
  0.010273717608   0.014309952519   0.000499757201
 -0.007606459792   0.070943673228  -0.021780131414
 -0.003518327104   0.000832490024   0.000601436849
  0.000085383320  -0.000648629790  -0.000517693085
  0.004249015761  -0.008120810362   0.016011501022
 -0.012681424681   0.019053896299  -0.025923978802
    7    3  0.0000  0.0000  0.0080
  0.000156153285   0.000109148726  -0.000576085258
 -0.000543725018   0.002287750706  -0.001941751830
 -0.082603465899   0.050432834747   0.142202825506
  0.024382782229   0.006609736542   0.036903337455
 -0.001162419317  -0.021501785623  -0.000958817377
  0.001688475355   0.019566020051  -0.001675284826
  0.027924261625  -0.031547061766  -0.366177644345
 -0.002636572738   0.001475683967   0.061877776953
  0.003002057589   0.000537794573   0.001187488515
  0.012366604431  -0.025575064203   0.097940043458
 -0.000742479255   0.000785834271   0.000609061167
 -0.000345881250  -0.000179046927  -0.000878785109
  0.014919371052   0.003185170535   0.030562968848
  0.003594837910  -0.006187015600   0.000924866841
    8    1  0.0080  0.0000  0.0000
 -0.002318840082  -0.002035312846  -0.000862902739
 -0.000303774220  -0.000605120917   0.000342159212
 -0.000581337915  -0.013633380336   0.001655133210
 -0.001570677200   0.023967894858  -0.000656541911
  0.074468014939  -0.026131572459   0.071652014751
  0.081790672352  -0.032834103285  -0.077870917843
  0.059781773054  -0.000746766435  -0.002695950704
 -0.352713200501   0.031326893902   0.007835221634
  0.102330732807   0.026830383969   0.000456589362
  0.001932657524  -0.009359644549   0.002222574825
  0.033606349298  -0.003041231598  -0.003235018301
  0.003429350522   0.008077216703   0.000762178952
  0.000418396814  -0.001022728169  -0.001125376296
 -0.000270117391  -0.000792528839   0.001520835848
    8    2  0.0000  0.0080  0.0000
  0.000716788872   0.004848008427   0.001576382051
  0.000070878044  -0.000001562774   0.000340123453
 -0.000788991318   0.010582855018   0.000232928194
 -0.000502669118   0.009640212468   0.000250181438
 -0.028325488895   0.054909570519  -0.051749377106
 -0.032987569304   0.062845893393   0.056401655892
 -0.001959429417   0.127555254346   0.001498108101
  0.031304058539  -0.366783672674  -0.006119761504
  0.023167938327   0.070941960652  -0.000570629729
 -0.004118498394   0.014305855298  -0.009449139926
 -0.016421847763  -0.008159944610   0.001687596867
  0.028727314444   0.019110671202   0.002678798374
  0.000664708789   0.000857966682   0.003461979729
  0.000452807195  -0.000653067948  -0.000238845832
    8    3  0.0000  0.0000  0.0080
 -0.000450603552   0.001101582200  -0.002774344871
  0.000575857710  -0.001284471832  -0.000072001513
  0.001143992996   0.019264882802  -0.001811257777
 -0.000385970182   0.002609430264   0.000411341422
  0.074787746399  -0.050393545134   0.161596581172
 -0.077104459926   0.055751591447   0.154682029161
 -0.002944442612   0.002325641381   0.061892516197
  0.007802429387  -0.006187211572  -0.419142161461
 -0.000813811200  -0.001584748707   0.066576095451
 -0.001053139629  -0.023212641384  -0.001040357031
 -0.006949080975   0.000813969842  -0.017361556987
  0.003162944362   0.003952992087  -0.006507759281
  0.000258145782  -0.000551401805  -0.000466577708
  0.001970391441  -0.002606069590   0.004017453224
    9    1  0.0080  0.0000  0.0000
  0.001064096621   0.042950265829   0.006595096549
 -0.000143396294  -0.000373914900   0.000168995971
 -0.000040968486  -0.002402873510  -0.001386791298
  0.000348865752  -0.002664045913  -0.000483595494
  0.013774210356   0.001608179713   0.000877717744
  0.013381310509   0.001393527885  -0.000493148926
 -0.000307912880   0.010281704744   0.003035911964
  0.102094152362   0.023144325708  -0.000837419073
 -0.618934491576   0.102853104219   0.055083465518
 -0.004080070531   0.000602020831  -0.004148505903
  0.397713478338  -0.178019313145  -0.058449934563
  0.090966015894   0.003645538504  -0.003555432541
  0.002642072447  -0.000455412101   0.001886049997
  0.001522637489  -0.002563107864   0.001707590054
    9    2  0.0000  0.0080  0.0000
  0.007851721787   0.017393390294   0.002723004958
  0.000026151773   0.000303768363  -0.000151907473
  0.000791764568   0.000435832087   0.000818937189
 -0.001178557163   0.004007688477  -0.000215039980
 -0.009407733426  -0.003662590447  -0.000039939041
 -0.010434245591  -0.003872274254   0.000591684412
  0.025055013307   0.014332104204   0.000556724230
  0.026769001816   0.070889391385  -0.001634161004
  0.102643011825  -0.422148564791  -0.051552541153
  0.001880186276   0.004016028110  -0.001373526613
 -0.165535925664   0.179940416635   0.034553809172
  0.022301719189   0.141097283851   0.014110660147
 -0.000741047085  -0.001305992857   0.001097199731
 -0.000021061613  -0.001426481058   0.000515095425
    9    3  0.0000  0.0000  0.0080
  0.000887794305  -0.000297177093  -0.002768133479
  0.000090276646  -0.000091011928  -0.000053370013
  0.000605106043   0.000929465190   0.000059129355
 -0.000224719473   0.000218694292  -0.000271993656
  0.022523351711   0.009117451708  -0.000731228625
 -0.021465732665  -0.009197392670  -0.000817237449
 -0.000235861509   0.000520532407   0.001167072531
  0.000416555810  -0.000540690301   0.066549454291
  0.055004010326  -0.051642577742  -0.173472276290
 -0.001254679323  -0.002226375178  -0.002058836670
 -0.056420423078   0.036187113982   0.064694210421
 -0.000416780553   0.015116532391   0.046336761711
  0.000667394533   0.001050072704   0.000805335425
 -0.000176292773   0.000855362238   0.000561112448
   10    1  0.0080  0.0000  0.0000
  0.000021780992   0.000232667121   0.000022144773
  0.000208891241  -0.014940019528   0.001228808130
 -0.006323505203   0.008108003533  -0.014027424747
  0.008835559077  -0.009056303583   0.024385721596
 -0.000436498982   0.000741766728   0.000065744814
 -0.000210909746  -0.000002671470   0.000667189316
  0.070876832182  -0.007635552294   0.012260049870
  0.001902511687  -0.004133693742  -0.000997992214
 -0.004084437861   0.001837445345  -0.001273038816
 -0.192953336604   0.012072603386  -0.106169459095
  0.001903654886  -0.000823617783   0.001043826971
  0.001197151706   0.000097449936   0.000024294148
  0.068353362105   0.029107953010   0.067898539984
  0.050708944520  -0.015606030659   0.014871595270
   10    2  0.0000  0.0080  0.0000
  0.000114197890   0.000319630942  -0.000064233954
 -0.005355654776   0.017359639897  -0.006377946675
  0.003132462860  -0.003841574116   0.009985787568
  0.003376298100  -0.003637338510   0.008821640961
  0.000598134114   0.004025461854   0.001036844988
 -0.001060545465   0.000453960817  -0.000441251418
 -0.007920577415   0.070874912228  -0.025622165555
 -0.009417567172   0.014325003621  -0.023237814031
  0.000593984507   0.004034816574  -0.002239946046
  0.011953356290  -0.422481934476  -0.114683065539
 -0.000766302056  -0.001295499470   0.001099296709
 -0.000480932607  -0.001401767650   0.000217148452
  0.026324020410   0.180209804950   0.167317073609
 -0.021090874681   0.141054883339  -0.015811369067
   10    3  0.0000  0.0000  0.0080
  0.000102837807   0.000317430462  -0.000228971403
  0.006961017259  -0.040276133287  -0.001878521119
  0.006959534247  -0.004540267480   0.018847380238
  0.002718327607   0.001730804071   0.004188359041
 -0.000200847499   0.002561243707   0.000493587769
 -0.001334611969   0.002570982828   0.000217430463
  0.011012184791  -0.021768385690   0.097790273885
  0.002167209344  -0.009439300282  -0.001015072290
 -0.004144779393  -0.001358901151  -0.002036759089
 -0.106171443998  -0.114873642318  -0.599431230424
  0.002178593017   0.000803374510   0.001553501441
  0.001817124682   0.002699917923   0.000882298994
  0.066157032695   0.179652751843   0.393961716962
  0.011777821410   0.001920124865   0.086656005530
   11    1  0.0080  0.0000  0.0000
  0.002312972897  -0.003977501217  -0.000457303822
  0.000205741635   0.000175109687  -0.000132456202
  0.000399419265   0.001044235261   0.000132994963
 -0.000302553132   0.000183288577  -0.000038595507
  0.002300476651   0.000848199655  -0.000855417065
  0.004501547508   0.002055568850   0.001285625788
 -0.000622073115  -0.003498632110  -0.000762176055
  0.033569377523  -0.016512671659  -0.007002057781
  0.397628116427  -0.165664253294  -0.056528623075
  0.001916783483  -0.000766813905   0.002101462415
 -0.433998939940   0.224808954521   0.071452146535
 -0.005746128261  -0.040344306851  -0.007445496489
 -0.001368689265   0.000348990815  -0.001006630819
 -0.000796051676   0.001299831670  -0.000743472887
   11    2  0.0000  0.0080  0.0000
 -0.004489322472  -0.005316214431  -0.001234445174
 -0.000077493750  -0.000246613126   0.000118275945
  0.000550283689  -0.000976515229  -0.001135954361
  0.000941553825  -0.000632145471  -0.000489601158
  0.002066188663  -0.000078044687   0.000555036823
  0.001893347416  -0.000391891842  -0.000677895530
  0.000892406392   0.000822537658   0.000798171621
 -0.002998832169  -0.008150393916   0.000802352592
 -0.177845202581   0.179728352125   0.036155802791
 -0.000814268481  -0.001326295574   0.000804579754
  0.224566831455  -0.217966227486  -0.050720977553
 -0.045704672239   0.053912913640   0.015769570314
  0.000823790626   0.000525678109  -0.000710172201
  0.000195389627   0.000094860230  -0.000034743862
   11    3  0.0000  0.0000  0.0080
 -0.000623430061  -0.001211977933   0.004123505771
  0.000014153472   0.000142364096  -0.000070103150
 -0.000051019968  -0.000580860110  -0.000189971846
  0.000119888559   0.000104042567  -0.000205955109
 -0.003388835104  -0.001086205159   0.000852125792
  0.002271268060   0.001351671634   0.000255220464
  0.000648168313   0.000615424756   0.000591009030
 -0.003242052802   0.001715928176  -0.017382777265
 -0.058314237371   0.034523523683   0.064728799250
  0.000929900101   0.001098975069   0.001513961429
  0.071417416989  -0.050776511497  -0.036374078247
 -0.008456644074   0.015727360996  -0.017022456876
 -0.001399816706  -0.001014647827  -0.000506421954
  0.000075240591  -0.000609088451  -0.000312857290
   12    1  0.0080  0.0000  0.0000
  0.320191212691   0.065130442419  -0.014765363983
 -0.000008781256   0.000077146875  -0.000056050503
 -0.000069340114   0.000318685859   0.000296006879
 -0.000171485337   0.001736299236  -0.000101891165
 -0.000516189845   0.000774015460   0.000035099745
 -0.000816966189   0.001174303333   0.000552916568
  0.004610576781   0.000053807301  -0.000372275730
  0.003401790193   0.028759683713   0.003164464567
  0.090983209279   0.022308333904  -0.000361416792
  0.001194851717  -0.000465755106   0.001803135972
 -0.005534543474  -0.045799137903  -0.008281026090
 -0.412188085890  -0.074751877539   0.019551488466
 -0.000601446340  -0.000032083110  -0.000880702042
 -0.000474802214   0.000716135557  -0.000584385890
   12    2  0.0000  0.0080  0.0000
  0.099772708460   0.058399586092  -0.000849903338
 -0.000112392649  -0.000170958859   0.000115543167
 -0.000504102031  -0.000549695975  -0.000328065676
  0.000214799837   0.001056918014  -0.000225050915
  0.000773158729   0.001388493927   0.000300058870
  0.000319698488   0.001211248906  -0.000281571299
  0.002727173564  -0.000686779162  -0.000172673410
  0.008065952180   0.019106987294   0.003984777226
  0.003655436677   0.141354590747   0.015274673919
  0.000120671856  -0.001432465739   0.002689853050
 -0.040340297996   0.053943245171   0.015719157909
 -0.074687023997  -0.274572329973  -0.034036954428
  0.000104891128   0.000107485739  -0.001469261395
 -0.000110674246   0.000843673820  -0.000720583680
   12    3  0.0000  0.0000  0.0080
 -0.009335423446   0.002062062575   0.012749013245
 -0.000043033140   0.000001727124   0.000022994934
 -0.000126246000  -0.000150285746  -0.000091406726
  0.000066105194   0.000028996581  -0.000099346897
 -0.001362086250  -0.000726226668  -0.000283705844
  0.001333988862   0.000786679664  -0.000267576114
  0.000128882326  -0.000525983228  -0.000876600202
  0.000766231108   0.002656404808  -0.006522420327
 -0.003541091999   0.014225906799   0.046246687024
 -0.000059324979   0.000196630676   0.000861549179
 -0.007461600190   0.015832761306  -0.017035660103
  0.019565325359  -0.034013017065  -0.033909618663
  0.000004715708  -0.000212544354  -0.000524956485
  0.000063557446  -0.000163112472  -0.000268953021
   13    1  0.0080  0.0000  0.0000
 -0.000062428484  -0.000189620591   0.000169570024
  0.003545727562   0.002556614886  -0.001065815123
  0.001980455806  -0.001980606317   0.003275786738
 -0.000351179534   0.000723362159  -0.002339314186
 -0.000175866983  -0.000152535604   0.000118214371
 -0.000072162354   0.000179232380   0.000170518483
 -0.014388420117   0.004257969064   0.014959908455
  0.000417249693   0.000671581496   0.000291405782
  0.002607924975  -0.000739973136   0.000671464917
  0.068353699825   0.026255209862   0.065957205857
 -0.001375148708   0.000829508422  -0.001367431339
 -0.000586921159   0.000104729774   0.000031214597
 -0.039024259738  -0.032038238730  -0.078188909919
 -0.020868670782  -0.000477233665  -0.002683818657
   13    2  0.0000  0.0080  0.0000
 -0.000100039165  -0.000227962923   0.000150198996
  0.002735773934  -0.005290472984   0.003796323489
 -0.000053054725  -0.000381920988  -0.001965084155
 -0.001265044948  -0.000061708936  -0.001700601822
  0.000105041460  -0.000610582299  -0.001021967136
  0.000849727143  -0.000956385201  -0.000879475581
  0.000292329740  -0.008129967692   0.003163515784
 -0.001080493840   0.000862688805  -0.000534616358
 -0.000468759684  -0.001301310082   0.001087784133
  0.029153059051   0.180136768681   0.179341538219
  0.000359827817   0.000541336173  -0.000983107808
 -0.000052506004   0.000120217877  -0.000155593593
 -0.031829855536  -0.218609106399  -0.228639397057
  0.001353994757   0.053908405966   0.048340482889
   13    3  0.0000  0.0000  0.0080
 -0.000028481595  -0.000122093775   0.000216134805
 -0.000925130936   0.003281788176   0.002905175829
  0.002247654214  -0.001448131473   0.002798160368
  0.000158115879  -0.001183938545   0.003532964545
 -0.000078223524  -0.000144865315  -0.000307716467
  0.000319766953  -0.001191596396   0.000305901693
  0.011156187212   0.016084300361   0.030561759662
 -0.001118301794   0.003480204838  -0.000416052310
  0.001930806010   0.001101733004   0.000845639626
  0.067996130185   0.167452057555   0.393795884444
 -0.000958587049  -0.000706862319  -0.000455470097
 -0.000851949208  -0.001458325053  -0.000503238918
 -0.078089389047  -0.228423102674  -0.431330184669
 -0.001758597300   0.043278831617  -0.001948958511
   14    1  0.0080  0.0000  0.0000
  0.000004706591  -0.000023081548  -0.000032702091
  0.043390456698  -0.024898201442   0.095572998916
  0.000301466363  -0.001152386124   0.000933109940
 -0.000735433721   0.000405035269  -0.001260020623
 -0.000107110987  -0.000633930546   0.000052826782
 -0.000022185704   0.000033003677  -0.000125770652
 -0.003945738198  -0.012712959412   0.003588017500
 -0.000257338668   0.000489156111   0.001974186922
  0.001505294744  -0.000013136396  -0.000155595357
  0.050593872964  -0.021201189370   0.011700387962
 -0.000813911103   0.000205611512   0.000102009187
 -0.000455139730  -0.000096968869   0.000071859129
 -0.020947300013   0.001242146833  -0.001832336015
 -0.068511639237   0.058356900304  -0.110588971599
   14    2  0.0000  0.0080  0.0000
 -0.000066621756  -0.000182944192   0.000144973258
 -0.034466438547   0.058215373481  -0.093294843163
  0.000152115931   0.001197968418  -0.000405903166
 -0.000557442097   0.001373771768  -0.000620119414
  0.000133108385   0.001042120515  -0.000281242686
  0.000485610093  -0.000562581738   0.000357420218
 -0.006597343785   0.019077460788  -0.006130761041
 -0.000805171384  -0.000699601330  -0.002601801480
 -0.002551727787  -0.001448514315   0.000846655021
 -0.015677680017   0.141334623608   0.001999508892
  0.001334857807   0.000089867000  -0.000617318531
  0.000707463442   0.000828783780  -0.000153137841
 -0.000518424639   0.054023341773   0.043293557223
  0.058427694355  -0.274289669557   0.057463012710
   14    3  0.0000  0.0000  0.0080
 -0.000034716082  -0.000075280360   0.000029380215
  0.090190722221  -0.059883897670   0.289577487556
  0.000157192716  -0.000828535045  -0.001370367780
  0.000141915536  -0.000989010799  -0.000043822408
 -0.000101401212  -0.001616517655  -0.000150286323
  0.000302630884  -0.000354989975  -0.000126122033
  0.006017060480  -0.025982733658   0.000889663403
  0.001500545549  -0.000240050656   0.004014205586
  0.001715421464   0.000501945431   0.000578223127
  0.014893497381  -0.015805331399   0.086608574294
 -0.000773504064  -0.000054205574  -0.000293982874
 -0.000566723856  -0.000734802741  -0.000271694590
 -0.002724369957   0.048349822080  -0.001831216451
 -0.110718271060   0.057713588021  -0.377610041722
