           -19.95000             0.00000
           -19.85000             0.00000
           -19.75000             0.00000
           -19.65000             0.00000
           -19.55000             0.00000
           -19.45000             0.00000
           -19.35000             0.00000
           -19.25000             0.00000
           -19.15000             0.00000
           -19.05000             0.00000
           -18.95000             0.00000
           -18.85000             0.00000
           -18.75000             0.00000
           -18.65000             0.00000
           -18.55000             0.00000
           -18.45000             0.00000
           -18.35000             0.00000
           -18.25000             0.00000
           -18.15000             0.00000
           -18.05000             0.00000
           -17.95000             0.00000
           -17.85000             0.00000
           -17.75000             0.00000
           -17.65000             0.00000
           -17.55000             0.00000
           -17.45000             0.00000
           -17.35000             0.00000
           -17.25000             0.00000
           -17.15000             0.00000
           -17.05000             0.00000
           -16.95000             0.00000
           -16.85000             0.00000
           -16.75000             0.00000
           -16.65000             0.00000
           -16.55000             0.00000
           -16.45000             0.00000
           -16.35000             0.00000
           -16.25000             0.00000
           -16.15000             0.00000
           -16.05000             0.00000
           -15.95000             0.00000
           -15.85000             0.00000
           -15.75000             0.00000
           -15.65000             0.00000
           -15.55000             0.00000
           -15.45000             0.00000
           -15.35000             0.00000
           -15.25000             0.00000
           -15.15000             0.00000
           -15.05000             0.00000
           -14.95000             0.00000
           -14.85000             0.00000
           -14.75000             0.00000
           -14.65000             0.00000
           -14.55000             0.00000
           -14.45000             0.00000
           -14.35000             0.00000
           -14.25000             0.00000
           -14.15000             0.00000
           -14.05000             0.00000
           -13.95000             0.00000
           -13.85000             0.00000
           -13.75000             0.00000
           -13.65000             0.00000
           -13.55000             0.00000
           -13.45000             0.00000
           -13.35000             0.00000
           -13.25000             0.00000
           -13.15000             0.00000
           -13.05000             0.00000
           -12.95000             0.00000
           -12.85000             0.00000
           -12.75000             0.00000
           -12.65000             0.00000
           -12.55000             0.00000
           -12.45000             0.00000
           -12.35000             0.00000
           -12.25000             0.00000
           -12.15000             0.00000
           -12.05000             0.00000
           -11.95000             0.00000
           -11.85000             0.00000
           -11.75000             0.00000
           -11.65000             0.00000
           -11.55000             0.00000
           -11.45000             0.00000
           -11.35000             0.00000
           -11.25000             0.00000
           -11.15000             0.00000
           -11.05000             0.00000
           -10.95000             0.00000
           -10.85000             0.00000
           -10.75000             0.00000
           -10.65000             0.00000
           -10.55000             0.00000
           -10.45000             0.00000
           -10.35000             0.00000
           -10.25000             0.00000
           -10.15000             0.00000
           -10.05000             0.00000
            -9.95000             0.00000
            -9.85000             0.00000
            -9.75000             0.00000
            -9.65000             0.00000
            -9.55000             0.00000
            -9.45000             0.00000
            -9.35000             0.00000
            -9.25000             0.00000
            -9.15000             0.00000
            -9.05000             0.00000
            -8.95000             0.00000
            -8.85000             0.00000
            -8.75000             0.00000
            -8.65000             0.00000
            -8.55000             0.00000
            -8.45000             0.00000
            -8.35000             0.00000
            -8.25000             0.00000
            -8.15000             0.00000
            -8.05000             0.00000
            -7.95000             0.00000
            -7.85000             0.00000
            -7.75000             0.00000
            -7.65000             0.00000
            -7.55000             0.00000
            -7.45000             0.00000
            -7.35000             0.00000
            -7.25000             0.00000
            -7.15000             0.00000
            -7.05000             0.00000
            -6.95000             0.00000
            -6.85000             0.00000
            -6.75000             0.00000
            -6.65000             0.00000
            -6.55000             0.00000
            -6.45000             0.00000
            -6.35000             0.00000
            -6.25000             0.00000
            -6.15000             0.00000
            -6.05000             0.00000
            -5.95000             0.00000
            -5.85000             0.00000
            -5.75000             0.00000
            -5.65000             0.00000
            -5.55000             0.00000
            -5.45000             0.00000
            -5.35000             0.00000
            -5.25000             0.00000
            -5.15000             0.00000
            -5.05000             0.00000
            -4.95000             0.00000
            -4.85000             0.00000
            -4.75000             0.00000
            -4.65000             0.00000
            -4.55000             0.00000
            -4.45000             0.00000
            -4.35000             0.00000
            -4.25000             0.00000
            -4.15000             0.00000
            -4.05000             0.00000
            -3.95000             0.00000
            -3.85000             0.00000
            -3.75000             0.00000
            -3.65000             0.00000
            -3.55000             0.00000
            -3.45000             0.00000
            -3.35000             0.00000
            -3.25000             0.00000
            -3.15000             0.00000
            -3.05000             0.00000
            -2.95000             0.00000
            -2.85000             0.00000
            -2.75000             0.00000
            -2.65000             0.00000
            -2.55000             0.00000
            -2.45000             0.00000
            -2.35000             0.00000
            -2.25000             0.00000
            -2.15000             0.00000
            -2.05000             0.00000
            -1.95000             0.00000
            -1.85000             0.00000
            -1.75000             0.00000
            -1.65000             0.00000
            -1.55000             0.00000
            -1.45000             0.00000
            -1.35000             0.00000
            -1.25000             0.00000
            -1.15000             0.00000
            -1.05000             0.00000
            -0.95000             0.00000
            -0.85000             0.00000
            -0.75000             0.00000
            -0.65000             0.00000
            -0.55000             0.00000
            -0.45000             0.00074
            -0.35000             0.00138
            -0.25000             0.00074
            -0.15000             0.00032
            -0.05000             0.00053
             0.05000             0.00042
             0.15000             0.00116
             0.25000             0.00222
             0.35000             0.00180
             0.45000             0.00360
             0.55000             0.00444
             0.65000             0.00582
             0.75000             0.00857
             0.85000             0.00857
             0.95000             0.01238
             1.05000             0.01683
             1.15000             0.02370
             1.25000             0.03175
             1.35000             0.03735
             1.45000             0.05418
             1.55000             0.07556
             1.65000             0.10042
             1.75000             0.11778
             1.85000             0.13090
             1.95000             0.14550
             2.05000             0.13820
             2.15000             0.09852
             2.25000             0.08349
             2.35000             0.08444
             2.45000             0.10571
             2.55000             0.13354
             2.65000             0.11238
             2.75000             0.03873
             2.85000             0.08138
             2.95000             0.13058
             3.05000             0.22667
             3.15000             0.12688
             3.25000             0.05016
             3.35000             0.04159
             3.45000             0.04032
             3.55000             0.05513
             3.65000             0.05725
             3.75000             0.02571
             3.85000             0.03238
             3.95000             0.04127
             4.05000             0.04646
             4.15000             0.05989
             4.25000             0.08794
             4.35000             0.11069
             4.45000             0.05683
             4.55000             0.03048
             4.65000             0.06106
             4.75000             0.10698
             4.85000             0.07619
             4.95000             0.11228
             5.05000             0.10995
             5.15000             0.11947
             5.25000             0.03693
             5.35000             0.03111
             5.45000             0.02603
             5.55000             0.02709
             5.65000             0.06487
             5.75000             0.09672
             5.85000             0.14868
             5.95000             0.18116
             6.05000             0.11810
             6.15000             0.07862
             6.25000             0.00720
             6.35000             0.00000
             6.45000             0.00000
             6.55000             0.00000
             6.65000             0.00000
             6.75000             0.00000
             6.85000             0.00000
             6.95000             0.00000
             7.05000             0.00000
             7.15000             0.00000
             7.25000             0.00000
             7.35000             0.00000
             7.45000             0.00000
             7.55000             0.00000
             7.65000             0.00000
             7.75000             0.00000
             7.85000             0.00000
             7.95000             0.00000
             8.05000             0.00000
             8.15000             0.00000
             8.25000             0.00000
             8.35000             0.00000
             8.45000             0.00000
             8.55000             0.00000
             8.65000             0.00000
             8.75000             0.00000
             8.85000             0.00011
             8.95000             0.00116
             9.05000             0.00243
             9.15000             0.00286
             9.25000             0.00307
             9.35000             0.00423
             9.45000             0.00434
             9.55000             0.00561
             9.65000             0.00593
             9.75000             0.00783
             9.85000             0.00772
             9.95000             0.00868
            10.05000             0.00804
            10.15000             0.00868
            10.25000             0.00974
            10.35000             0.00868
            10.45000             0.00921
            10.55000             0.01037
            10.65000             0.00931
            10.75000             0.01069
            10.85000             0.01164
            10.95000             0.01058
            11.05000             0.01206
            11.15000             0.01206
            11.25000             0.01217
            11.35000             0.01418
            11.45000             0.01259
            11.55000             0.01534
            11.65000             0.01513
            11.75000             0.01704
            11.85000             0.01672
            11.95000             0.01862
            12.05000             0.02106
            12.15000             0.02243
            12.25000             0.02571
            12.35000             0.02730
            12.45000             0.03714
            12.55000             0.03968
            12.65000             0.03005
            12.75000             0.03397
            12.85000             0.02423
            12.95000             0.02688
            13.05000             0.02646
            13.15000             0.02508
            13.25000             0.02529
            13.35000             0.01989
            13.45000             0.01693
            13.55000             0.01481
            13.65000             0.01280
            13.75000             0.01217
            13.85000             0.01175
            13.95000             0.01175
            14.05000             0.01249
            14.15000             0.01196
            14.25000             0.01386
            14.35000             0.01302
            14.45000             0.01577
            14.55000             0.01492
            14.65000             0.01672
            14.75000             0.01587
            14.85000             0.02148
            14.95000             0.02286
            15.05000             0.02571
            15.15000             0.03175
            15.25000             0.03651
            15.35000             0.04857
            15.45000             0.04772
            15.55000             0.06635
            15.65000             0.06878
            15.75000             0.05778
            15.85000             0.05122
            15.95000             0.04783
            16.05000             0.05725
            16.15000             0.07016
            16.25000             0.07302
            16.35000             0.09534
            16.45000             0.11048
            16.55000             0.11354
            16.65000             0.09397
            16.75000             0.06116
            16.85000             0.04836
            16.95000             0.02169
            17.05000             0.05524
            17.15000             0.18138
            17.25000             0.18032
            17.35000             0.17534
            17.45000             0.15608
            17.55000             0.07862
            17.65000             0.06360
            17.75000             0.04825
            17.85000             0.04624
            17.95000             0.04667
            18.05000             0.05206
            18.15000             0.06974
            18.25000             0.06984
            18.35000             0.05333
            18.45000             0.03545
            18.55000             0.02878
            18.65000             0.02180
            18.75000             0.01746
            18.85000             0.01450
            18.95000             0.01206
            19.05000             0.00889
            19.15000             0.00635
            19.25000             0.00106
            19.35000             0.00000
            19.45000             0.00000
            19.55000             0.00000
            19.65000             0.00000
            19.75000             0.00000
            19.85000             0.00000
            19.95000             0.00000
            20.05000             0.00000
            20.15000             0.00000
            20.25000             0.00000
            20.35000             0.00000
            20.45000             0.00000
            20.55000             0.00000
            20.65000             0.00000
            20.75000             0.00000
            20.85000             0.00000
            20.95000             0.00000
            21.05000             0.00000
            21.15000             0.00000
            21.25000             0.00000
            21.35000             0.01101
            21.45000             0.08593
            21.55000             0.18730
            21.65000             0.28254
            21.75000             0.10857
            21.85000             0.03894
            21.95000             0.00000
            22.05000             0.00000
            22.15000             0.00000
            22.25000             0.00000
            22.35000             0.00000
            22.45000             0.00000
            22.55000             0.00000
            22.65000             0.10370
            22.75000             0.18201
            22.85000             0.29915
            22.95000             0.12942
            23.05000             0.00000
            23.15000             0.00000
            23.25000             0.00000
            23.35000             0.00000
            23.45000             0.00000
            23.55000             0.00000
            23.65000             0.00000
            23.75000             0.00000
            23.85000             0.00000
            23.95000             0.00000
            24.05000             0.00000
            24.15000             0.00000
            24.25000             0.00000
            24.35000             0.00000
            24.45000             0.00000
            24.55000             0.00000
            24.65000             0.00000
            24.75000             0.00000
            24.85000             0.00000
            24.95000             0.00000
            25.05000             0.00000
            25.15000             0.00000
            25.25000             0.00000
            25.35000             0.00000
            25.45000             0.00000
            25.55000             0.00000
            25.65000             0.00000
            25.75000             0.00000
            25.85000             0.00000
            25.95000             0.00000
            26.05000             0.00000
            26.15000             0.00000
            26.25000             0.00000
            26.35000             0.00000
            26.45000             0.00000
            26.55000             0.00000
            26.65000             0.00000
            26.75000             0.00000
            26.85000             0.00000
            26.95000             0.00000
            27.05000             0.00000
            27.15000             0.00000
            27.25000             0.00000
            27.35000             0.00000
            27.45000             0.00000
            27.55000             0.00000
            27.65000             0.00000
            27.75000             0.00000
            27.85000             0.00000
            27.95000             0.00000
            28.05000             0.00000
            28.15000             0.00000
            28.25000             0.00000
            28.35000             0.00000
            28.45000             0.00000
            28.55000             0.00000
            28.65000             0.00000
            28.75000             0.00000
            28.85000             0.00000
            28.95000             0.00000
            29.05000             0.00000
            29.15000             0.01206
            29.25000             0.04931
            29.35000             0.14127
            29.45000             0.31672
            29.55000             0.19492
            29.65000             0.00000
            29.75000             0.00000
            29.85000             0.00000
            29.95000             0.00000
