#  T(K)     E(eV/cell)    F(eV/cell)    Fc(eV/cell)   S(kB/cell)    Cv(kB/cell)
   10.00    3.46960251    3.46956465    0.18771657    0.04393095    0.12693062
   20.00    3.47005581    3.46941661    0.31810361    0.37087795    1.08423523
   30.00    3.47162009    3.46881132    0.42685198    1.08647398    2.57353285
   40.00    3.47448787    3.46747825    0.52154816    2.03356941    4.06315762
   50.00    3.47857617    3.46527656    0.60579524    3.08669114    5.39356472
   60.00    3.48372679    3.46214910    0.68171537    4.17328688    6.52802052
   70.00    3.48977502    3.45808607    0.75071081    5.25332559    7.48203314
   80.00    3.49658107    3.45310287    0.81377820    6.30675607    8.29395269
   90.00    3.50404076    3.44722654    0.87166273    7.32552933    9.00571448
  100.00    3.51208380    3.44048785    0.92494282    8.30831366    9.65304994
  110.00    3.52066674    3.43291711    0.97408053    9.25714488   10.26238801
  120.00    3.52976498    3.42454215    1.01945355   10.17544060   10.85128802
  130.00    3.53936588    3.41538767    1.06137635   11.06691203   11.43025368
  140.00    3.54946352    3.40547528    1.10011490   11.93502792   12.00476844
  150.00    3.56005520    3.39482377    1.13589703   12.78279654   12.57704664
  160.00    3.57113921    3.38344955    1.16892016   13.61271800   13.14735512
  170.00    3.58271358    3.37136710    1.19935693   14.42681868   13.71492694
  180.00    3.59477544    3.35858933    1.22735969   15.22671853   14.27854907
  190.00    3.60732082    3.34512790    1.25306379   16.01370513   14.83691341
  200.00    3.62034466    3.33099349    1.27659033   16.78880255   15.38880739
  210.00    3.63384093    3.31619597    1.29804828   17.55282986   15.93320208
  220.00    3.64780278    3.30074458    1.31753622   18.30644871   16.46927874
  230.00    3.66222278    3.28464805    1.33514377   19.05020060   16.99642113
  240.00    3.67709303    3.26791470    1.35095273   19.78453546   17.51419105
  250.00    3.69240531    3.25055245    1.36503808   20.50983331   18.02229785
  260.00    3.70815122    3.23256897    1.37746881   21.22642040   18.52056783
  270.00    3.72432224    3.21397162    1.38830859   21.93458122   19.00891663
  280.00    3.74090980    3.19476757    1.39761637   22.63456742   19.48732611
  290.00    3.75790535    3.17496375    1.40544689   23.32660438   19.95582584
  300.00    3.77530038    3.15456692    1.41185111   24.01089614   20.41447891
