 10.          1.62300604 
 20.          1.62310445 
 30.         1.6234458 
 40.          1.62397265 
 50.          1.62460997 
 60.          1.62531517 
 70.          1.62606861 
 80.          1.62686539 
 90.         1.6277102 
 100.           1.62861354 
 110.           1.62958884 
 120.           1.63065034 
 130.           1.63181171 
 140.           1.63308529 
 150.           1.63448172 
 160.           1.63600997 
 170.           1.63767742 
 180.           1.63949005 
 190.           1.64145268 
 200.           1.64356916 
 210.           1.64584255 
 220.           1.64827524 
 230.           1.65086912 
 240.           1.65362557 
 250.           1.65654562 
 260.           1.65962993 
 270.           1.66287883 
 280.           1.66629239 
 290.          1.6698704 
 300.           1.67361238 
